    0.1000000000E+01    0.1776223137E-01    0.6909103676E+00
    0.3000000000E+01    0.4257376791E-01    0.6909103676E+00
    0.1000000000E+02    0.1127080868E+00    0.6909103676E+00
    0.3000000000E+02    0.2891219707E+00    0.6909103676E+00
    0.1000000000E+03    0.5134503477E+00    0.6909103676E+00
    0.3000000000E+03    0.6238609128E+00    0.6909103676E+00
    0.1000000000E+04    0.6743907547E+00    0.6909103676E+00
    0.3000000000E+04    0.6903667514E+00    0.6909103676E+00
    0.1000000000E+05    0.6961386695E+00    0.6909103676E+00
    0.3000000000E+05    0.6978055584E+00    0.6909103676E+00
    0.1000000000E+06    0.6983908571E+00    0.6909103676E+00
    0.3000000000E+06    0.6985582656E+00    0.6909103676E+00
    0.1000000000E+07    0.6986168776E+00    0.6909103676E+00
    0.3000000000E+07    0.6986336257E+00    0.6909103676E+00
    0.1000000000E+08    0.6986394877E+00    0.6909103676E+00
    0.3000000000E+08    0.6986411626E+00    0.6909103676E+00
    0.1000000000E+09    0.6986417488E+00    0.6909103676E+00
