    0.1000000000E+01    0.9111902221E-04    0.3454939937E-04
    0.3000000000E+01    0.2732792374E-03    0.1036146107E-03
    0.1000000000E+02    0.9100240948E-03    0.3449907535E-03
    0.3000000000E+02    0.2722334146E-02    0.1031633039E-02
    0.1000000000E+03    0.8985453280E-02    0.3400379122E-02
    0.3000000000E+03    0.2622510177E-01    0.9885766007E-02
    0.1000000000E+04    0.7994643317E-01    0.2973556900E-01
    0.3000000000E+04    0.1944559883E+00    0.6975815698E-01
    0.1000000000E+05    0.4091869993E+00    0.1319662840E+00
    0.3000000000E+05    0.6709377488E+00    0.1773768709E+00
    0.1000000000E+06    0.1011137114E+01    0.2022326667E+00
    0.3000000000E+06    0.1273020217E+01    0.2109613299E+00
    0.1000000000E+07    0.1425235258E+01    0.2140780056E+00
    0.3000000000E+07    0.1479325437E+01    0.2147425558E+00
    0.1000000000E+08    0.1499927850E+01    0.2147226136E+00
    0.3000000000E+08    0.1506187211E+01    0.2145155299E+00
    0.1000000000E+09    0.1508605287E+01    0.2142573309E+00
