# pressure,temperature,f1,f2,molkg1,molkg2
1.000000000000000000e+00,5.000000000000000000e+02,6.999999999999999556e-01,2.000000000000000111e-01,9.842409467999999691e-05,2.292638051000000108e-05
3.000000000000000000e+00,5.000000000000000000e+02,6.999999999999999556e-01,2.000000000000000111e-01,2.951779373000000214e-04,6.876372289999999824e-05
5.000000000000000000e+00,5.000000000000000000e+02,6.999999999999999556e-01,2.000000000000000111e-01,4.918060864999999936e-04,1.145805292000000010e-04
7.000000000000000000e+00,5.000000000000000000e+02,6.999999999999999556e-01,2.000000000000000111e-01,6.883086651000000283e-04,1.603768257999999935e-04
9.000000000000000000e+00,5.000000000000000000e+02,6.999999999999999556e-01,2.000000000000000111e-01,8.846857955000000375e-04,2.061526391000000004e-04
1.100000000000000000e+01,5.000000000000000000e+02,6.999999999999999556e-01,2.000000000000000111e-01,1.080937599999999901e-03,2.519079956000000106e-04
1.300000000000000000e+01,5.000000000000000000e+02,6.999999999999999556e-01,2.000000000000000111e-01,1.277064200999999911e-03,2.976429214000000066e-04
1.500000000000000000e+01,5.000000000000000000e+02,6.999999999999999556e-01,2.000000000000000111e-01,1.473065719999999907e-03,3.433574429999999909e-04
1.700000000000000000e+01,5.000000000000000000e+02,6.999999999999999556e-01,2.000000000000000111e-01,1.668942279000000051e-03,3.890515864000000223e-04
1.900000000000000000e+01,5.000000000000000000e+02,6.999999999999999556e-01,2.000000000000000111e-01,1.864694000000000074e-03,4.347253778999999848e-04
2.100000000000000000e+01,5.000000000000000000e+02,6.999999999999999556e-01,2.000000000000000111e-01,2.060321003999999925e-03,4.803788437000000014e-04
2.300000000000000000e+01,5.000000000000000000e+02,6.999999999999999556e-01,2.000000000000000111e-01,2.255823412000000205e-03,5.260120098999999461e-04
2.500000000000000000e+01,5.000000000000000000e+02,6.999999999999999556e-01,2.000000000000000111e-01,2.451201346999999989e-03,5.716249023999999540e-04
2.700000000000000000e+01,5.000000000000000000e+02,6.999999999999999556e-01,2.000000000000000111e-01,2.646454928000000102e-03,6.172175473999999855e-04
2.900000000000000000e+01,5.000000000000000000e+02,6.999999999999999556e-01,2.000000000000000111e-01,2.841584277000000058e-03,6.627899707999999586e-04
3.100000000000000000e+01,5.000000000000000000e+02,6.999999999999999556e-01,2.000000000000000111e-01,3.036589513999999809e-03,7.083421985000000086e-04
3.300000000000000000e+01,5.000000000000000000e+02,6.999999999999999556e-01,2.000000000000000111e-01,3.231470760000000175e-03,7.538742565000000314e-04
3.500000000000000000e+01,5.000000000000000000e+02,6.999999999999999556e-01,2.000000000000000111e-01,3.426228134999999807e-03,7.993861705999999673e-04
3.700000000000000000e+01,5.000000000000000000e+02,6.999999999999999556e-01,2.000000000000000111e-01,3.620861758999999961e-03,8.448779664999999956e-04
3.900000000000000000e+01,5.000000000000000000e+02,6.999999999999999556e-01,2.000000000000000111e-01,3.815371753000000154e-03,8.903496702000000124e-04
4.100000000000000000e+01,5.000000000000000000e+02,6.999999999999999556e-01,2.000000000000000111e-01,4.009758236000000343e-03,9.358013073000000020e-04
4.300000000000000000e+01,5.000000000000000000e+02,6.999999999999999556e-01,2.000000000000000111e-01,4.204021328000000050e-03,9.812329034000000574e-04
4.500000000000000000e+01,5.000000000000000000e+02,6.999999999999999556e-01,2.000000000000000111e-01,4.398161149000000096e-03,1.026644483999999968e-03
4.700000000000000000e+01,5.000000000000000000e+02,6.999999999999999556e-01,2.000000000000000111e-01,4.592177817000000009e-03,1.072036076000000083e-03
4.900000000000000000e+01,5.000000000000000000e+02,6.999999999999999556e-01,2.000000000000000111e-01,4.786071452999999740e-03,1.117407702999999959e-03
5.100000000000000000e+01,5.000000000000000000e+02,6.999999999999999556e-01,2.000000000000000111e-01,4.979842174999999684e-03,1.162759390999999927e-03
5.300000000000000000e+01,5.000000000000000000e+02,6.999999999999999556e-01,2.000000000000000111e-01,5.173490101999999799e-03,1.208091167000000096e-03
5.500000000000000000e+01,5.000000000000000000e+02,6.999999999999999556e-01,2.000000000000000111e-01,5.367015353999999606e-03,1.253403054999999936e-03
5.700000000000000000e+01,5.000000000000000000e+02,6.999999999999999556e-01,2.000000000000000111e-01,5.560418047000000377e-03,1.298695079999999998e-03
5.900000000000000000e+01,5.000000000000000000e+02,6.999999999999999556e-01,2.000000000000000111e-01,5.753698302000000327e-03,1.343967268999999957e-03
6.100000000000000000e+01,5.000000000000000000e+02,6.999999999999999556e-01,2.000000000000000111e-01,5.946856236000000288e-03,1.389219645999999935e-03
6.300000000000000000e+01,5.000000000000000000e+02,6.999999999999999556e-01,2.000000000000000111e-01,6.139891966999999791e-03,1.434452237000000043e-03
6.500000000000000000e+01,5.000000000000000000e+02,6.999999999999999556e-01,2.000000000000000111e-01,6.332805613999999660e-03,1.479665066999999966e-03
6.700000000000000000e+01,5.000000000000000000e+02,6.999999999999999556e-01,2.000000000000000111e-01,6.525597293999999861e-03,1.524858161000000037e-03
6.900000000000000000e+01,5.000000000000000000e+02,6.999999999999999556e-01,2.000000000000000111e-01,6.718267124000000361e-03,1.570031544999999935e-03
7.100000000000000000e+01,5.000000000000000000e+02,6.999999999999999556e-01,2.000000000000000111e-01,6.910815223000000250e-03,1.615185242000000002e-03
7.300000000000000000e+01,5.000000000000000000e+02,6.999999999999999556e-01,2.000000000000000111e-01,7.103241708000000362e-03,1.660319279999999910e-03
7.500000000000000000e+01,5.000000000000000000e+02,6.999999999999999556e-01,2.000000000000000111e-01,7.295546695999999796e-03,1.705433681000000003e-03
7.700000000000000000e+01,5.000000000000000000e+02,6.999999999999999556e-01,2.000000000000000111e-01,7.487730302999999824e-03,1.750528472999999955e-03
7.900000000000000000e+01,5.000000000000000000e+02,6.999999999999999556e-01,2.000000000000000111e-01,7.679792646999999972e-03,1.795603679000000105e-03
8.100000000000000000e+01,5.000000000000000000e+02,6.999999999999999556e-01,2.000000000000000111e-01,7.871733844999999341e-03,1.840659323999999921e-03
8.300000000000000000e+01,5.000000000000000000e+02,6.999999999999999556e-01,2.000000000000000111e-01,8.063554012000000507e-03,1.885695433999999950e-03
8.500000000000000000e+01,5.000000000000000000e+02,6.999999999999999556e-01,2.000000000000000111e-01,8.255253267000000825e-03,1.930712033000000095e-03
8.700000000000000000e+01,5.000000000000000000e+02,6.999999999999999556e-01,2.000000000000000111e-01,8.446831723000000278e-03,1.975709144999999826e-03
8.900000000000000000e+01,5.000000000000000000e+02,6.999999999999999556e-01,2.000000000000000111e-01,8.638289498999999691e-03,2.020686797000000121e-03
9.100000000000000000e+01,5.000000000000000000e+02,6.999999999999999556e-01,2.000000000000000111e-01,8.829626708999999476e-03,2.065645012000000020e-03
9.300000000000000000e+01,5.000000000000000000e+02,6.999999999999999556e-01,2.000000000000000111e-01,9.020843469999999600e-03,2.110583814999999856e-03
9.500000000000000000e+01,5.000000000000000000e+02,6.999999999999999556e-01,2.000000000000000111e-01,9.211939896999999169e-03,2.155503229999999968e-03
9.700000000000000000e+01,5.000000000000000000e+02,6.999999999999999556e-01,2.000000000000000111e-01,9.402916105999999455e-03,2.200403282999999818e-03
9.900000000000000000e+01,5.000000000000000000e+02,6.999999999999999556e-01,2.000000000000000111e-01,9.593772210999999134e-03,2.245283998000000177e-03
1.000000000000000000e+01,5.000000000000000000e+02,6.999999999999999556e-01,2.000000000000000111e-01,9.828273558000000590e-04,2.290328727999999968e-04
3.000000000000000000e+01,5.000000000000000000e+02,6.999999999999999556e-01,2.000000000000000111e-01,2.939102401999999989e-03,6.855686074999999642e-04
5.000000000000000000e+01,5.000000000000000000e+02,6.999999999999999556e-01,2.000000000000000111e-01,4.882972170999999931e-03,1.140086038000000072e-03
7.000000000000000000e+01,5.000000000000000000e+02,6.999999999999999556e-01,2.000000000000000111e-01,6.814556383000000030e-03,1.592610853000000007e-03
9.000000000000000000e+01,5.000000000000000000e+02,6.999999999999999556e-01,2.000000000000000111e-01,8.733973166999999677e-03,2.043168332000000129e-03
1.100000000000000000e+02,5.000000000000000000e+02,6.999999999999999556e-01,2.000000000000000111e-01,1.064133909000000017e-02,2.491783356999999893e-03
1.300000000000000000e+02,5.000000000000000000e+02,6.999999999999999556e-01,2.000000000000000111e-01,1.253676918000000071e-02,2.938480412999999909e-03
1.500000000000000000e+02,5.000000000000000000e+02,6.999999999999999556e-01,2.000000000000000111e-01,1.442037696000000001e-02,3.383283604000000139e-03
1.700000000000000000e+02,5.000000000000000000e+02,6.999999999999999556e-01,2.000000000000000111e-01,1.629227446999999968e-02,3.826216652999999898e-03
1.900000000000000000e+02,5.000000000000000000e+02,6.999999999999999556e-01,2.000000000000000111e-01,1.815257227000000029e-02,4.267302914999999974e-03
2.100000000000000000e+02,5.000000000000000000e+02,6.999999999999999556e-01,2.000000000000000111e-01,2.000137952000000108e-02,4.706565379999999577e-03
2.300000000000000000e+02,5.000000000000000000e+02,6.999999999999999556e-01,2.000000000000000111e-01,2.183880393000000100e-02,5.144026680999999775e-03
2.500000000000000000e+02,5.000000000000000000e+02,6.999999999999999556e-01,2.000000000000000111e-01,2.366495185999999834e-02,5.579709101999999997e-03
2.700000000000000000e+02,5.000000000000000000e+02,6.999999999999999556e-01,2.000000000000000111e-01,2.547992827000000043e-02,6.013634583000000179e-03
2.900000000000000000e+02,5.000000000000000000e+02,6.999999999999999556e-01,2.000000000000000111e-01,2.728383682000000074e-02,6.445824729999999857e-03
3.100000000000000000e+02,5.000000000000000000e+02,6.999999999999999556e-01,2.000000000000000111e-01,2.907677981000000161e-02,6.876300814000000337e-03
3.300000000000000000e+02,5.000000000000000000e+02,6.999999999999999556e-01,2.000000000000000111e-01,3.085885824999999930e-02,7.305083783999999879e-03
3.500000000000000000e+02,5.000000000000000000e+02,6.999999999999999556e-01,2.000000000000000111e-01,3.263017189999999762e-02,7.732194272000000174e-03
3.700000000000000000e+02,5.000000000000000000e+02,6.999999999999999556e-01,2.000000000000000111e-01,3.439081924000000207e-02,8.157652593999999840e-03
3.900000000000000000e+02,5.000000000000000000e+02,6.999999999999999556e-01,2.000000000000000111e-01,3.614089751999999961e-02,8.581478763000000010e-03
4.100000000000000000e+02,5.000000000000000000e+02,6.999999999999999556e-01,2.000000000000000111e-01,3.788050276999999771e-02,9.003692489000000854e-03
4.300000000000000000e+02,5.000000000000000000e+02,6.999999999999999556e-01,2.000000000000000111e-01,3.960972983000000253e-02,9.424313184999999829e-03
4.500000000000000000e+02,5.000000000000000000e+02,6.999999999999999556e-01,2.000000000000000111e-01,4.132867235999999889e-02,9.843359977999999871e-03
4.700000000000000000e+02,5.000000000000000000e+02,6.999999999999999556e-01,2.000000000000000111e-01,4.303742286000000056e-02,1.026085170999999942e-02
4.900000000000000000e+02,5.000000000000000000e+02,6.999999999999999556e-01,2.000000000000000111e-01,4.473607269999999719e-02,1.067680692999999938e-02
5.100000000000000000e+02,5.000000000000000000e+02,6.999999999999999556e-01,2.000000000000000111e-01,4.642471212999999680e-02,1.109124392999999952e-02
5.300000000000000000e+02,5.000000000000000000e+02,6.999999999999999556e-01,2.000000000000000111e-01,4.810343026000000327e-02,1.150418073000000069e-02
5.500000000000000000e+02,5.000000000000000000e+02,6.999999999999999556e-01,2.000000000000000111e-01,4.977231516999999772e-02,1.191563508000000049e-02
5.700000000000000000e+02,5.000000000000000000e+02,6.999999999999999556e-01,2.000000000000000111e-01,5.143145383000000126e-02,1.232562446000000020e-02
5.900000000000000000e+02,5.000000000000000000e+02,6.999999999999999556e-01,2.000000000000000111e-01,5.308093216999999753e-02,1.273416611999999941e-02
6.100000000000000000e+02,5.000000000000000000e+02,6.999999999999999556e-01,2.000000000000000111e-01,5.472083508000000207e-02,1.314127703000000057e-02
6.300000000000000000e+02,5.000000000000000000e+02,6.999999999999999556e-01,2.000000000000000111e-01,5.635124643000000155e-02,1.354697394000000006e-02
6.500000000000000000e+02,5.000000000000000000e+02,6.999999999999999556e-01,2.000000000000000111e-01,5.797224909999999787e-02,1.395127334000000052e-02
6.700000000000000000e+02,5.000000000000000000e+02,6.999999999999999556e-01,2.000000000000000111e-01,5.958392495999999955e-02,1.435419148000000034e-02
6.900000000000000000e+02,5.000000000000000000e+02,6.999999999999999556e-01,2.000000000000000111e-01,6.118635491999999815e-02,1.475574439000000050e-02
7.100000000000000000e+02,5.000000000000000000e+02,6.999999999999999556e-01,2.000000000000000111e-01,6.277961893000000293e-02,1.515594785999999951e-02
7.300000000000000000e+02,5.000000000000000000e+02,6.999999999999999556e-01,2.000000000000000111e-01,6.436379597999999924e-02,1.555481746999999929e-02
7.500000000000000000e+02,5.000000000000000000e+02,6.999999999999999556e-01,2.000000000000000111e-01,6.593896416000000205e-02,1.595236854999999843e-02
7.700000000000000000e+02,5.000000000000000000e+02,6.999999999999999556e-01,2.000000000000000111e-01,6.750520060999999628e-02,1.634861624999999971e-02
7.900000000000000000e+02,5.000000000000000000e+02,6.999999999999999556e-01,2.000000000000000111e-01,6.906258159000000507e-02,1.674357546000000002e-02
8.100000000000000000e+02,5.000000000000000000e+02,6.999999999999999556e-01,2.000000000000000111e-01,7.061118246000000487e-02,1.713726088999999869e-02
8.300000000000000000e+02,5.000000000000000000e+02,6.999999999999999556e-01,2.000000000000000111e-01,7.215107771999999808e-02,1.752968704999999933e-02
8.500000000000000000e+02,5.000000000000000000e+02,6.999999999999999556e-01,2.000000000000000111e-01,7.368234099999999842e-02,1.792086822000000038e-02
8.700000000000000000e+02,5.000000000000000000e+02,6.999999999999999556e-01,2.000000000000000111e-01,7.520504506000000311e-02,1.831081848999999845e-02
8.900000000000000000e+02,5.000000000000000000e+02,6.999999999999999556e-01,2.000000000000000111e-01,7.671926186999999953e-02,1.869955176999999955e-02
9.100000000000000000e+02,5.000000000000000000e+02,6.999999999999999556e-01,2.000000000000000111e-01,7.822506251999999938e-02,1.908708175999999923e-02
9.300000000000000000e+02,5.000000000000000000e+02,6.999999999999999556e-01,2.000000000000000111e-01,7.972251733999999312e-02,1.947342197000000164e-02
9.500000000000000000e+02,5.000000000000000000e+02,6.999999999999999556e-01,2.000000000000000111e-01,8.121169581999999887e-02,1.985858571999999864e-02
9.700000000000000000e+02,5.000000000000000000e+02,6.999999999999999556e-01,2.000000000000000111e-01,8.269266666999999793e-02,2.024258617000000010e-02
9.900000000000000000e+02,5.000000000000000000e+02,6.999999999999999556e-01,2.000000000000000111e-01,8.416549785000000672e-02,2.062543626000000116e-02
1.000000000000000000e+02,5.000000000000000000e+02,6.999999999999999556e-01,2.000000000000000111e-01,9.689155261999999463e-03,2.267717111999999809e-03
3.000000000000000000e+02,5.000000000000000000e+02,6.999999999999999556e-01,2.000000000000000111e-01,2.818167266000000046e-02,6.661275712999999675e-03
5.000000000000000000e+02,5.000000000000000000e+02,6.999999999999999556e-01,2.000000000000000111e-01,4.558163811999999676e-02,1.088421407999999937e-02
7.000000000000000000e+02,5.000000000000000000e+02,6.999999999999999556e-01,2.000000000000000111e-01,6.198412771000000321e-02,1.495601382999999993e-02
9.000000000000000000e+02,5.000000000000000000e+02,6.999999999999999556e-01,2.000000000000000111e-01,7.747320979999999802e-02,1.889346633000000067e-02
1.100000000000000000e+03,5.000000000000000000e+02,6.999999999999999556e-01,2.000000000000000111e-01,9.212353675999999936e-02,2.271111196999999957e-02
1.300000000000000000e+03,5.000000000000000000e+02,6.999999999999999556e-01,2.000000000000000111e-01,1.060016619000000021e-01,2.642159645999999848e-02
1.500000000000000000e+03,5.000000000000000000e+02,6.999999999999999556e-01,2.000000000000000111e-01,1.191671361999999956e-01,3.003596160999999834e-02
1.700000000000000000e+03,5.000000000000000000e+02,6.999999999999999556e-01,2.000000000000000111e-01,1.316734283000000061e-01,3.356388423000000037e-02
1.900000000000000000e+03,5.000000000000000000e+02,6.999999999999999556e-01,2.000000000000000111e-01,1.435686989000000136e-01,3.701387351000000325e-02
2.100000000000000000e+03,5.000000000000000000e+02,6.999999999999999556e-01,2.000000000000000111e-01,1.548964586000000088e-01,4.039343498999999754e-02
2.300000000000000000e+03,5.000000000000000000e+02,6.999999999999999556e-01,2.000000000000000111e-01,1.656961275000000122e-01,4.370920755999999768e-02
2.500000000000000000e+03,5.000000000000000000e+02,6.999999999999999556e-01,2.000000000000000111e-01,1.760035145999999939e-01,4.696707843999999715e-02
2.700000000000000000e+03,5.000000000000000000e+02,6.999999999999999556e-01,2.000000000000000111e-01,1.858512304000000115e-01,5.017228023999999870e-02
2.900000000000000000e+03,5.000000000000000000e+02,6.999999999999999556e-01,2.000000000000000111e-01,1.952690424999999896e-01,5.332947317000000242e-02
3.100000000000000000e+03,5.000000000000000000e+02,6.999999999999999556e-01,2.000000000000000111e-01,2.042841844999999934e-01,5.644281504999999755e-02
3.300000000000000000e+03,5.000000000000000000e+02,6.999999999999999556e-01,2.000000000000000111e-01,2.129216248999999950e-01,5.951602112999999916e-02
3.500000000000000000e+03,5.000000000000000000e+02,6.999999999999999556e-01,2.000000000000000111e-01,2.212043012999999891e-01,6.255241555000000397e-02
3.700000000000000000e+03,5.000000000000000000e+02,6.999999999999999556e-01,2.000000000000000111e-01,2.291533266000000124e-01,6.555497553000000366e-02
3.900000000000000000e+03,5.000000000000000000e+02,6.999999999999999556e-01,2.000000000000000111e-01,2.367881691000000011e-01,6.852636973999999548e-02
4.100000000000000000e+03,5.000000000000000000e+02,6.999999999999999556e-01,2.000000000000000111e-01,2.441268124000000039e-01,7.146899157000000113e-02
4.300000000000000000e+03,5.000000000000000000e+02,6.999999999999999556e-01,2.000000000000000111e-01,2.511858962999999889e-01,7.438498811999999516e-02
4.500000000000000000e+03,5.000000000000000000e+02,6.999999999999999556e-01,2.000000000000000111e-01,2.579808412999999856e-01,7.727628555000000399e-02
4.700000000000000000e+03,5.000000000000000000e+02,6.999999999999999556e-01,2.000000000000000111e-01,2.645259603999999820e-01,8.014461138999999512e-02
4.900000000000000000e+03,5.000000000000000000e+02,6.999999999999999556e-01,2.000000000000000111e-01,2.708345574000000089e-01,8.299151408999999591e-02
5.100000000000000000e+03,5.000000000000000000e+02,6.999999999999999556e-01,2.000000000000000111e-01,2.769190158000000013e-01,8.581838040000000500e-02
5.300000000000000000e+03,5.000000000000000000e+02,6.999999999999999556e-01,2.000000000000000111e-01,2.827908778000000067e-01,8.862645065999999461e-02
5.500000000000000000e+03,5.000000000000000000e+02,6.999999999999999556e-01,2.000000000000000111e-01,2.884609152000000010e-01,9.141683253000000564e-02
5.700000000000000000e+03,5.000000000000000000e+02,6.999999999999999556e-01,2.000000000000000111e-01,2.939391934999999734e-01,9.419051311999999954e-02
5.900000000000000000e+03,5.000000000000000000e+02,6.999999999999999556e-01,2.000000000000000111e-01,2.992351293000000134e-01,9.694836993000000014e-02
6.100000000000000000e+03,5.000000000000000000e+02,6.999999999999999556e-01,2.000000000000000111e-01,3.043575421999999975e-01,9.969118058999999754e-02
6.300000000000000000e+03,5.000000000000000000e+02,6.999999999999999556e-01,2.000000000000000111e-01,3.093147017000000276e-01,1.024196316999999995e-01
6.500000000000000000e+03,5.000000000000000000e+02,6.999999999999999556e-01,2.000000000000000111e-01,3.141143699999999761e-01,1.051343269000000052e-01
6.700000000000000000e+03,5.000000000000000000e+02,6.999999999999999556e-01,2.000000000000000111e-01,3.187638401999999815e-01,1.078357937999999960e-01
6.900000000000000000e+03,5.000000000000000000e+02,6.999999999999999556e-01,2.000000000000000111e-01,3.232699718000000000e-01,1.105244907000000054e-01
7.100000000000000000e+03,5.000000000000000000e+02,6.999999999999999556e-01,2.000000000000000111e-01,3.276392221000000160e-01,1.132008127000000003e-01
7.300000000000000000e+03,5.000000000000000000e+02,6.999999999999999556e-01,2.000000000000000111e-01,3.318776760000000103e-01,1.158650969000000058e-01
7.500000000000000000e+03,5.000000000000000000e+02,6.999999999999999556e-01,2.000000000000000111e-01,3.359910716999999769e-01,1.185176274000000057e-01
7.700000000000000000e+03,5.000000000000000000e+02,6.999999999999999556e-01,2.000000000000000111e-01,3.399848259000000095e-01,1.211586399999999980e-01
7.900000000000000000e+03,5.000000000000000000e+02,6.999999999999999556e-01,2.000000000000000111e-01,3.438640554999999877e-01,1.237883263000000011e-01
8.100000000000000000e+03,5.000000000000000000e+02,6.999999999999999556e-01,2.000000000000000111e-01,3.476335980999999964e-01,1.264068376999999965e-01
8.300000000000000000e+03,5.000000000000000000e+02,6.999999999999999556e-01,2.000000000000000111e-01,3.512980307999999940e-01,1.290142887999999877e-01
8.500000000000000000e+03,5.000000000000000000e+02,6.999999999999999556e-01,2.000000000000000111e-01,3.548616874000000143e-01,1.316107609000000123e-01
8.700000000000000000e+03,5.000000000000000000e+02,6.999999999999999556e-01,2.000000000000000111e-01,3.583286742999999830e-01,1.341963049999999880e-01
8.900000000000000000e+03,5.000000000000000000e+02,6.999999999999999556e-01,2.000000000000000111e-01,3.617028850999999823e-01,1.367709444999999913e-01
9.100000000000000000e+03,5.000000000000000000e+02,6.999999999999999556e-01,2.000000000000000111e-01,3.649880140000000273e-01,1.393346782999999867e-01
9.300000000000000000e+03,5.000000000000000000e+02,6.999999999999999556e-01,2.000000000000000111e-01,3.681875681999999816e-01,1.418874827000000116e-01
9.500000000000000000e+03,5.000000000000000000e+02,6.999999999999999556e-01,2.000000000000000111e-01,3.713048796000000262e-01,1.444293141000000114e-01
9.700000000000000000e+03,5.000000000000000000e+02,6.999999999999999556e-01,2.000000000000000111e-01,3.743431153999999816e-01,1.469601111000000127e-01
9.900000000000000000e+03,5.000000000000000000e+02,6.999999999999999556e-01,2.000000000000000111e-01,3.773052879000000082e-01,1.494797962999999952e-01
1.000000000000000000e+03,5.000000000000000000e+02,6.999999999999999556e-01,2.000000000000000111e-01,8.489888208000000158e-02,2.081643392999999939e-02
3.000000000000000000e+03,5.000000000000000000e+02,6.999999999999999556e-01,2.000000000000000111e-01,1.998253365000000059e-01,5.489138354999999886e-02
5.000000000000000000e+03,5.000000000000000000e+02,6.999999999999999556e-01,2.000000000000000111e-01,2.739040636999999778e-01,8.440737100999999576e-02
7.000000000000000000e+03,5.000000000000000000e+02,6.999999999999999556e-01,2.000000000000000111e-01,3.254713183999999870e-01,1.118641761999999984e-01
9.000000000000000000e+03,5.000000000000000000e+02,6.999999999999999556e-01,2.000000000000000111e-01,3.633563612999999859e-01,1.380541755999999953e-01
1.100000000000000000e+04,5.000000000000000000e+02,6.999999999999999556e-01,2.000000000000000111e-01,3.923590848999999880e-01,1.631348072000000093e-01
1.300000000000000000e+04,5.000000000000000000e+02,6.999999999999999556e-01,2.000000000000000111e-01,4.153102818000000140e-01,1.870234141000000072e-01
1.500000000000000000e+04,5.000000000000000000e+02,6.999999999999999556e-01,2.000000000000000111e-01,4.339768661000000249e-01,2.095790063000000092e-01
1.700000000000000000e+04,5.000000000000000000e+02,6.999999999999999556e-01,2.000000000000000111e-01,4.495079200000000053e-01,2.306891071000000126e-01
1.900000000000000000e+04,5.000000000000000000e+02,6.999999999999999556e-01,2.000000000000000111e-01,4.626750880000000121e-01,2.503027815000000156e-01
2.100000000000000000e+04,5.000000000000000000e+02,6.999999999999999556e-01,2.000000000000000111e-01,4.740112443000000231e-01,2.684324308000000103e-01
2.300000000000000000e+04,5.000000000000000000e+02,6.999999999999999556e-01,2.000000000000000111e-01,4.838943379999999794e-01,2.851404131999999980e-01
2.500000000000000000e+04,5.000000000000000000e+02,6.999999999999999556e-01,2.000000000000000111e-01,4.925996322999999788e-01,3.005213422999999939e-01
2.700000000000000000e+04,5.000000000000000000e+02,6.999999999999999556e-01,2.000000000000000111e-01,5.003328809000000543e-01,3.146860692999999820e-01
2.900000000000000000e+04,5.000000000000000000e+02,6.999999999999999556e-01,2.000000000000000111e-01,5.072517088000000340e-01,3.277496878999999752e-01
3.100000000000000000e+04,5.000000000000000000e+02,6.999999999999999556e-01,2.000000000000000111e-01,5.134795964999999685e-01,3.398237302000000071e-01
3.300000000000000000e+04,5.000000000000000000e+02,6.999999999999999556e-01,2.000000000000000111e-01,5.191151864999999921e-01,3.510117698999999925e-01
3.500000000000000000e+04,5.000000000000000000e+02,6.999999999999999556e-01,2.000000000000000111e-01,5.242386048999999604e-01,3.614074315999999953e-01
3.700000000000000000e+04,5.000000000000000000e+02,6.999999999999999556e-01,2.000000000000000111e-01,5.289158562000000341e-01,3.710939272000000066e-01
3.900000000000000000e+04,5.000000000000000000e+02,6.999999999999999556e-01,2.000000000000000111e-01,5.332019525000000204e-01,3.801444690999999931e-01
4.100000000000000000e+04,5.000000000000000000e+02,6.999999999999999556e-01,2.000000000000000111e-01,5.371431982000000049e-01,3.886231218000000265e-01
4.300000000000000000e+04,5.000000000000000000e+02,6.999999999999999556e-01,2.000000000000000111e-01,5.407788942000000265e-01,3.965858230000000040e-01
4.500000000000000000e+04,5.000000000000000000e+02,6.999999999999999556e-01,2.000000000000000111e-01,5.441426376000000342e-01,4.040814186000000197e-01
4.700000000000000000e+04,5.000000000000000000e+02,6.999999999999999556e-01,2.000000000000000111e-01,5.472633296000000147e-01,4.111526327999999730e-01
4.900000000000000000e+04,5.000000000000000000e+02,6.999999999999999556e-01,2.000000000000000111e-01,5.501659706999999511e-01,4.178369349000000121e-01
5.100000000000000000e+04,5.000000000000000000e+02,6.999999999999999556e-01,2.000000000000000111e-01,5.528722954000000467e-01,4.241672962999999963e-01
5.300000000000000000e+04,5.000000000000000000e+02,6.999999999999999556e-01,2.000000000000000111e-01,5.554012850999999751e-01,4.301728385999999960e-01
5.500000000000000000e+04,5.000000000000000000e+02,6.999999999999999556e-01,2.000000000000000111e-01,5.577695871000000194e-01,4.358793838999999726e-01
5.700000000000000000e+04,5.000000000000000000e+02,6.999999999999999556e-01,2.000000000000000111e-01,5.599918581999999700e-01,4.413099198000000056e-01
5.900000000000000000e+04,5.000000000000000000e+02,6.999999999999999556e-01,2.000000000000000111e-01,5.620810501999999875e-01,4.464849904000000036e-01
6.100000000000000000e+04,5.000000000000000000e+02,6.999999999999999556e-01,2.000000000000000111e-01,5.640486476999999610e-01,4.514230262000000216e-01
6.300000000000000000e+04,5.000000000000000000e+02,6.999999999999999556e-01,2.000000000000000111e-01,5.659048671999999947e-01,4.561406216000000180e-01
6.500000000000000000e+04,5.000000000000000000e+02,6.999999999999999556e-01,2.000000000000000111e-01,5.676588253000000028e-01,4.606527695000000033e-01
6.700000000000000000e+04,5.000000000000000000e+02,6.999999999999999556e-01,2.000000000000000111e-01,5.693186812999999624e-01,4.649730605999999877e-01
6.900000000000000000e+04,5.000000000000000000e+02,6.999999999999999556e-01,2.000000000000000111e-01,5.708917575999999938e-01,4.691138521000000061e-01
7.100000000000000000e+04,5.000000000000000000e+02,6.999999999999999556e-01,2.000000000000000111e-01,5.723846431000000345e-01,4.730864124999999976e-01
7.300000000000000000e+04,5.000000000000000000e+02,6.999999999999999556e-01,2.000000000000000111e-01,5.738032824000000032e-01,4.769010449000000151e-01
7.500000000000000000e+04,5.000000000000000000e+02,6.999999999999999556e-01,2.000000000000000111e-01,5.751530510000000262e-01,4.805671940999999836e-01
7.700000000000000000e+04,5.000000000000000000e+02,6.999999999999999556e-01,2.000000000000000111e-01,5.764388217999999453e-01,4.840935383000000147e-01
7.900000000000000000e+04,5.000000000000000000e+02,6.999999999999999556e-01,2.000000000000000111e-01,5.776650215999999949e-01,4.874880694000000014e-01
8.100000000000000000e+04,5.000000000000000000e+02,6.999999999999999556e-01,2.000000000000000111e-01,5.788356808000000298e-01,4.907581621000000061e-01
8.300000000000000000e+04,5.000000000000000000e+02,6.999999999999999556e-01,2.000000000000000111e-01,5.799544760999999493e-01,4.939106357999999974e-01
8.500000000000000000e+04,5.000000000000000000e+02,6.999999999999999556e-01,2.000000000000000111e-01,5.810247686999999717e-01,4.969518070999999759e-01
8.700000000000000000e+04,5.000000000000000000e+02,6.999999999999999556e-01,2.000000000000000111e-01,5.820496365999999755e-01,4.998875375999999870e-01
8.900000000000000000e+04,5.000000000000000000e+02,6.999999999999999556e-01,2.000000000000000111e-01,5.830319041000000535e-01,5.027232754999999553e-01
9.100000000000000000e+04,5.000000000000000000e+02,6.999999999999999556e-01,2.000000000000000111e-01,5.839741670000000440e-01,5.054640926000000256e-01
9.300000000000000000e+04,5.000000000000000000e+02,6.999999999999999556e-01,2.000000000000000111e-01,5.848788150999999491e-01,5.081147172000000101e-01
9.500000000000000000e+04,5.000000000000000000e+02,6.999999999999999556e-01,2.000000000000000111e-01,5.857480524000000521e-01,5.106795635999999972e-01
9.700000000000000000e+04,5.000000000000000000e+02,6.999999999999999556e-01,2.000000000000000111e-01,5.865839144000000172e-01,5.131627583000000214e-01
9.900000000000000000e+04,5.000000000000000000e+02,6.999999999999999556e-01,2.000000000000000111e-01,5.873882840999999910e-01,5.155681638000000344e-01
1.000000000000000000e+04,5.000000000000000000e+02,6.999999999999999556e-01,2.000000000000000111e-01,3.787587518000000153e-01,1.507354439999999962e-01
3.000000000000000000e+04,5.000000000000000000e+02,6.999999999999999556e-01,2.000000000000000111e-01,5.104453584000000488e-01,3.339037134999999767e-01
5.000000000000000000e+04,5.000000000000000000e+02,6.999999999999999556e-01,2.000000000000000111e-01,5.515424270000000018e-01,4.210444548000000231e-01
7.000000000000000000e+04,5.000000000000000000e+02,6.999999999999999556e-01,2.000000000000000111e-01,5.716478385000000051e-01,4.711204959999999997e-01
9.000000000000000000e+04,5.000000000000000000e+02,6.999999999999999556e-01,2.000000000000000111e-01,5.835078822000000498e-01,5.041052459000000541e-01
1.100000000000000000e+05,5.000000000000000000e+02,6.999999999999999556e-01,2.000000000000000111e-01,5.913213711999999456e-01,5.275585056999999578e-01
1.300000000000000000e+05,5.000000000000000000e+02,6.999999999999999556e-01,2.000000000000000111e-01,5.968556723000000286e-01,5.451055351000000382e-01
1.500000000000000000e+05,5.000000000000000000e+02,6.999999999999999556e-01,2.000000000000000111e-01,6.009807208999999872e-01,5.587311646000000520e-01
1.700000000000000000e+05,5.000000000000000000e+02,6.999999999999999556e-01,2.000000000000000111e-01,6.041738999000000332e-01,5.696186312000000029e-01
1.900000000000000000e+05,5.000000000000000000e+02,6.999999999999999556e-01,2.000000000000000111e-01,6.067188996000000278e-01,5.785181976000000059e-01
2.100000000000000000e+05,5.000000000000000000e+02,6.999999999999999556e-01,2.000000000000000111e-01,6.087948802000000548e-01,5.859288463999999808e-01
2.300000000000000000e+05,5.000000000000000000e+02,6.999999999999999556e-01,2.000000000000000111e-01,6.105205487000000542e-01,5.921954171000000100e-01
2.500000000000000000e+05,5.000000000000000000e+02,6.999999999999999556e-01,2.000000000000000111e-01,6.119776712000000174e-01,5.975638797000000224e-01
2.700000000000000000e+05,5.000000000000000000e+02,6.999999999999999556e-01,2.000000000000000111e-01,6.132244046999999476e-01,6.022144051000000164e-01
2.900000000000000000e+05,5.000000000000000000e+02,6.999999999999999556e-01,2.000000000000000111e-01,6.143032443000000509e-01,6.062819904999999787e-01
3.100000000000000000e+05,5.000000000000000000e+02,6.999999999999999556e-01,2.000000000000000111e-01,6.152459627999999903e-01,6.098697827000000293e-01
3.300000000000000000e+05,5.000000000000000000e+02,6.999999999999999556e-01,2.000000000000000111e-01,6.160767916999999594e-01,6.130579486999999661e-01
3.500000000000000000e+05,5.000000000000000000e+02,6.999999999999999556e-01,2.000000000000000111e-01,6.168145333000000230e-01,6.159097378000000234e-01
3.700000000000000000e+05,5.000000000000000000e+02,6.999999999999999556e-01,2.000000000000000111e-01,6.174740008000000335e-01,6.184757206000000007e-01
3.900000000000000000e+05,5.000000000000000000e+02,6.999999999999999556e-01,2.000000000000000111e-01,6.180670226000000156e-01,6.207968144000000077e-01
4.100000000000000000e+05,5.000000000000000000e+02,6.999999999999999556e-01,2.000000000000000111e-01,6.186031580999999946e-01,6.229064815999999505e-01
4.300000000000000000e+05,5.000000000000000000e+02,6.999999999999999556e-01,2.000000000000000111e-01,6.190902171000000065e-01,6.248323536000000011e-01
4.500000000000000000e+05,5.000000000000000000e+02,6.999999999999999556e-01,2.000000000000000111e-01,6.195346422999999936e-01,6.265974479000000485e-01
4.700000000000000000e+05,5.000000000000000000e+02,6.999999999999999556e-01,2.000000000000000111e-01,6.199417958999999811e-01,6.282210926000000306e-01
4.900000000000000000e+05,5.000000000000000000e+02,6.999999999999999556e-01,2.000000000000000111e-01,6.203161771999999852e-01,6.297196367999999822e-01
5.100000000000000000e+05,5.000000000000000000e+02,6.999999999999999556e-01,2.000000000000000111e-01,6.206615893000000383e-01,6.311070037999999549e-01
5.300000000000000000e+05,5.000000000000000000e+02,6.999999999999999556e-01,2.000000000000000111e-01,6.209812688000000414e-01,6.323951245000000165e-01
5.500000000000000000e+05,5.000000000000000000e+02,6.999999999999999556e-01,2.000000000000000111e-01,6.212779872999999453e-01,6.335942815999999755e-01
5.700000000000000000e+05,5.000000000000000000e+02,6.999999999999999556e-01,2.000000000000000111e-01,6.215541325000000228e-01,6.347133846000000412e-01
5.900000000000000000e+05,5.000000000000000000e+02,6.999999999999999556e-01,2.000000000000000111e-01,6.218117719000000321e-01,6.357601918999999935e-01
6.100000000000000000e+05,5.000000000000000000e+02,6.999999999999999556e-01,2.000000000000000111e-01,6.220527048999999753e-01,6.367414907999999762e-01
6.300000000000000000e+05,5.000000000000000000e+02,6.999999999999999556e-01,2.000000000000000111e-01,6.222785052000000539e-01,6.376632443999999955e-01
6.500000000000000000e+05,5.000000000000000000e+02,6.999999999999999556e-01,2.000000000000000111e-01,6.224905547000000317e-01,6.385307137000000299e-01
6.700000000000000000e+05,5.000000000000000000e+02,6.999999999999999556e-01,2.000000000000000111e-01,6.226900720000000389e-01,6.393485574999999699e-01
6.900000000000000000e+05,5.000000000000000000e+02,6.999999999999999556e-01,2.000000000000000111e-01,6.228781358999999629e-01,6.401209164000000174e-01
7.100000000000000000e+05,5.000000000000000000e+02,6.999999999999999556e-01,2.000000000000000111e-01,6.230557048999999514e-01,6.408514827000000302e-01
7.300000000000000000e+05,5.000000000000000000e+02,6.999999999999999556e-01,2.000000000000000111e-01,6.232236332999999684e-01,6.415435596999999879e-01
7.500000000000000000e+05,5.000000000000000000e+02,6.999999999999999556e-01,2.000000000000000111e-01,6.233826852999999613e-01,6.422001113999999955e-01
7.700000000000000000e+05,5.000000000000000000e+02,6.999999999999999556e-01,2.000000000000000111e-01,6.235335463000000189e-01,6.428238051000000342e-01
7.900000000000000000e+05,5.000000000000000000e+02,6.999999999999999556e-01,2.000000000000000111e-01,6.236768328999999778e-01,6.434170477999999749e-01
8.100000000000000000e+05,5.000000000000000000e+02,6.999999999999999556e-01,2.000000000000000111e-01,6.238131014000000141e-01,6.439820165999999846e-01
8.300000000000000000e+05,5.000000000000000000e+02,6.999999999999999556e-01,2.000000000000000111e-01,6.239428549000000102e-01,6.445206863000000341e-01
8.500000000000000000e+05,5.000000000000000000e+02,6.999999999999999556e-01,2.000000000000000111e-01,6.240665495999999646e-01,6.450348515999999588e-01
8.700000000000000000e+05,5.000000000000000000e+02,6.999999999999999556e-01,2.000000000000000111e-01,6.241845998999999701e-01,6.455261478999999580e-01
8.900000000000000000e+05,5.000000000000000000e+02,6.999999999999999556e-01,2.000000000000000111e-01,6.242973833999999611e-01,6.459960679999999789e-01
9.100000000000000000e+05,5.000000000000000000e+02,6.999999999999999556e-01,2.000000000000000111e-01,6.244052447000000283e-01,6.464459774999999908e-01
9.300000000000000000e+05,5.000000000000000000e+02,6.999999999999999556e-01,2.000000000000000111e-01,6.245084990999999475e-01,6.468771281999999845e-01
9.500000000000000000e+05,5.000000000000000000e+02,6.999999999999999556e-01,2.000000000000000111e-01,6.246074353999999662e-01,6.472906698000000514e-01
9.700000000000000000e+05,5.000000000000000000e+02,6.999999999999999556e-01,2.000000000000000111e-01,6.247023188000000449e-01,6.476876594999999570e-01
9.900000000000000000e+05,5.000000000000000000e+02,6.999999999999999556e-01,2.000000000000000111e-01,6.247933931000000385e-01,6.480690718999999600e-01
1.000000000000000000e+05,5.000000000000000000e+02,6.999999999999999556e-01,2.000000000000000111e-01,5.877792093999999468e-01,5.167428356000000056e-01
3.000000000000000000e+05,5.000000000000000000e+02,6.999999999999999556e-01,2.000000000000000111e-01,6.147899562999999956e-01,6.081303934999999772e-01
5.000000000000000000e+05,5.000000000000000000e+02,6.999999999999999556e-01,2.000000000000000111e-01,6.204922901999999629e-01,6.304264295000000518e-01
7.000000000000000000e+05,5.000000000000000000e+02,6.999999999999999556e-01,2.000000000000000111e-01,6.229681766000000342e-01,6.404912086999999810e-01
9.000000000000000000e+05,5.000000000000000000e+02,6.999999999999999556e-01,2.000000000000000111e-01,6.243519090000000382e-01,6.462234433000000333e-01
1.100000000000000000e+06,5.000000000000000000e+02,6.999999999999999556e-01,2.000000000000000111e-01,6.252354424999999605e-01,6.499253847000000528e-01
1.300000000000000000e+06,5.000000000000000000e+02,6.999999999999999556e-01,2.000000000000000111e-01,6.258484107999999768e-01,6.525135427999999571e-01
1.500000000000000000e+06,5.000000000000000000e+02,6.999999999999999556e-01,2.000000000000000111e-01,6.262985456999999867e-01,6.544249300000000158e-01
1.700000000000000000e+06,5.000000000000000000e+02,6.999999999999999556e-01,2.000000000000000111e-01,6.266430889999999865e-01,6.558943710000000316e-01
1.900000000000000000e+06,5.000000000000000000e+02,6.999999999999999556e-01,2.000000000000000111e-01,6.269152684000000031e-01,6.570593106000000017e-01
2.100000000000000000e+06,5.000000000000000000e+02,6.999999999999999556e-01,2.000000000000000111e-01,6.271356947999999765e-01,6.580055510000000218e-01
2.300000000000000000e+06,5.000000000000000000e+02,6.999999999999999556e-01,2.000000000000000111e-01,6.273178313999999700e-01,6.587894241999999734e-01
2.500000000000000000e+06,5.000000000000000000e+02,6.999999999999999556e-01,2.000000000000000111e-01,6.274708449000000465e-01,6.594494443999999733e-01
2.700000000000000000e+06,5.000000000000000000e+02,6.999999999999999556e-01,2.000000000000000111e-01,6.276011927000000323e-01,6.600128362999999609e-01
2.900000000000000000e+06,5.000000000000000000e+02,6.999999999999999556e-01,2.000000000000000111e-01,6.277135548000000176e-01,6.604993895999999864e-01
3.100000000000000000e+06,5.000000000000000000e+02,6.999999999999999556e-01,2.000000000000000111e-01,6.278114060999999690e-01,6.609238346000000375e-01
3.300000000000000000e+06,5.000000000000000000e+02,6.999999999999999556e-01,2.000000000000000111e-01,6.278973808000000156e-01,6.612973623000000245e-01
3.500000000000000000e+06,5.000000000000000000e+02,6.999999999999999556e-01,2.000000000000000111e-01,6.279735118000000504e-01,6.616286271000000330e-01
3.700000000000000000e+06,5.000000000000000000e+02,6.999999999999999556e-01,2.000000000000000111e-01,6.280413934999999892e-01,6.619244268999999736e-01
3.900000000000000000e+06,5.000000000000000000e+02,6.999999999999999556e-01,2.000000000000000111e-01,6.281022936000000279e-01,6.621901757999999472e-01
4.100000000000000000e+06,5.000000000000000000e+02,6.999999999999999556e-01,2.000000000000000111e-01,6.281572329000000288e-01,6.624302387999999597e-01
4.300000000000000000e+06,5.000000000000000000e+02,6.999999999999999556e-01,2.000000000000000111e-01,6.282070424000000264e-01,6.626481745000000201e-01
4.500000000000000000e+06,5.000000000000000000e+02,6.999999999999999556e-01,2.000000000000000111e-01,6.282524056999999607e-01,6.628469130999999903e-01
4.700000000000000000e+06,5.000000000000000000e+02,6.999999999999999556e-01,2.000000000000000111e-01,6.282938901000000298e-01,6.630288892000000267e-01
4.900000000000000000e+06,5.000000000000000000e+02,6.999999999999999556e-01,2.000000000000000111e-01,6.283319702999999867e-01,6.631961420999999968e-01
5.100000000000000000e+06,5.000000000000000000e+02,6.999999999999999556e-01,2.000000000000000111e-01,6.283670467999999953e-01,6.633503933000000075e-01
5.300000000000000000e+06,5.000000000000000000e+02,6.999999999999999556e-01,2.000000000000000111e-01,6.283994594999999794e-01,6.634931058999999909e-01
5.500000000000000000e+06,5.000000000000000000e+02,6.999999999999999556e-01,2.000000000000000111e-01,6.284294991000000108e-01,6.636255312000000073e-01
5.700000000000000000e+06,5.000000000000000000e+02,6.999999999999999556e-01,2.000000000000000111e-01,6.284574152999999885e-01,6.637487460000000006e-01
5.900000000000000000e+06,5.000000000000000000e+02,6.999999999999999556e-01,2.000000000000000111e-01,6.284834242000000293e-01,6.638636816999999857e-01
6.100000000000000000e+06,5.000000000000000000e+02,6.999999999999999556e-01,2.000000000000000111e-01,6.285077134000000010e-01,6.639711483000000358e-01
6.300000000000000000e+06,5.000000000000000000e+02,6.999999999999999556e-01,2.000000000000000111e-01,6.285304468000000311e-01,6.640718532999999590e-01
6.500000000000000000e+06,5.000000000000000000e+02,6.999999999999999556e-01,2.000000000000000111e-01,6.285517681000000190e-01,6.641664175000000503e-01
6.700000000000000000e+06,5.000000000000000000e+02,6.999999999999999556e-01,2.000000000000000111e-01,6.285718037999999952e-01,6.642553881999999632e-01
6.900000000000000000e+06,5.000000000000000000e+02,6.999999999999999556e-01,2.000000000000000111e-01,6.285906659000000118e-01,6.643392491999999816e-01
7.100000000000000000e+06,5.000000000000000000e+02,6.999999999999999556e-01,2.000000000000000111e-01,6.286084535000000528e-01,6.644184303000000291e-01
7.300000000000000000e+06,5.000000000000000000e+02,6.999999999999999556e-01,2.000000000000000111e-01,6.286252551000000022e-01,6.644933141000000099e-01
7.500000000000000000e+06,5.000000000000000000e+02,6.999999999999999556e-01,2.000000000000000111e-01,6.286411496999999571e-01,6.645642428000000379e-01
7.700000000000000000e+06,5.000000000000000000e+02,6.999999999999999556e-01,2.000000000000000111e-01,6.286562079999999941e-01,6.646315231999999629e-01
7.900000000000000000e+06,5.000000000000000000e+02,6.999999999999999556e-01,2.000000000000000111e-01,6.286704936000000465e-01,6.646954309999999477e-01
8.100000000000000000e+06,5.000000000000000000e+02,6.999999999999999556e-01,2.000000000000000111e-01,6.286840639999999869e-01,6.647562149000000309e-01
8.300000000000000000e+06,5.000000000000000000e+02,6.999999999999999556e-01,2.000000000000000111e-01,6.286969706999999685e-01,6.648140996000000413e-01
8.500000000000000000e+06,5.000000000000000000e+02,6.999999999999999556e-01,2.000000000000000111e-01,6.287092608000000027e-01,6.648692888999999662e-01
8.700000000000000000e+06,5.000000000000000000e+02,6.999999999999999556e-01,2.000000000000000111e-01,6.287209768999999504e-01,6.649219678000000133e-01
8.900000000000000000e+06,5.000000000000000000e+02,6.999999999999999556e-01,2.000000000000000111e-01,6.287321578000000244e-01,6.649723048000000247e-01
9.100000000000000000e+06,5.000000000000000000e+02,6.999999999999999556e-01,2.000000000000000111e-01,6.287428388000000368e-01,6.650204535999999500e-01
9.300000000000000000e+06,5.000000000000000000e+02,6.999999999999999556e-01,2.000000000000000111e-01,6.287530521999999955e-01,6.650665547999999871e-01
9.500000000000000000e+06,5.000000000000000000e+02,6.999999999999999556e-01,2.000000000000000111e-01,6.287628277000000265e-01,6.651107371000000157e-01
9.700000000000000000e+06,5.000000000000000000e+02,6.999999999999999556e-01,2.000000000000000111e-01,6.287721923000000324e-01,6.651531187000000456e-01
9.900000000000000000e+06,5.000000000000000000e+02,6.999999999999999556e-01,2.000000000000000111e-01,6.287811710999999804e-01,6.651938081999999586e-01
1.000000000000000000e+06,5.000000000000000000e+02,6.999999999999999556e-01,2.000000000000000111e-01,6.248375727999999629e-01,6.482542204000000252e-01
3.000000000000000000e+06,5.000000000000000000e+02,6.999999999999999556e-01,2.000000000000000111e-01,6.277641133000000373e-01,6.607186068999999495e-01
5.000000000000000000e+06,5.000000000000000000e+02,6.999999999999999556e-01,2.000000000000000111e-01,6.283498615000000509e-01,6.632747960000000553e-01
7.000000000000000000e+06,5.000000000000000000e+02,6.999999999999999556e-01,2.000000000000000111e-01,6.285996882000000063e-01,6.643793998000000478e-01
9.000000000000000000e+06,5.000000000000000000e+02,6.999999999999999556e-01,2.000000000000000111e-01,6.287375587000000321e-01,6.649966437000000008e-01
1.100000000000000000e+07,5.000000000000000000e+02,6.999999999999999556e-01,2.000000000000000111e-01,6.288246007000000137e-01,6.653914620999999974e-01
1.300000000000000000e+07,5.000000000000000000e+02,6.999999999999999556e-01,2.000000000000000111e-01,6.288843203999999742e-01,6.656661659999999481e-01
1.500000000000000000e+07,5.000000000000000000e+02,6.999999999999999556e-01,2.000000000000000111e-01,6.289276808000000552e-01,6.658686308000000276e-01
1.700000000000000000e+07,5.000000000000000000e+02,6.999999999999999556e-01,2.000000000000000111e-01,6.289604805999999826e-01,6.660242551999999705e-01
1.900000000000000000e+07,5.000000000000000000e+02,6.999999999999999556e-01,2.000000000000000111e-01,6.289860734000000120e-01,6.661477689999999452e-01
2.100000000000000000e+07,5.000000000000000000e+02,6.999999999999999556e-01,2.000000000000000111e-01,6.290065327999999623e-01,6.662483042000000300e-01
2.300000000000000000e+07,5.000000000000000000e+02,6.999999999999999556e-01,2.000000000000000111e-01,6.290232090999999803e-01,6.663318243000000418e-01
2.500000000000000000e+07,5.000000000000000000e+02,6.999999999999999556e-01,2.000000000000000111e-01,6.290370195000000164e-01,6.664023897999999946e-01
2.700000000000000000e+07,5.000000000000000000e+02,6.999999999999999556e-01,2.000000000000000111e-01,6.290486081999999701e-01,6.664628612999999868e-01
2.900000000000000000e+07,5.000000000000000000e+02,6.999999999999999556e-01,2.000000000000000111e-01,6.290584408999999599e-01,6.665153128999999899e-01
3.100000000000000000e+07,5.000000000000000000e+02,6.999999999999999556e-01,2.000000000000000111e-01,6.290668629000000234e-01,6.665612848999999951e-01
3.300000000000000000e+07,5.000000000000000000e+02,6.999999999999999556e-01,2.000000000000000111e-01,6.290741347999999622e-01,6.666019455999999677e-01
3.500000000000000000e+07,5.000000000000000000e+02,6.999999999999999556e-01,2.000000000000000111e-01,6.290804576999999842e-01,6.666381972999999572e-01
3.700000000000000000e+07,5.000000000000000000e+02,6.999999999999999556e-01,2.000000000000000111e-01,6.290859885999999790e-01,6.666707479000000269e-01
3.900000000000000000e+07,5.000000000000000000e+02,6.999999999999999556e-01,2.000000000000000111e-01,6.290908522000000502e-01,6.667001608000000523e-01
4.100000000000000000e+07,5.000000000000000000e+02,6.999999999999999556e-01,2.000000000000000111e-01,6.290951487000000508e-01,6.667268898000000554e-01
4.300000000000000000e+07,5.000000000000000000e+02,6.999999999999999556e-01,2.000000000000000111e-01,6.290989594000000462e-01,6.667513047999999998e-01
4.500000000000000000e+07,5.000000000000000000e+02,6.999999999999999556e-01,2.000000000000000111e-01,6.291023508999999958e-01,6.667737103999999970e-01
4.700000000000000000e+07,5.000000000000000000e+02,6.999999999999999556e-01,2.000000000000000111e-01,6.291053787000000508e-01,6.667943592999999725e-01
4.900000000000000000e+07,5.000000000000000000e+02,6.999999999999999556e-01,2.000000000000000111e-01,6.291080886000000039e-01,6.668134635000000365e-01
5.100000000000000000e+07,5.000000000000000000e+02,6.999999999999999556e-01,2.000000000000000111e-01,6.291105195999999733e-01,6.668312019000000035e-01
5.300000000000000000e+07,5.000000000000000000e+02,6.999999999999999556e-01,2.000000000000000111e-01,6.291127046000000167e-01,6.668477262999999988e-01
5.500000000000000000e+07,5.000000000000000000e+02,6.999999999999999556e-01,2.000000000000000111e-01,6.291146713999999918e-01,6.668631669000000262e-01
5.700000000000000000e+07,5.000000000000000000e+02,6.999999999999999556e-01,2.000000000000000111e-01,6.291164441000000052e-01,6.668776356000000183e-01
5.900000000000000000e+07,5.000000000000000000e+02,6.999999999999999556e-01,2.000000000000000111e-01,6.291180435000000015e-01,6.668912292999999991e-01
6.100000000000000000e+07,5.000000000000000000e+02,6.999999999999999556e-01,2.000000000000000111e-01,6.291194874000000103e-01,6.669040322000000520e-01
6.300000000000000000e+07,5.000000000000000000e+02,6.999999999999999556e-01,2.000000000000000111e-01,6.291207914999999984e-01,6.669161179999999467e-01
6.500000000000000000e+07,5.000000000000000000e+02,6.999999999999999556e-01,2.000000000000000111e-01,6.291219693999999807e-01,6.669275514000000404e-01
6.700000000000000000e+07,5.000000000000000000e+02,6.999999999999999556e-01,2.000000000000000111e-01,6.291230331999999592e-01,6.669383894000000534e-01
6.900000000000000000e+07,5.000000000000000000e+02,6.999999999999999556e-01,2.000000000000000111e-01,6.291239934000000256e-01,6.669486824999999453e-01
7.100000000000000000e+07,5.000000000000000000e+02,6.999999999999999556e-01,2.000000000000000111e-01,6.291248592999999500e-01,6.669584753999999727e-01
7.300000000000000000e+07,5.000000000000000000e+02,6.999999999999999556e-01,2.000000000000000111e-01,6.291256392999999836e-01,6.669678083000000202e-01
7.500000000000000000e+07,5.000000000000000000e+02,6.999999999999999556e-01,2.000000000000000111e-01,6.291263406999999530e-01,6.669767168000000357e-01
7.700000000000000000e+07,5.000000000000000000e+02,6.999999999999999556e-01,2.000000000000000111e-01,6.291269701999999686e-01,6.669852330000000107e-01
7.900000000000000000e+07,5.000000000000000000e+02,6.999999999999999556e-01,2.000000000000000111e-01,6.291275336999999634e-01,6.669933859000000131e-01
8.100000000000000000e+07,5.000000000000000000e+02,6.999999999999999556e-01,2.000000000000000111e-01,6.291280365000000430e-01,6.670012013999999656e-01
8.300000000000000000e+07,5.000000000000000000e+02,6.999999999999999556e-01,2.000000000000000111e-01,6.291284834000000492e-01,6.670087032000000526e-01
8.500000000000000000e+07,5.000000000000000000e+02,6.999999999999999556e-01,2.000000000000000111e-01,6.291288787000000049e-01,6.670159126000000382e-01
8.700000000000000000e+07,5.000000000000000000e+02,6.999999999999999556e-01,2.000000000000000111e-01,6.291292263000000107e-01,6.670228490999999815e-01
8.900000000000000000e+07,5.000000000000000000e+02,6.999999999999999556e-01,2.000000000000000111e-01,6.291295298000000313e-01,6.670295305000000230e-01
9.100000000000000000e+07,5.000000000000000000e+02,6.999999999999999556e-01,2.000000000000000111e-01,6.291297925000000069e-01,6.670359728000000432e-01
9.300000000000000000e+07,5.000000000000000000e+02,6.999999999999999556e-01,2.000000000000000111e-01,6.291300171000000496e-01,6.670421909999999510e-01
9.500000000000000000e+07,5.000000000000000000e+02,6.999999999999999556e-01,2.000000000000000111e-01,6.291302064999999555e-01,6.670481985999999752e-01
9.700000000000000000e+07,5.000000000000000000e+02,6.999999999999999556e-01,2.000000000000000111e-01,6.291303631000000340e-01,6.670540081000000399e-01
9.900000000000000000e+07,5.000000000000000000e+02,6.999999999999999556e-01,2.000000000000000111e-01,6.291304891000000232e-01,6.670596309999999862e-01
1.000000000000000000e+07,5.000000000000000000e+02,6.999999999999999556e-01,2.000000000000000111e-01,6.287855231000000211e-01,6.652135500000000423e-01
3.000000000000000000e+07,5.000000000000000000e+02,6.999999999999999556e-01,2.000000000000000111e-01,6.290628102999999971e-01,6.665390285000000192e-01
5.000000000000000000e+07,5.000000000000000000e+02,6.999999999999999556e-01,2.000000000000000111e-01,6.291093368000000297e-01,6.668224933999999937e-01
7.000000000000000000e+07,5.000000000000000000e+02,6.999999999999999556e-01,2.000000000000000111e-01,6.291244376000000305e-01,6.669536389000000343e-01
9.000000000000000000e+07,5.000000000000000000e+02,6.999999999999999556e-01,2.000000000000000111e-01,6.291296660999999846e-01,6.670327806000000415e-01
1.000000000000000000e+08,5.000000000000000000e+02,6.999999999999999556e-01,2.000000000000000111e-01,6.291305412000000041e-01,6.670623758000000514e-01
