# pressure,temperature,f1,f2,molkg1,molkg2
1.000000000000000000e+00,5.000000000000000000e+02,6.999999999999999556e-01,2.000000000000000111e-01,9.590059042000000002e-05,2.501056868000000146e-05
3.000000000000000000e+00,5.000000000000000000e+02,6.999999999999999556e-01,2.000000000000000111e-01,2.876109857999999998e-04,7.501471654000000646e-05
5.000000000000000000e+00,5.000000000000000000e+02,6.999999999999999556e-01,2.000000000000000111e-01,4.792004319000000233e-04,1.249962363999999925e-04
7.000000000000000000e+00,5.000000000000000000e+02,6.999999999999999556e-01,2.000000000000000111e-01,6.706690462000000283e-04,1.749551579000000086e-04
9.000000000000000000e+00,5.000000000000000000e+02,6.999999999999999556e-01,2.000000000000000111e-01,8.620169459999999688e-04,2.248915104000000003e-04
1.100000000000000000e+01,5.000000000000000000e+02,6.999999999999999556e-01,2.000000000000000111e-01,1.053244247999999932e-03,2.748053234999999904e-04
1.300000000000000000e+01,5.000000000000000000e+02,6.999999999999999556e-01,2.000000000000000111e-01,1.244351071000000027e-03,3.246966265999999914e-04
1.500000000000000000e+01,5.000000000000000000e+02,6.999999999999999556e-01,2.000000000000000111e-01,1.435337528999999909e-03,3.745654491000000160e-04
1.700000000000000000e+01,5.000000000000000000e+02,6.999999999999999556e-01,2.000000000000000111e-01,1.626203740999999968e-03,4.244118202000000126e-04
1.900000000000000000e+01,5.000000000000000000e+02,6.999999999999999556e-01,2.000000000000000111e-01,1.816949822999999959e-03,4.742357694000000259e-04
2.100000000000000000e+01,5.000000000000000000e+02,6.999999999999999556e-01,2.000000000000000111e-01,2.007575890000000071e-03,5.240373258000000263e-04
2.300000000000000000e+01,5.000000000000000000e+02,6.999999999999999556e-01,2.000000000000000111e-01,2.198082059999999834e-03,5.738165184999999844e-04
2.500000000000000000e+01,5.000000000000000000e+02,6.999999999999999556e-01,2.000000000000000111e-01,2.388468447999999873e-03,6.235733768000000432e-04
2.700000000000000000e+01,5.000000000000000000e+02,6.999999999999999556e-01,2.000000000000000111e-01,2.578735171000000152e-03,6.733079297999999564e-04
2.900000000000000000e+01,5.000000000000000000e+02,6.999999999999999556e-01,2.000000000000000111e-01,2.768882342999999784e-03,7.230202063999999554e-04
3.100000000000000000e+01,5.000000000000000000e+02,6.999999999999999556e-01,2.000000000000000111e-01,2.958910081000000036e-03,7.727102356000000328e-04
3.300000000000000000e+01,5.000000000000000000e+02,6.999999999999999556e-01,2.000000000000000111e-01,3.148818500000000013e-03,8.223780465000000506e-04
3.500000000000000000e+01,5.000000000000000000e+02,6.999999999999999556e-01,2.000000000000000111e-01,3.338607715000000125e-03,8.720236680000000235e-04
3.700000000000000000e+01,5.000000000000000000e+02,6.999999999999999556e-01,2.000000000000000111e-01,3.528277841999999907e-03,9.216471288000000102e-04
3.900000000000000000e+01,5.000000000000000000e+02,6.999999999999999556e-01,2.000000000000000111e-01,3.717828995000000206e-03,9.712484578000000254e-04
4.100000000000000000e+01,5.000000000000000000e+02,6.999999999999999556e-01,2.000000000000000111e-01,3.907261288999999693e-03,1.020827684000000062e-03
4.300000000000000000e+01,5.000000000000000000e+02,6.999999999999999556e-01,2.000000000000000111e-01,4.096574839000000079e-03,1.070384835000000095e-03
4.500000000000000000e+01,5.000000000000000000e+02,6.999999999999999556e-01,2.000000000000000111e-01,4.285769759999999602e-03,1.119919940999999962e-03
4.700000000000000000e+01,5.000000000000000000e+02,6.999999999999999556e-01,2.000000000000000111e-01,4.474846164999999980e-03,1.169433029999999984e-03
4.900000000000000000e+01,5.000000000000000000e+02,6.999999999999999556e-01,2.000000000000000111e-01,4.663804169000000319e-03,1.218924131000000046e-03
5.100000000000000000e+01,5.000000000000000000e+02,6.999999999999999556e-01,2.000000000000000111e-01,4.852643884999999734e-03,1.268393271000000039e-03
5.300000000000000000e+01,5.000000000000000000e+02,6.999999999999999556e-01,2.000000000000000111e-01,5.041365429000000363e-03,1.317840480000000061e-03
5.500000000000000000e+01,5.000000000000000000e+02,6.999999999999999556e-01,2.000000000000000111e-01,5.229968913000000025e-03,1.367265785999999999e-03
5.700000000000000000e+01,5.000000000000000000e+02,6.999999999999999556e-01,2.000000000000000111e-01,5.418454450999999998e-03,1.416669217999999954e-03
5.900000000000000000e+01,5.000000000000000000e+02,6.999999999999999556e-01,2.000000000000000111e-01,5.606822156999999827e-03,1.466050803000000036e-03
6.100000000000000000e+01,5.000000000000000000e+02,6.999999999999999556e-01,2.000000000000000111e-01,5.795072144000000362e-03,1.515410569999999912e-03
6.300000000000000000e+01,5.000000000000000000e+02,6.999999999999999556e-01,2.000000000000000111e-01,5.983204524999999850e-03,1.564748547999999899e-03
6.500000000000000000e+01,5.000000000000000000e+02,6.999999999999999556e-01,2.000000000000000111e-01,6.171219411999999578e-03,1.614064764000000107e-03
6.700000000000000000e+01,5.000000000000000000e+02,6.999999999999999556e-01,2.000000000000000111e-01,6.359116918999999958e-03,1.663359246999999985e-03
6.900000000000000000e+01,5.000000000000000000e+02,6.999999999999999556e-01,2.000000000000000111e-01,6.546897159000000105e-03,1.712632025000000073e-03
7.100000000000000000e+01,5.000000000000000000e+02,6.999999999999999556e-01,2.000000000000000111e-01,6.734560243999999571e-03,1.761883125000000046e-03
7.300000000000000000e+01,5.000000000000000000e+02,6.999999999999999556e-01,2.000000000000000111e-01,6.922106285999999643e-03,1.811112576000000005e-03
7.500000000000000000e+01,5.000000000000000000e+02,6.999999999999999556e-01,2.000000000000000111e-01,7.109535398000000304e-03,1.860320407000000051e-03
7.700000000000000000e+01,5.000000000000000000e+02,6.999999999999999556e-01,2.000000000000000111e-01,7.296847690999999810e-03,1.909506644000000079e-03
7.900000000000000000e+01,5.000000000000000000e+02,6.999999999999999556e-01,2.000000000000000111e-01,7.484043277999999876e-03,1.958671314999999979e-03
8.100000000000000000e+01,5.000000000000000000e+02,6.999999999999999556e-01,2.000000000000000111e-01,7.671122269999999625e-03,2.007814450000000063e-03
8.300000000000000000e+01,5.000000000000000000e+02,6.999999999999999556e-01,2.000000000000000111e-01,7.858084778999999478e-03,2.056936073999999798e-03
8.500000000000000000e+01,5.000000000000000000e+02,6.999999999999999556e-01,2.000000000000000111e-01,8.044930917000000722e-03,2.106036216999999933e-03
8.700000000000000000e+01,5.000000000000000000e+02,6.999999999999999556e-01,2.000000000000000111e-01,8.231660794999999878e-03,2.155114905999999924e-03
8.900000000000000000e+01,5.000000000000000000e+02,6.999999999999999556e-01,2.000000000000000111e-01,8.418274523000000842e-03,2.204172168000000098e-03
9.100000000000000000e+01,5.000000000000000000e+02,6.999999999999999556e-01,2.000000000000000111e-01,8.604772214000000127e-03,2.253208030999999910e-03
9.300000000000000000e+01,5.000000000000000000e+02,6.999999999999999556e-01,2.000000000000000111e-01,8.791153976999999467e-03,2.302222523000000114e-03
9.500000000000000000e+01,5.000000000000000000e+02,6.999999999999999556e-01,2.000000000000000111e-01,8.977419924000000148e-03,2.351215672000000166e-03
9.700000000000000000e+01,5.000000000000000000e+02,6.999999999999999556e-01,2.000000000000000111e-01,9.163570165000000864e-03,2.400187503999999961e-03
9.900000000000000000e+01,5.000000000000000000e+02,6.999999999999999556e-01,2.000000000000000111e-01,9.349604811000000737e-03,2.449138046999999822e-03
1.000000000000000000e+01,5.000000000000000000e+02,6.999999999999999556e-01,2.000000000000000111e-01,9.576456645999999488e-04,2.498512324999999827e-04
3.000000000000000000e+01,5.000000000000000000e+02,6.999999999999999556e-01,2.000000000000000111e-01,2.863911134000000133e-03,7.478680001000000349e-04
5.000000000000000000e+01,5.000000000000000000e+02,6.999999999999999556e-01,2.000000000000000111e-01,4.758238805999999953e-03,1.243661444000000033e-03
7.000000000000000000e+01,5.000000000000000000e+02,6.999999999999999556e-01,2.000000000000000111e-01,6.640743339000000113e-03,1.737260282999999973e-03
9.000000000000000000e+01,5.000000000000000000e+02,6.999999999999999556e-01,2.000000000000000111e-01,8.511537866000000452e-03,2.228692772999999946e-03
1.100000000000000000e+02,5.000000000000000000e+02,6.999999999999999556e-01,2.000000000000000111e-01,1.037073401999999943e-02,2.717986721000000081e-03
1.300000000000000000e+02,5.000000000000000000e+02,6.999999999999999556e-01,2.000000000000000111e-01,1.221844195999999966e-02,3.205169490000000111e-03
1.500000000000000000e+02,5.000000000000000000e+02,6.999999999999999556e-01,2.000000000000000111e-01,1.405477037999999963e-02,3.690268008999999984e-03
1.700000000000000000e+02,5.000000000000000000e+02,6.999999999999999556e-01,2.000000000000000111e-01,1.587982657999999908e-02,4.173308780000000058e-03
1.900000000000000000e+02,5.000000000000000000e+02,6.999999999999999556e-01,2.000000000000000111e-01,1.769371642999999911e-02,4.654317889999999742e-03
2.100000000000000000e+02,5.000000000000000000e+02,6.999999999999999556e-01,2.000000000000000111e-01,1.949654443999999931e-02,5.133321013999999662e-03
2.300000000000000000e+02,5.000000000000000000e+02,6.999999999999999556e-01,2.000000000000000111e-01,2.128841375999999952e-02,5.610343426000000307e-03
2.500000000000000000e+02,5.000000000000000000e+02,6.999999999999999556e-01,2.000000000000000111e-01,2.306942621000000054e-02,6.085410004000000282e-03
2.700000000000000000e+02,5.000000000000000000e+02,6.999999999999999556e-01,2.000000000000000111e-01,2.483968229999999888e-02,6.558545241000000164e-03
2.900000000000000000e+02,5.000000000000000000e+02,6.999999999999999556e-01,2.000000000000000111e-01,2.659928125999999962e-02,7.029773248999999884e-03
3.100000000000000000e+02,5.000000000000000000e+02,6.999999999999999556e-01,2.000000000000000111e-01,2.834832103999999908e-02,7.499117767999999989e-03
3.300000000000000000e+02,5.000000000000000000e+02,6.999999999999999556e-01,2.000000000000000111e-01,3.008689835999999937e-02,7.966602172999999454e-03
3.500000000000000000e+02,5.000000000000000000e+02,6.999999999999999556e-01,2.000000000000000111e-01,3.181510871999999879e-02,8.432249479000000422e-03
3.700000000000000000e+02,5.000000000000000000e+02,6.999999999999999556e-01,2.000000000000000111e-01,3.353304639000000142e-02,8.896082349000000375e-03
3.900000000000000000e+02,5.000000000000000000e+02,6.999999999999999556e-01,2.000000000000000111e-01,3.524080447999999866e-02,9.358123100000000777e-03
4.100000000000000000e+02,5.000000000000000000e+02,6.999999999999999556e-01,2.000000000000000111e-01,3.693847494000000037e-02,9.818393712000000537e-03
4.300000000000000000e+02,5.000000000000000000e+02,6.999999999999999556e-01,2.000000000000000111e-01,3.862614855000000291e-02,1.027691583000000033e-02
4.500000000000000000e+02,5.000000000000000000e+02,6.999999999999999556e-01,2.000000000000000111e-01,4.030391497000000017e-02,1.073371077000000000e-02
4.700000000000000000e+02,5.000000000000000000e+02,6.999999999999999556e-01,2.000000000000000111e-01,4.197186276999999993e-02,1.118879952999999976e-02
4.900000000000000000e+02,5.000000000000000000e+02,6.999999999999999556e-01,2.000000000000000111e-01,4.363007940000000057e-02,1.164220279999999934e-02
5.100000000000000000e+02,5.000000000000000000e+02,6.999999999999999556e-01,2.000000000000000111e-01,4.527865125999999685e-02,1.209394094000000065e-02
5.300000000000000000e+02,5.000000000000000000e+02,6.999999999999999556e-01,2.000000000000000111e-01,4.691766366999999827e-02,1.254403402000000070e-02
5.500000000000000000e+02,5.000000000000000000e+02,6.999999999999999556e-01,2.000000000000000111e-01,4.854720094000000014e-02,1.299250180999999942e-02
5.700000000000000000e+02,5.000000000000000000e+02,6.999999999999999556e-01,2.000000000000000111e-01,5.016734632000000027e-02,1.343936379999999958e-02
5.900000000000000000e+02,5.000000000000000000e+02,6.999999999999999556e-01,2.000000000000000111e-01,5.177818207999999867e-02,1.388463916999999916e-02
6.100000000000000000e+02,5.000000000000000000e+02,6.999999999999999556e-01,2.000000000000000111e-01,5.337978949999999667e-02,1.432834682000000068e-02
6.300000000000000000e+02,5.000000000000000000e+02,6.999999999999999556e-01,2.000000000000000111e-01,5.497224885000000227e-02,1.477050537999999996e-02
6.500000000000000000e+02,5.000000000000000000e+02,6.999999999999999556e-01,2.000000000000000111e-01,5.655563948000000285e-02,1.521113322000000080e-02
6.700000000000000000e+02,5.000000000000000000e+02,6.999999999999999556e-01,2.000000000000000111e-01,5.813003976000000184e-02,1.565024841000000125e-02
6.900000000000000000e+02,5.000000000000000000e+02,6.999999999999999556e-01,2.000000000000000111e-01,5.969552714999999676e-02,1.608786878000000031e-02
7.100000000000000000e+02,5.000000000000000000e+02,6.999999999999999556e-01,2.000000000000000111e-01,6.125217818999999925e-02,1.652401189999999978e-02
7.300000000000000000e+02,5.000000000000000000e+02,6.999999999999999556e-01,2.000000000000000111e-01,6.280006851000000112e-02,1.695869507999999901e-02
7.500000000000000000e+02,5.000000000000000000e+02,6.999999999999999556e-01,2.000000000000000111e-01,6.433927285000000384e-02,1.739193538000000094e-02
7.700000000000000000e+02,5.000000000000000000e+02,6.999999999999999556e-01,2.000000000000000111e-01,6.586986507000000546e-02,1.782374960999999827e-02
7.900000000000000000e+02,5.000000000000000000e+02,6.999999999999999556e-01,2.000000000000000111e-01,6.739191818999999695e-02,1.825415434999999933e-02
8.100000000000000000e+02,5.000000000000000000e+02,6.999999999999999556e-01,2.000000000000000111e-01,6.890550434999999363e-02,1.868316593999999956e-02
8.300000000000000000e+02,5.000000000000000000e+02,6.999999999999999556e-01,2.000000000000000111e-01,7.041069487999999932e-02,1.911080047999999879e-02
8.500000000000000000e+02,5.000000000000000000e+02,6.999999999999999556e-01,2.000000000000000111e-01,7.190756026000000301e-02,1.953707384999999949e-02
8.700000000000000000e+02,5.000000000000000000e+02,6.999999999999999556e-01,2.000000000000000111e-01,7.339617017999999771e-02,1.996200169000000163e-02
8.900000000000000000e+02,5.000000000000000000e+02,6.999999999999999556e-01,2.000000000000000111e-01,7.487659351000000574e-02,2.038559943999999902e-02
9.100000000000000000e+02,5.000000000000000000e+02,6.999999999999999556e-01,2.000000000000000111e-01,7.634889836000000041e-02,2.080788231000000113e-02
9.300000000000000000e+02,5.000000000000000000e+02,6.999999999999999556e-01,2.000000000000000111e-01,7.781315203999999985e-02,2.122886528999999925e-02
9.500000000000000000e+02,5.000000000000000000e+02,6.999999999999999556e-01,2.000000000000000111e-01,7.926942109000000014e-02,2.164856316999999933e-02
9.700000000000000000e+02,5.000000000000000000e+02,6.999999999999999556e-01,2.000000000000000111e-01,8.071777132000000632e-02,2.206699054000000118e-02
9.900000000000000000e+02,5.000000000000000000e+02,6.999999999999999556e-01,2.000000000000000111e-01,8.215826778000000219e-02,2.248416175999999947e-02
1.000000000000000000e+02,5.000000000000000000e+02,6.999999999999999556e-01,2.000000000000000111e-01,9.442578821000000705e-03,2.473605344000000174e-03
3.000000000000000000e+02,5.000000000000000000e+02,6.999999999999999556e-01,2.000000000000000111e-01,2.747511496999999886e-02,7.264679474999999852e-03
5.000000000000000000e+02,5.000000000000000000e+02,6.999999999999999556e-01,2.000000000000000111e-01,4.445556557000000103e-02,1.186827873999999998e-02
7.000000000000000000e+02,5.000000000000000000e+02,6.999999999999999556e-01,2.000000000000000111e-01,6.047495247000000268e-02,1.630612391000000119e-02
9.000000000000000000e+02,5.000000000000000000e+02,6.999999999999999556e-01,2.000000000000000111e-01,7.561375652000000558e-02,2.059690428999999892e-02
1.100000000000000000e+03,5.000000000000000000e+02,6.999999999999999556e-01,2.000000000000000111e-01,8.994345076000000161e-02,2.475677371999999987e-02
1.300000000000000000e+03,5.000000000000000000e+02,6.999999999999999556e-01,2.000000000000000111e-01,1.035277665000000069e-01,2.879975278000000000e-02
1.500000000000000000e+03,5.000000000000000000e+02,6.999999999999999556e-01,2.000000000000000111e-01,1.164237459000000002e-01,3.273805703999999733e-02
1.700000000000000000e+03,5.000000000000000000e+02,6.999999999999999556e-01,2.000000000000000111e-01,1.286826235000000096e-01,3.658236663000000166e-02
1.900000000000000000e+03,5.000000000000000000e+02,6.999999999999999556e-01,2.000000000000000111e-01,1.403505677999999923e-01,4.034204893999999986e-02
2.100000000000000000e+03,5.000000000000000000e+02,6.999999999999999556e-01,2.000000000000000111e-01,1.514693092999999935e-01,4.402534352000000289e-02
2.300000000000000000e+03,5.000000000000000000e+02,6.999999999999999556e-01,2.000000000000000111e-01,1.620766757000000058e-01,4.763951651000000037e-02
2.500000000000000000e+03,5.000000000000000000e+02,6.999999999999999556e-01,2.000000000000000111e-01,1.722070491000000092e-01,5.119099030000000272e-02
2.700000000000000000e+03,5.000000000000000000e+02,6.999999999999999556e-01,2.000000000000000111e-01,1.818917590999999945e-01,5.468545277999999760e-02
2.900000000000000000e+03,5.000000000000000000e+02,6.999999999999999556e-01,2.000000000000000111e-01,1.911594218999999872e-01,5.812794997000000213e-02
3.100000000000000000e+03,5.000000000000000000e+02,6.999999999999999556e-01,2.000000000000000111e-01,2.000362350999999872e-01,6.152296490999999840e-02
3.300000000000000000e+03,5.000000000000000000e+02,6.999999999999999556e-01,2.000000000000000111e-01,2.085462325999999922e-01,6.487448496999999314e-02
3.500000000000000000e+03,5.000000000000000000e+02,6.999999999999999556e-01,2.000000000000000111e-01,2.167115086999999995e-01,6.818605979000000317e-02
3.700000000000000000e+03,5.000000000000000000e+02,6.999999999999999556e-01,2.000000000000000111e-01,2.245524134000000116e-01,7.146085110000000018e-02
3.900000000000000000e+03,5.000000000000000000e+02,6.999999999999999556e-01,2.000000000000000111e-01,2.320877246999999977e-01,7.470167591000000107e-02
4.100000000000000000e+03,5.000000000000000000e+02,6.999999999999999556e-01,2.000000000000000111e-01,2.393348000999999947e-01,7.791104403000000123e-02
4.300000000000000000e+03,5.000000000000000000e+02,6.999999999999999556e-01,2.000000000000000111e-01,2.463097107999999980e-01,8.109119073999999927e-02
4.500000000000000000e+03,5.000000000000000000e+02,6.999999999999999556e-01,2.000000000000000111e-01,2.530273605000000203e-01,8.424410548999999859e-02
4.700000000000000000e+03,5.000000000000000000e+02,6.999999999999999556e-01,2.000000000000000111e-01,2.595015915000000173e-01,8.737155700000000247e-02
4.900000000000000000e+03,5.000000000000000000e+02,6.999999999999999556e-01,2.000000000000000111e-01,2.657452786000000233e-01,9.047511548000000681e-02
5.100000000000000000e+03,5.000000000000000000e+02,6.999999999999999556e-01,2.000000000000000111e-01,2.717704134000000216e-01,9.355617229000000312e-02
5.300000000000000000e+03,5.000000000000000000e+02,6.999999999999999556e-01,2.000000000000000111e-01,2.775881798000000011e-01,9.661595732000000103e-02
5.500000000000000000e+03,5.000000000000000000e+02,6.999999999999999556e-01,2.000000000000000111e-01,2.832090213999999828e-01,9.965555455999999812e-02
5.700000000000000000e+03,5.000000000000000000e+02,6.999999999999999556e-01,2.000000000000000111e-01,2.886427026999999756e-01,1.026759160000000060e-01
5.900000000000000000e+03,5.000000000000000000e+02,6.999999999999999556e-01,2.000000000000000111e-01,2.938983639000000148e-01,1.056778740999999994e-01
6.100000000000000000e+03,5.000000000000000000e+02,6.999999999999999556e-01,2.000000000000000111e-01,2.989845700000000051e-01,1.086621529000000030e-01
6.300000000000000000e+03,5.000000000000000000e+02,6.999999999999999556e-01,2.000000000000000111e-01,3.039093562999999887e-01,1.116293782000000040e-01
6.500000000000000000e+03,5.000000000000000000e+02,6.999999999999999556e-01,2.000000000000000111e-01,3.086802684000000130e-01,1.145800869000000027e-01
6.700000000000000000e+03,5.000000000000000000e+02,6.999999999999999556e-01,2.000000000000000111e-01,3.133043992999999805e-01,1.175147349999999952e-01
6.900000000000000000e+03,5.000000000000000000e+02,6.999999999999999556e-01,2.000000000000000111e-01,3.177884228000000255e-01,1.204337052000000047e-01
7.100000000000000000e+03,5.000000000000000000e+02,6.999999999999999556e-01,2.000000000000000111e-01,3.221386244000000176e-01,1.233373143000000005e-01
7.300000000000000000e+03,5.000000000000000000e+02,6.999999999999999556e-01,2.000000000000000111e-01,3.263609284999999804e-01,1.262258186999999920e-01
7.500000000000000000e+03,5.000000000000000000e+02,6.999999999999999556e-01,2.000000000000000111e-01,3.304609244000000223e-01,1.290994209000000115e-01
7.700000000000000000e+03,5.000000000000000000e+02,6.999999999999999556e-01,2.000000000000000111e-01,3.344438893000000190e-01,1.319582745000000001e-01
7.900000000000000000e+03,5.000000000000000000e+02,6.999999999999999556e-01,2.000000000000000111e-01,3.383148099000000131e-01,1.348024891999999864e-01
8.100000000000000000e+03,5.000000000000000000e+02,6.999999999999999556e-01,2.000000000000000111e-01,3.420784016000000261e-01,1.376321352000000053e-01
8.300000000000000000e+03,5.000000000000000000e+02,6.999999999999999556e-01,2.000000000000000111e-01,3.457391266000000019e-01,1.404472475000000109e-01
8.500000000000000000e+03,5.000000000000000000e+02,6.999999999999999556e-01,2.000000000000000111e-01,3.493012106999999755e-01,1.432478298000000039e-01
8.700000000000000000e+03,5.000000000000000000e+02,6.999999999999999556e-01,2.000000000000000111e-01,3.527686581000000210e-01,1.460338576999999916e-01
8.900000000000000000e+03,5.000000000000000000e+02,6.999999999999999556e-01,2.000000000000000111e-01,3.561452661000000242e-01,1.488052827000000133e-01
9.100000000000000000e+03,5.000000000000000000e+02,6.999999999999999556e-01,2.000000000000000111e-01,3.594346373999999789e-01,1.515620344999999980e-01
9.300000000000000000e+03,5.000000000000000000e+02,6.999999999999999556e-01,2.000000000000000111e-01,3.626401924000000054e-01,1.543040243999999894e-01
9.500000000000000000e+03,5.000000000000000000e+02,6.999999999999999556e-01,2.000000000000000111e-01,3.657651804000000006e-01,1.570311477000000122e-01
9.700000000000000000e+03,5.000000000000000000e+02,6.999999999999999556e-01,2.000000000000000111e-01,3.688126899999999986e-01,1.597432862000000009e-01
9.900000000000000000e+03,5.000000000000000000e+02,6.999999999999999556e-01,2.000000000000000111e-01,3.717856581999999799e-01,1.624403103000000015e-01
1.000000000000000000e+03,5.000000000000000000e+02,6.999999999999999556e-01,2.000000000000000111e-01,8.287559097999999680e-02,2.269228075999999913e-02
3.000000000000000000e+03,5.000000000000000000e+02,6.999999999999999556e-01,2.000000000000000111e-01,1.956451347000000007e-01,5.983113261999999793e-02
5.000000000000000000e+03,5.000000000000000000e+02,6.999999999999999556e-01,2.000000000000000111e-01,2.687844480000000091e-01,9.201837612999999583e-02
7.000000000000000000e+03,5.000000000000000000e+02,6.999999999999999556e-01,2.000000000000000111e-01,3.199798729000000175e-01,1.218874125000000003e-01
9.000000000000000000e+03,5.000000000000000000e+02,6.999999999999999556e-01,2.000000000000000111e-01,3.578006383999999818e-01,1.501854978999999923e-01
1.100000000000000000e+04,5.000000000000000000e+02,6.999999999999999556e-01,2.000000000000000111e-01,3.869229610000000097e-01,1.769972739000000017e-01
1.300000000000000000e+04,5.000000000000000000e+02,6.999999999999999556e-01,2.000000000000000111e-01,4.101056210999999840e-01,2.021994997999999877e-01
1.500000000000000000e+04,5.000000000000000000e+02,6.999999999999999556e-01,2.000000000000000111e-01,4.290661915999999798e-01,2.256600836000000054e-01
1.700000000000000000e+04,5.000000000000000000e+02,6.999999999999999556e-01,2.000000000000000111e-01,4.449179088999999920e-01,2.473166082999999904e-01
1.900000000000000000e+04,5.000000000000000000e+02,6.999999999999999556e-01,2.000000000000000111e-01,4.584072148000000180e-01,2.671901611999999981e-01
2.100000000000000000e+04,5.000000000000000000e+02,6.999999999999999556e-01,2.000000000000000111e-01,4.700507953999999988e-01,2.853686349999999816e-01
2.300000000000000000e+04,5.000000000000000000e+02,6.999999999999999556e-01,2.000000000000000111e-01,4.802176068999999825e-01,3.019812156000000192e-01
2.500000000000000000e+04,5.000000000000000000e+02,6.999999999999999556e-01,2.000000000000000111e-01,4.891791314000000224e-01,3.171754111999999792e-01
2.700000000000000000e+04,5.000000000000000000e+02,6.999999999999999556e-01,2.000000000000000111e-01,4.971407366999999744e-01,3.311006179000000049e-01
2.900000000000000000e+04,5.000000000000000000e+02,6.999999999999999556e-01,2.000000000000000111e-01,5.042616246000000135e-01,3.438982022000000027e-01
3.100000000000000000e+04,5.000000000000000000e+02,6.999999999999999556e-01,2.000000000000000111e-01,5.106678108000000105e-01,3.556965629000000129e-01
3.300000000000000000e+04,5.000000000000000000e+02,6.999999999999999556e-01,2.000000000000000111e-01,5.164607933000000539e-01,3.666094507000000058e-01
3.500000000000000000e+04,5.000000000000000000e+02,6.999999999999999556e-01,2.000000000000000111e-01,5.217235077999999859e-01,3.767361757000000089e-01
3.700000000000000000e+04,5.000000000000000000e+02,6.999999999999999556e-01,2.000000000000000111e-01,5.265245360000000430e-01,3.861627656000000131e-01
3.900000000000000000e+04,5.000000000000000000e+02,6.999999999999999556e-01,2.000000000000000111e-01,5.309211598999999948e-01,3.949635018000000053e-01
4.100000000000000000e+04,5.000000000000000000e+02,6.999999999999999556e-01,2.000000000000000111e-01,5.349616337000000499e-01,4.032025148999999753e-01
4.300000000000000000e+04,5.000000000000000000e+02,6.999999999999999556e-01,2.000000000000000111e-01,5.386869077999999478e-01,4.109352772000000042e-01
4.500000000000000000e+04,5.000000000000000000e+02,6.999999999999999556e-01,2.000000000000000111e-01,5.421319625999999614e-01,4.182099266000000037e-01
4.700000000000000000e+04,5.000000000000000000e+02,6.999999999999999556e-01,2.000000000000000111e-01,5.453268537000000027e-01,4.250684040000000108e-01
4.900000000000000000e+04,5.000000000000000000e+02,6.999999999999999556e-01,2.000000000000000111e-01,5.482975439999999701e-01,4.315474138000000015e-01
5.100000000000000000e+04,5.000000000000000000e+02,6.999999999999999556e-01,2.000000000000000111e-01,5.510665703999999554e-01,4.376792261999999933e-01
5.300000000000000000e+04,5.000000000000000000e+02,6.999999999999999556e-01,2.000000000000000111e-01,5.536535851999999647e-01,4.434923436000000052e-01
5.500000000000000000e+04,5.000000000000000000e+02,6.999999999999999556e-01,2.000000000000000111e-01,5.560757980999999628e-01,4.490120546999999962e-01
5.700000000000000000e+04,5.000000000000000000e+02,6.999999999999999556e-01,2.000000000000000111e-01,5.583483398999999903e-01,4.542608937000000013e-01
5.900000000000000000e+04,5.000000000000000000e+02,6.999999999999999556e-01,2.000000000000000111e-01,5.604845636999999936e-01,4.592590230999999967e-01
6.100000000000000000e+04,5.000000000000000000e+02,6.999999999999999556e-01,2.000000000000000111e-01,5.624962953000000043e-01,4.640245525999999732e-01
6.300000000000000000e+04,5.000000000000000000e+02,6.999999999999999556e-01,2.000000000000000111e-01,5.643940434999999978e-01,4.685738078000000195e-01
6.500000000000000000e+04,5.000000000000000000e+02,6.999999999999999556e-01,2.000000000000000111e-01,5.661871763000000390e-01,4.729215549999999935e-01
6.700000000000000000e+04,5.000000000000000000e+02,6.999999999999999556e-01,2.000000000000000111e-01,5.678840702999999879e-01,4.770811929000000062e-01
6.900000000000000000e+04,5.000000000000000000e+02,6.999999999999999556e-01,2.000000000000000111e-01,5.694922370999999650e-01,4.810649146000000043e-01
7.100000000000000000e+04,5.000000000000000000e+02,6.999999999999999556e-01,2.000000000000000111e-01,5.710184313999999706e-01,4.848838464999999931e-01
7.300000000000000000e+04,5.000000000000000000e+02,6.999999999999999556e-01,2.000000000000000111e-01,5.724687430999999549e-01,4.885481677999999883e-01
7.500000000000000000e+04,5.000000000000000000e+02,6.999999999999999556e-01,2.000000000000000111e-01,5.738486766000000516e-01,4.920672130000000033e-01
7.700000000000000000e+04,5.000000000000000000e+02,6.999999999999999556e-01,2.000000000000000111e-01,5.751632188999999951e-01,4.954495615000000242e-01
7.900000000000000000e+04,5.000000000000000000e+02,6.999999999999999556e-01,2.000000000000000111e-01,5.764168988000000216e-01,4.987031148000000136e-01
8.100000000000000000e+04,5.000000000000000000e+02,6.999999999999999556e-01,2.000000000000000111e-01,5.776138378999999823e-01,5.018351648000000109e-01
8.300000000000000000e+04,5.000000000000000000e+02,6.999999999999999556e-01,2.000000000000000111e-01,5.787577953000000441e-01,5.048524527000000095e-01
8.500000000000000000e+04,5.000000000000000000e+02,6.999999999999999556e-01,2.000000000000000111e-01,5.798522061999999977e-01,5.077612221999999731e-01
8.700000000000000000e+04,5.000000000000000000e+02,6.999999999999999556e-01,2.000000000000000111e-01,5.809002159999999693e-01,5.105672651999999534e-01
8.900000000000000000e+04,5.000000000000000000e+02,6.999999999999999556e-01,2.000000000000000111e-01,5.819047099999999917e-01,5.132759630000000017e-01
9.100000000000000000e+04,5.000000000000000000e+02,6.999999999999999556e-01,2.000000000000000111e-01,5.828683396999999600e-01,5.158923233000000108e-01
9.300000000000000000e+04,5.000000000000000000e+02,6.999999999999999556e-01,2.000000000000000111e-01,5.837935462000000131e-01,5.184210120000000144e-01
9.500000000000000000e+04,5.000000000000000000e+02,6.999999999999999556e-01,2.000000000000000111e-01,5.846825799999999518e-01,5.208663827999999718e-01
9.700000000000000000e+04,5.000000000000000000e+02,6.999999999999999556e-01,2.000000000000000111e-01,5.855375198000000170e-01,5.232325034999999458e-01
9.900000000000000000e+04,5.000000000000000000e+02,6.999999999999999556e-01,2.000000000000000111e-01,5.863602881999999683e-01,5.255231790000000069e-01
1.000000000000000000e+04,5.000000000000000000e+02,6.999999999999999556e-01,2.000000000000000111e-01,3.732450679000000049e-01,1.637831114999999949e-01
3.000000000000000000e+04,5.000000000000000000e+02,6.999999999999999556e-01,2.000000000000000111e-01,5.075472172999999643e-01,3.499148287000000135e-01
5.000000000000000000e+04,5.000000000000000000e+02,6.999999999999999556e-01,2.000000000000000111e-01,5.497059748999999496e-01,4.346548570000000056e-01
7.000000000000000000e+04,5.000000000000000000e+02,6.999999999999999556e-01,2.000000000000000111e-01,5.702651855999999464e-01,4.829943220999999842e-01
9.000000000000000000e+04,5.000000000000000000e+02,6.999999999999999556e-01,2.000000000000000111e-01,5.823914756000000414e-01,5.145953860999999963e-01
1.100000000000000000e+05,5.000000000000000000e+02,6.999999999999999556e-01,2.000000000000000111e-01,5.903839395000000101e-01,5.369219584000000101e-01
1.300000000000000000e+05,5.000000000000000000e+02,6.999999999999999556e-01,2.000000000000000111e-01,5.960475361999999500e-01,5.535432421000000547e-01
1.500000000000000000e+05,5.000000000000000000e+02,6.999999999999999556e-01,2.000000000000000111e-01,6.002705003999999622e-01,5.664001336999999747e-01
1.700000000000000000e+05,5.000000000000000000e+02,6.999999999999999556e-01,2.000000000000000111e-01,6.035404266999999656e-01,5.766418266999999709e-01
1.900000000000000000e+05,5.000000000000000000e+02,6.999999999999999556e-01,2.000000000000000111e-01,6.061472024999999819e-01,5.849927199000000133e-01
2.100000000000000000e+05,5.000000000000000000e+02,6.999999999999999556e-01,2.000000000000000111e-01,6.082739777000000236e-01,5.919322242000000234e-01
2.300000000000000000e+05,5.000000000000000000e+02,6.999999999999999556e-01,2.000000000000000111e-01,6.100421463999999849e-01,5.977902895000000161e-01
2.500000000000000000e+05,5.000000000000000000e+02,6.999999999999999556e-01,2.000000000000000111e-01,6.115353514000000379e-01,6.028014480000000175e-01
2.700000000000000000e+05,5.000000000000000000e+02,6.999999999999999556e-01,2.000000000000000111e-01,6.128131002000000160e-01,6.071369841999999517e-01
2.900000000000000000e+05,5.000000000000000000e+02,6.999999999999999556e-01,2.000000000000000111e-01,6.139188843999999756e-01,6.109249093999999936e-01
3.100000000000000000e+05,5.000000000000000000e+02,6.999999999999999556e-01,2.000000000000000111e-01,6.148852281000000142e-01,6.142628165000000307e-01
3.300000000000000000e+05,5.000000000000000000e+02,6.999999999999999556e-01,2.000000000000000111e-01,6.157369403000000352e-01,6.172264080999999569e-01
3.500000000000000000e+05,5.000000000000000000e+02,6.999999999999999556e-01,2.000000000000000111e-01,6.164932740999999883e-01,6.198753085000000551e-01
3.700000000000000000e+05,5.000000000000000000e+02,6.999999999999999556e-01,2.000000000000000111e-01,6.171693996999999543e-01,6.222571172999999956e-01
3.900000000000000000e+05,5.000000000000000000e+02,6.999999999999999556e-01,2.000000000000000111e-01,6.177774323000000400e-01,6.244102945999999710e-01
4.100000000000000000e+05,5.000000000000000000e+02,6.999999999999999556e-01,2.000000000000000111e-01,6.183271637999999681e-01,6.263662548999999746e-01
4.300000000000000000e+05,5.000000000000000000e+02,6.999999999999999556e-01,2.000000000000000111e-01,6.188265950000000348e-01,6.281509092000000516e-01
4.500000000000000000e+05,5.000000000000000000e+02,6.999999999999999556e-01,2.000000000000000111e-01,6.192823265000000355e-01,6.297858200000000517e-01
4.700000000000000000e+05,5.000000000000000000e+02,6.999999999999999556e-01,2.000000000000000111e-01,6.196998524000000286e-01,6.312890765999999987e-01
4.900000000000000000e+05,5.000000000000000000e+02,6.999999999999999556e-01,2.000000000000000111e-01,6.200837832000000160e-01,6.326759675999999999e-01
5.100000000000000000e+05,5.000000000000000000e+02,6.999999999999999556e-01,2.000000000000000111e-01,6.204380160000000366e-01,6.339595022999999774e-01
5.300000000000000000e+05,5.000000000000000000e+02,6.999999999999999556e-01,2.000000000000000111e-01,6.207658675999999653e-01,6.351508206999999517e-01
5.500000000000000000e+05,5.000000000000000000e+02,6.999999999999999556e-01,2.000000000000000111e-01,6.210701787000000307e-01,6.362595171999999577e-01
5.700000000000000000e+05,5.000000000000000000e+02,6.999999999999999556e-01,2.000000000000000111e-01,6.213533962999999716e-01,6.372938998999999605e-01
5.900000000000000000e+05,5.000000000000000000e+02,6.999999999999999556e-01,2.000000000000000111e-01,6.216176396000000492e-01,6.382611990000000013e-01
6.100000000000000000e+05,5.000000000000000000e+02,6.999999999999999556e-01,2.000000000000000111e-01,6.218647532000000089e-01,6.391677365000000277e-01
6.300000000000000000e+05,5.000000000000000000e+02,6.999999999999999556e-01,2.000000000000000111e-01,6.220963498999999564e-01,6.400190638999999626e-01
6.500000000000000000e+05,5.000000000000000000e+02,6.999999999999999556e-01,2.000000000000000111e-01,6.223138463999999814e-01,6.408200764999999466e-01
6.700000000000000000e+05,5.000000000000000000e+02,6.999999999999999556e-01,2.000000000000000111e-01,6.225184919999999789e-01,6.415751074000000109e-01
6.900000000000000000e+05,5.000000000000000000e+02,6.999999999999999556e-01,2.000000000000000111e-01,6.227113926999999771e-01,6.422880063000000472e-01
7.100000000000000000e+05,5.000000000000000000e+02,6.999999999999999556e-01,2.000000000000000111e-01,6.228935308999999920e-01,6.429622043999999592e-01
7.300000000000000000e+05,5.000000000000000000e+02,6.999999999999999556e-01,2.000000000000000111e-01,6.230657827000000148e-01,6.436007703999999663e-01
7.500000000000000000e+05,5.000000000000000000e+02,6.999999999999999556e-01,2.000000000000000111e-01,6.232289315000000274e-01,6.442064570000000101e-01
7.700000000000000000e+05,5.000000000000000000e+02,6.999999999999999556e-01,2.000000000000000111e-01,6.233836799999999956e-01,6.447817402000000087e-01
7.900000000000000000e+05,5.000000000000000000e+02,6.999999999999999556e-01,2.000000000000000111e-01,6.235306604999999447e-01,6.453288537000000380e-01
8.100000000000000000e+05,5.000000000000000000e+02,6.999999999999999556e-01,2.000000000000000111e-01,6.236704432999999881e-01,6.458498176000000424e-01
8.300000000000000000e+05,5.000000000000000000e+02,6.999999999999999556e-01,2.000000000000000111e-01,6.238035442999999569e-01,6.463464631999999987e-01
8.500000000000000000e+05,5.000000000000000000e+02,6.999999999999999556e-01,2.000000000000000111e-01,6.239304313000000324e-01,6.468204548000000553e-01
8.700000000000000000e+05,5.000000000000000000e+02,6.999999999999999556e-01,2.000000000000000111e-01,6.240515291999999548e-01,6.472733081999999527e-01
8.900000000000000000e+05,5.000000000000000000e+02,6.999999999999999556e-01,2.000000000000000111e-01,6.241672253000000170e-01,6.477064069000000313e-01
9.100000000000000000e+05,5.000000000000000000e+02,6.999999999999999556e-01,2.000000000000000111e-01,6.242778729000000304e-01,6.481210162999999636e-01
9.300000000000000000e+05,5.000000000000000000e+02,6.999999999999999556e-01,2.000000000000000111e-01,6.243837951999999802e-01,6.485182958999999858e-01
9.500000000000000000e+05,5.000000000000000000e+02,6.999999999999999556e-01,2.000000000000000111e-01,6.244852884999999576e-01,6.488993103000000318e-01
9.700000000000000000e+05,5.000000000000000000e+02,6.999999999999999556e-01,2.000000000000000111e-01,6.245826247000000331e-01,6.492650385999999552e-01
9.900000000000000000e+05,5.000000000000000000e+02,6.999999999999999556e-01,2.000000000000000111e-01,6.246760540000000361e-01,6.496163829000000112e-01
1.000000000000000000e+05,5.000000000000000000e+02,6.999999999999999556e-01,2.000000000000000111e-01,5.867601697000000005e-01,5.266413474000000150e-01
3.000000000000000000e+05,5.000000000000000000e+02,6.999999999999999556e-01,2.000000000000000111e-01,6.144177843000000472e-01,6.126449493000000190e-01
5.000000000000000000e+05,5.000000000000000000e+02,6.999999999999999556e-01,2.000000000000000111e-01,6.202643922999999671e-01,6.333299185999999859e-01
7.000000000000000000e+05,5.000000000000000000e+02,6.999999999999999556e-01,2.000000000000000111e-01,6.228037499999999893e-01,6.426297431999999921e-01
9.000000000000000000e+05,5.000000000000000000e+02,6.999999999999999556e-01,2.000000000000000111e-01,6.242231592000000440e-01,6.479159478999999555e-01
1.100000000000000000e+06,5.000000000000000000e+02,6.999999999999999556e-01,2.000000000000000111e-01,6.251295406000000332e-01,6.513258911000000539e-01
1.300000000000000000e+06,5.000000000000000000e+02,6.999999999999999556e-01,2.000000000000000111e-01,6.257583854999999584e-01,6.537080910000000467e-01
1.500000000000000000e+06,5.000000000000000000e+02,6.999999999999999556e-01,2.000000000000000111e-01,6.262201888999999744e-01,6.554664369999999574e-01
1.700000000000000000e+06,5.000000000000000000e+02,6.999999999999999556e-01,2.000000000000000111e-01,6.265736660999999819e-01,6.568176933999999578e-01
1.900000000000000000e+06,5.000000000000000000e+02,6.999999999999999556e-01,2.000000000000000111e-01,6.268529025000000310e-01,6.578886217999999619e-01
2.100000000000000000e+06,5.000000000000000000e+02,6.999999999999999556e-01,2.000000000000000111e-01,6.270790421999999920e-01,6.587583012000000071e-01
2.300000000000000000e+06,5.000000000000000000e+02,6.999999999999999556e-01,2.000000000000000111e-01,6.272658972000000333e-01,6.594786215000000285e-01
2.500000000000000000e+06,5.000000000000000000e+02,6.999999999999999556e-01,2.000000000000000111e-01,6.274228718000000038e-01,6.600850441000000179e-01
2.700000000000000000e+06,5.000000000000000000e+02,6.999999999999999556e-01,2.000000000000000111e-01,6.275565910000000525e-01,6.606026269000000450e-01
2.900000000000000000e+06,5.000000000000000000e+02,6.999999999999999556e-01,2.000000000000000111e-01,6.276718566000000221e-01,6.610495786000000207e-01
3.100000000000000000e+06,5.000000000000000000e+02,6.999999999999999556e-01,2.000000000000000111e-01,6.277722336000000070e-01,6.614394497000000150e-01
3.300000000000000000e+06,5.000000000000000000e+02,6.999999999999999556e-01,2.000000000000000111e-01,6.278604248000000387e-01,6.617825321000000427e-01
3.500000000000000000e+06,5.000000000000000000e+02,6.999999999999999556e-01,2.000000000000000111e-01,6.279385161999999632e-01,6.620867835999999507e-01
3.700000000000000000e+06,5.000000000000000000e+02,6.999999999999999556e-01,2.000000000000000111e-01,6.280081435000000045e-01,6.623584536000000078e-01
3.900000000000000000e+06,5.000000000000000000e+02,6.999999999999999556e-01,2.000000000000000111e-01,6.280706074999999888e-01,6.626025186999999761e-01
4.100000000000000000e+06,5.000000000000000000e+02,6.999999999999999556e-01,2.000000000000000111e-01,6.281269554999999727e-01,6.628229908999999642e-01
4.300000000000000000e+06,5.000000000000000000e+02,6.999999999999999556e-01,2.000000000000000111e-01,6.281780403000000179e-01,6.630231402999999801e-01
4.500000000000000000e+06,5.000000000000000000e+02,6.999999999999999556e-01,2.000000000000000111e-01,6.282245630999999664e-01,6.632056593999999805e-01
4.700000000000000000e+06,5.000000000000000000e+02,6.999999999999999556e-01,2.000000000000000111e-01,6.282671061000000279e-01,6.633727847999999483e-01
4.900000000000000000e+06,5.000000000000000000e+02,6.999999999999999556e-01,2.000000000000000111e-01,6.283061563999999821e-01,6.635263903000000463e-01
5.100000000000000000e+06,5.000000000000000000e+02,6.999999999999999556e-01,2.000000000000000111e-01,6.283421248999999653e-01,6.636680570999999862e-01
5.300000000000000000e+06,5.000000000000000000e+02,6.999999999999999556e-01,2.000000000000000111e-01,6.283753602999999632e-01,6.637991292999999571e-01
5.500000000000000000e+06,5.000000000000000000e+02,6.999999999999999556e-01,2.000000000000000111e-01,6.284061610000000186e-01,6.639207561000000091e-01
5.700000000000000000e+06,5.000000000000000000e+02,6.999999999999999556e-01,2.000000000000000111e-01,6.284347832000000134e-01,6.640339264000000297e-01
5.900000000000000000e+06,5.000000000000000000e+02,6.999999999999999556e-01,2.000000000000000111e-01,6.284614484999999640e-01,6.641394957999999793e-01
6.100000000000000000e+06,5.000000000000000000e+02,6.999999999999999556e-01,2.000000000000000111e-01,6.284863494000000328e-01,6.642382078999999884e-01
6.300000000000000000e+06,5.000000000000000000e+02,6.999999999999999556e-01,2.000000000000000111e-01,6.285096542000000452e-01,6.643307124999999758e-01
6.500000000000000000e+06,5.000000000000000000e+02,6.999999999999999556e-01,2.000000000000000111e-01,6.285315102999999848e-01,6.644175797000000383e-01
6.700000000000000000e+06,5.000000000000000000e+02,6.999999999999999556e-01,2.000000000000000111e-01,6.285520475000000440e-01,6.644993120000000086e-01
6.900000000000000000e+06,5.000000000000000000e+02,6.999999999999999556e-01,2.000000000000000111e-01,6.285713805000000542e-01,6.645763536000000027e-01
7.100000000000000000e+06,5.000000000000000000e+02,6.999999999999999556e-01,2.000000000000000111e-01,6.285896113000000174e-01,6.646490990000000210e-01
7.300000000000000000e+06,5.000000000000000000e+02,6.999999999999999556e-01,2.000000000000000111e-01,6.286068305999999994e-01,6.647178996999999478e-01
7.500000000000000000e+06,5.000000000000000000e+02,6.999999999999999556e-01,2.000000000000000111e-01,6.286231194000000411e-01,6.647830698000000149e-01
7.700000000000000000e+06,5.000000000000000000e+02,6.999999999999999556e-01,2.000000000000000111e-01,6.286385502000000347e-01,6.648448908999999851e-01
7.900000000000000000e+06,5.000000000000000000e+02,6.999999999999999556e-01,2.000000000000000111e-01,6.286531884999999598e-01,6.649036161000000389e-01
8.100000000000000000e+06,5.000000000000000000e+02,6.999999999999999556e-01,2.000000000000000111e-01,6.286670929000000019e-01,6.649594736999999700e-01
8.300000000000000000e+06,5.000000000000000000e+02,6.999999999999999556e-01,2.000000000000000111e-01,6.286803166000000109e-01,6.650126700999999807e-01
8.500000000000000000e+06,5.000000000000000000e+02,6.999999999999999556e-01,2.000000000000000111e-01,6.286929077999999782e-01,6.650633923000000003e-01
8.700000000000000000e+06,5.000000000000000000e+02,6.999999999999999556e-01,2.000000000000000111e-01,6.287049100999999585e-01,6.651118100999999783e-01
8.900000000000000000e+06,5.000000000000000000e+02,6.999999999999999556e-01,2.000000000000000111e-01,6.287163634000000334e-01,6.651580781999999470e-01
9.100000000000000000e+06,5.000000000000000000e+02,6.999999999999999556e-01,2.000000000000000111e-01,6.287273038999999786e-01,6.652023377000000348e-01
9.300000000000000000e+06,5.000000000000000000e+02,6.999999999999999556e-01,2.000000000000000111e-01,6.287377648999999957e-01,6.652447176000000351e-01
9.500000000000000000e+06,5.000000000000000000e+02,6.999999999999999556e-01,2.000000000000000111e-01,6.287477766000000301e-01,6.652853360999999577e-01
9.700000000000000000e+06,5.000000000000000000e+02,6.999999999999999556e-01,2.000000000000000111e-01,6.287573668999999477e-01,6.653243016000000010e-01
9.900000000000000000e+06,5.000000000000000000e+02,6.999999999999999556e-01,2.000000000000000111e-01,6.287665614999999875e-01,6.653617138999999847e-01
1.000000000000000000e+06,5.000000000000000000e+02,6.999999999999999556e-01,2.000000000000000111e-01,6.247213763000000197e-01,6.497869237000000187e-01
3.000000000000000000e+06,5.000000000000000000e+02,6.999999999999999556e-01,2.000000000000000111e-01,6.277237204000000181e-01,6.612509422000000248e-01
5.000000000000000000e+06,5.000000000000000000e+02,6.999999999999999556e-01,2.000000000000000111e-01,6.283245027999999621e-01,6.635986270000000520e-01
7.000000000000000000e+06,5.000000000000000000e+02,6.999999999999999556e-01,2.000000000000000111e-01,6.285806278000000136e-01,6.646132404000000271e-01
9.000000000000000000e+06,5.000000000000000000e+02,6.999999999999999556e-01,2.000000000000000111e-01,6.287218956000000247e-01,6.651804506999999811e-01
1.100000000000000000e+07,5.000000000000000000e+02,6.999999999999999556e-01,2.000000000000000111e-01,6.288110247999999514e-01,6.655434879999999609e-01
1.300000000000000000e+07,5.000000000000000000e+02,6.999999999999999556e-01,2.000000000000000111e-01,6.288721319000000198e-01,6.657962627000000300e-01
1.500000000000000000e+07,5.000000000000000000e+02,6.999999999999999556e-01,2.000000000000000111e-01,6.289164634999999670e-01,6.659827161000000384e-01
1.700000000000000000e+07,5.000000000000000000e+02,6.999999999999999556e-01,2.000000000000000111e-01,6.289499681000000342e-01,6.661261595999999896e-01
1.900000000000000000e+07,5.000000000000000000e+02,6.999999999999999556e-01,2.000000000000000111e-01,6.289760854000000512e-01,6.662401126000000451e-01
2.100000000000000000e+07,5.000000000000000000e+02,6.999999999999999556e-01,2.000000000000000111e-01,6.289969420000000033e-01,6.663329573999999811e-01
2.300000000000000000e+07,5.000000000000000000e+02,6.999999999999999556e-01,2.000000000000000111e-01,6.290139228000000138e-01,6.664101684000000025e-01
2.500000000000000000e+07,5.000000000000000000e+02,6.999999999999999556e-01,2.000000000000000111e-01,6.290279680000000484e-01,6.664754732000000015e-01
2.700000000000000000e+07,5.000000000000000000e+02,6.999999999999999556e-01,2.000000000000000111e-01,6.290397382000000315e-01,6.665314986000000497e-01
2.900000000000000000e+07,5.000000000000000000e+02,6.999999999999999556e-01,2.000000000000000111e-01,6.290497108999999476e-01,6.665801489999999552e-01
3.100000000000000000e+07,5.000000000000000000e+02,6.999999999999999556e-01,2.000000000000000111e-01,6.290582396999999659e-01,6.666228389999999671e-01
3.300000000000000000e+07,5.000000000000000000e+02,6.999999999999999556e-01,2.000000000000000111e-01,6.290655918999999985e-01,6.666606418999999617e-01
3.500000000000000000e+07,5.000000000000000000e+02,6.999999999999999556e-01,2.000000000000000111e-01,6.290719733999999841e-01,6.666943864000000053e-01
3.700000000000000000e+07,5.000000000000000000e+02,6.999999999999999556e-01,2.000000000000000111e-01,6.290775453000000406e-01,6.667247230999999719e-01
3.900000000000000000e+07,5.000000000000000000e+02,6.999999999999999556e-01,2.000000000000000111e-01,6.290824350999999481e-01,6.667521696999999525e-01
4.100000000000000000e+07,5.000000000000000000e+02,6.999999999999999556e-01,2.000000000000000111e-01,6.290867453999999803e-01,6.667771433000000414e-01
4.300000000000000000e+07,5.000000000000000000e+02,6.999999999999999556e-01,2.000000000000000111e-01,6.290905596000000433e-01,6.667999839999999567e-01
4.500000000000000000e+07,5.000000000000000000e+02,6.999999999999999556e-01,2.000000000000000111e-01,6.290939459000000067e-01,6.668209716999999870e-01
4.700000000000000000e+07,5.000000000000000000e+02,6.999999999999999556e-01,2.000000000000000111e-01,6.290969609000000018e-01,6.668403390999999569e-01
4.900000000000000000e+07,5.000000000000000000e+02,6.999999999999999556e-01,2.000000000000000111e-01,6.290996517000000399e-01,6.668582808999999889e-01
5.100000000000000000e+07,5.000000000000000000e+02,6.999999999999999556e-01,2.000000000000000111e-01,6.291020580999999723e-01,6.668749617000000462e-01
5.300000000000000000e+07,5.000000000000000000e+02,6.999999999999999556e-01,2.000000000000000111e-01,6.291042136000000173e-01,6.668905215000000553e-01
5.500000000000000000e+07,5.000000000000000000e+02,6.999999999999999556e-01,2.000000000000000111e-01,6.291061470000000044e-01,6.669050798000000224e-01
5.700000000000000000e+07,5.000000000000000000e+02,6.999999999999999556e-01,2.000000000000000111e-01,6.291078826999999540e-01,6.669187398000000488e-01
5.900000000000000000e+07,5.000000000000000000e+02,6.999999999999999556e-01,2.000000000000000111e-01,6.291094418999999549e-01,6.669315905999999572e-01
6.100000000000000000e+07,5.000000000000000000e+02,6.999999999999999556e-01,2.000000000000000111e-01,6.291108430999999834e-01,6.669437098999999591e-01
6.300000000000000000e+07,5.000000000000000000e+02,6.999999999999999556e-01,2.000000000000000111e-01,6.291121020000000064e-01,6.669551655000000023e-01
6.500000000000000000e+07,5.000000000000000000e+02,6.999999999999999556e-01,2.000000000000000111e-01,6.291132326999999691e-01,6.669660170000000221e-01
6.700000000000000000e+07,5.000000000000000000e+02,6.999999999999999556e-01,2.000000000000000111e-01,6.291142473999999929e-01,6.669763170000000407e-01
6.900000000000000000e+07,5.000000000000000000e+02,6.999999999999999556e-01,2.000000000000000111e-01,6.291151569999999804e-01,6.669861119000000116e-01
7.100000000000000000e+07,5.000000000000000000e+02,6.999999999999999556e-01,2.000000000000000111e-01,6.291159710000000516e-01,6.669954432000000377e-01
7.300000000000000000e+07,5.000000000000000000e+02,6.999999999999999556e-01,2.000000000000000111e-01,6.291166978000000132e-01,6.670043476000000471e-01
7.500000000000000000e+07,5.000000000000000000e+02,6.999999999999999556e-01,2.000000000000000111e-01,6.291173450000000500e-01,6.670128582000000028e-01
7.700000000000000000e+07,5.000000000000000000e+02,6.999999999999999556e-01,2.000000000000000111e-01,6.291179193000000502e-01,6.670210046000000226e-01
7.900000000000000000e+07,5.000000000000000000e+02,6.999999999999999556e-01,2.000000000000000111e-01,6.291184268999999718e-01,6.670288134999999841e-01
8.100000000000000000e+07,5.000000000000000000e+02,6.999999999999999556e-01,2.000000000000000111e-01,6.291188730000000229e-01,6.670363088999999857e-01
8.300000000000000000e+07,5.000000000000000000e+02,6.999999999999999556e-01,2.000000000000000111e-01,6.291192625999999510e-01,6.670435125000000465e-01
8.500000000000000000e+07,5.000000000000000000e+02,6.999999999999999556e-01,2.000000000000000111e-01,6.291196002000000176e-01,6.670504442000000367e-01
8.700000000000000000e+07,5.000000000000000000e+02,6.999999999999999556e-01,2.000000000000000111e-01,6.291198895999999818e-01,6.670571218999999941e-01
8.900000000000000000e+07,5.000000000000000000e+02,6.999999999999999556e-01,2.000000000000000111e-01,6.291201345000000389e-01,6.670635620000000543e-01
9.100000000000000000e+07,5.000000000000000000e+02,6.999999999999999556e-01,2.000000000000000111e-01,6.291203381000000094e-01,6.670697794000000069e-01
9.300000000000000000e+07,5.000000000000000000e+02,6.999999999999999556e-01,2.000000000000000111e-01,6.291205036000000472e-01,6.670757878999999946e-01
9.500000000000000000e+07,5.000000000000000000e+02,6.999999999999999556e-01,2.000000000000000111e-01,6.291206335000000260e-01,6.670816000999999495e-01
9.700000000000000000e+07,5.000000000000000000e+02,6.999999999999999556e-01,2.000000000000000111e-01,6.291207304999999472e-01,6.670872274000000379e-01
9.900000000000000000e+07,5.000000000000000000e+02,6.999999999999999556e-01,2.000000000000000111e-01,6.291207966999999845e-01,6.670926805000000348e-01
1.000000000000000000e+07,5.000000000000000000e+02,6.999999999999999556e-01,2.000000000000000111e-01,6.287710177999999983e-01,6.653798666000000361e-01
3.000000000000000000e+07,5.000000000000000000e+02,6.999999999999999556e-01,2.000000000000000111e-01,6.290541374000000463e-01,6.666021653000000491e-01
5.000000000000000000e+07,5.000000000000000000e+02,6.999999999999999556e-01,2.000000000000000111e-01,6.291008881999999858e-01,6.668667697000000283e-01
7.000000000000000000e+07,5.000000000000000000e+02,6.999999999999999556e-01,2.000000000000000111e-01,6.291155753999999600e-01,6.669908330999999579e-01
9.000000000000000000e+07,5.000000000000000000e+02,6.999999999999999556e-01,2.000000000000000111e-01,6.291202412999999938e-01,6.670666977000000442e-01
1.000000000000000000e+08,5.000000000000000000e+02,6.999999999999999556e-01,2.000000000000000111e-01,6.291208190000000533e-01,6.670953447999999897e-01
