# pressure,temperature,f1,f2,molkg1,molkg2
1.000000000000000000e+00,5.000000000000000000e+02,5.000000000000000000e-01,4.000000000000000222e-01,7.192680012000000184e-05,4.481012146999999911e-05
3.000000000000000000e+00,5.000000000000000000e+02,5.000000000000000000e-01,4.000000000000000222e-01,2.157204516999999962e-04,1.343970436999999930e-04
5.000000000000000000e+00,5.000000000000000000e+02,5.000000000000000000e-01,4.000000000000000222e-01,3.594342378000000161e-04,2.239395900000000126e-04
7.000000000000000000e+00,5.000000000000000000e+02,5.000000000000000000e-01,4.000000000000000222e-01,5.030682375999999661e-04,3.134378223000000249e-04
9.000000000000000000e+00,5.000000000000000000e+02,5.000000000000000000e-01,4.000000000000000222e-01,6.466225301000000456e-04,4.028918024000000160e-04
1.100000000000000000e+01,5.000000000000000000e+02,5.000000000000000000e-01,4.000000000000000222e-01,7.900971941999999611e-04,4.923015920000000213e-04
1.300000000000000000e+01,5.000000000000000000e+02,5.000000000000000000e-01,4.000000000000000222e-01,9.334923086999999831e-04,5.816672525999999578e-04
1.500000000000000000e+01,5.000000000000000000e+02,5.000000000000000000e-01,4.000000000000000222e-01,1.076807952000000037e-03,6.709888457999999911e-04
1.700000000000000000e+01,5.000000000000000000e+02,5.000000000000000000e-01,4.000000000000000222e-01,1.220044203000000046e-03,7.602664329000000283e-04
1.900000000000000000e+01,5.000000000000000000e+02,5.000000000000000000e-01,4.000000000000000222e-01,1.363201140999999953e-03,8.495000751999999761e-04
2.100000000000000000e+01,5.000000000000000000e+02,5.000000000000000000e-01,4.000000000000000222e-01,1.506278842000000106e-03,9.386898338999999803e-04
2.300000000000000000e+01,5.000000000000000000e+02,5.000000000000000000e-01,4.000000000000000222e-01,1.649277386999999963e-03,1.027835769999999906e-03
2.500000000000000000e+01,5.000000000000000000e+02,5.000000000000000000e-01,4.000000000000000222e-01,1.792196852000000088e-03,1.116937945000000048e-03
2.700000000000000000e+01,5.000000000000000000e+02,5.000000000000000000e-01,4.000000000000000222e-01,1.935037314999999954e-03,1.205996419000000038e-03
2.900000000000000000e+01,5.000000000000000000e+02,5.000000000000000000e-01,4.000000000000000222e-01,2.077798856000000107e-03,1.295011252000000069e-03
3.100000000000000000e+01,5.000000000000000000e+02,5.000000000000000000e-01,4.000000000000000222e-01,2.220481549999999814e-03,1.383982507000000107e-03
3.300000000000000000e+01,5.000000000000000000e+02,5.000000000000000000e-01,4.000000000000000222e-01,2.363085476999999841e-03,1.472910242999999914e-03
3.500000000000000000e+01,5.000000000000000000e+02,5.000000000000000000e-01,4.000000000000000222e-01,2.505610711999999886e-03,1.561794520999999899e-03
3.700000000000000000e+01,5.000000000000000000e+02,5.000000000000000000e-01,4.000000000000000222e-01,2.648057335000000064e-03,1.650635400000000043e-03
3.900000000000000000e+01,5.000000000000000000e+02,5.000000000000000000e-01,4.000000000000000222e-01,2.790425422000000072e-03,1.739432942000000096e-03
4.100000000000000000e+01,5.000000000000000000e+02,5.000000000000000000e-01,4.000000000000000222e-01,2.932715050000000035e-03,1.828187206000000042e-03
4.300000000000000000e+01,5.000000000000000000e+02,5.000000000000000000e-01,4.000000000000000222e-01,3.074926297000000076e-03,1.916898253000000069e-03
4.500000000000000000e+01,5.000000000000000000e+02,5.000000000000000000e-01,4.000000000000000222e-01,3.217059238999999890e-03,2.005566142000000159e-03
4.700000000000000000e+01,5.000000000000000000e+02,5.000000000000000000e-01,4.000000000000000222e-01,3.359113953000000038e-03,2.094190933999999851e-03
4.900000000000000000e+01,5.000000000000000000e+02,5.000000000000000000e-01,4.000000000000000222e-01,3.501090516000000211e-03,2.182772687000000215e-03
5.100000000000000000e+01,5.000000000000000000e+02,5.000000000000000000e-01,4.000000000000000222e-01,3.642989005000000103e-03,2.271311462000000139e-03
5.300000000000000000e+01,5.000000000000000000e+02,5.000000000000000000e-01,4.000000000000000222e-01,3.784809494999999847e-03,2.359807318999999817e-03
5.500000000000000000e+01,5.000000000000000000e+02,5.000000000000000000e-01,4.000000000000000222e-01,3.926552064000000432e-03,2.448260314999999888e-03
5.700000000000000000e+01,5.000000000000000000e+02,5.000000000000000000e-01,4.000000000000000222e-01,4.068216787000000258e-03,2.536670512000000106e-03
5.900000000000000000e+01,5.000000000000000000e+02,5.000000000000000000e-01,4.000000000000000222e-01,4.209803742000000314e-03,2.625037967999999805e-03
6.100000000000000000e+01,5.000000000000000000e+02,5.000000000000000000e-01,4.000000000000000222e-01,4.351313003000000304e-03,2.713362742000000050e-03
6.300000000000000000e+01,5.000000000000000000e+02,5.000000000000000000e-01,4.000000000000000222e-01,4.492744647000000355e-03,2.801644894000000167e-03
6.500000000000000000e+01,5.000000000000000000e+02,5.000000000000000000e-01,4.000000000000000222e-01,4.634098748999999733e-03,2.889884480999999929e-03
6.700000000000000000e+01,5.000000000000000000e+02,5.000000000000000000e-01,4.000000000000000222e-01,4.775375386000000298e-03,2.978081563999999959e-03
6.900000000000000000e+01,5.000000000000000000e+02,5.000000000000000000e-01,4.000000000000000222e-01,4.916574632999999583e-03,3.066236201000000026e-03
7.100000000000000000e+01,5.000000000000000000e+02,5.000000000000000000e-01,4.000000000000000222e-01,5.057696565000000324e-03,3.154348449999999898e-03
7.300000000000000000e+01,5.000000000000000000e+02,5.000000000000000000e-01,4.000000000000000222e-01,5.198741257999999615e-03,3.242418370000000206e-03
7.500000000000000000e+01,5.000000000000000000e+02,5.000000000000000000e-01,4.000000000000000222e-01,5.339708787000000192e-03,3.330446018999999851e-03
7.700000000000000000e+01,5.000000000000000000e+02,5.000000000000000000e-01,4.000000000000000222e-01,5.480599228000000017e-03,3.418431455999999900e-03
7.900000000000000000e+01,5.000000000000000000e+02,5.000000000000000000e-01,4.000000000000000222e-01,5.621412654000000099e-03,3.506374739000000119e-03
8.100000000000000000e+01,5.000000000000000000e+02,5.000000000000000000e-01,4.000000000000000222e-01,5.762149141999999696e-03,3.594275925999999843e-03
8.300000000000000000e+01,5.000000000000000000e+02,5.000000000000000000e-01,4.000000000000000222e-01,5.902808766000000248e-03,3.682135076000000139e-03
8.500000000000000000e+01,5.000000000000000000e+02,5.000000000000000000e-01,4.000000000000000222e-01,6.043391599999999725e-03,3.769952244999999914e-03
8.700000000000000000e+01,5.000000000000000000e+02,5.000000000000000000e-01,4.000000000000000222e-01,6.183897720000000424e-03,3.857727492999999796e-03
8.900000000000000000e+01,5.000000000000000000e+02,5.000000000000000000e-01,4.000000000000000222e-01,6.324327200000000315e-03,3.945460876000000429e-03
9.100000000000000000e+01,5.000000000000000000e+02,5.000000000000000000e-01,4.000000000000000222e-01,6.464680113999999971e-03,4.033152451999999846e-03
9.300000000000000000e+01,5.000000000000000000e+02,5.000000000000000000e-01,4.000000000000000222e-01,6.604956535999999961e-03,4.120802278999999985e-03
9.500000000000000000e+01,5.000000000000000000e+02,5.000000000000000000e-01,4.000000000000000222e-01,6.745156541999999984e-03,4.208410414999999745e-03
9.700000000000000000e+01,5.000000000000000000e+02,5.000000000000000000e-01,4.000000000000000222e-01,6.885280203999999751e-03,4.295976915999999771e-03
9.900000000000000000e+01,5.000000000000000000e+02,5.000000000000000000e-01,4.000000000000000222e-01,7.025327597000000264e-03,4.383501839999999830e-03
1.000000000000000000e+01,5.000000000000000000e+02,5.000000000000000000e-01,4.000000000000000222e-01,7.183698108000000082e-04,4.476022170999999932e-04
3.000000000000000000e+01,5.000000000000000000e+02,5.000000000000000000e-01,4.000000000000000222e-01,2.149150054000000063e-03,1.339502323000000021e-03
5.000000000000000000e+01,5.000000000000000000e+02,5.000000000000000000e-01,4.000000000000000222e-01,3.572049514999999995e-03,2.227047443000000192e-03
7.000000000000000000e+01,5.000000000000000000e+02,5.000000000000000000e-01,4.000000000000000222e-01,4.987145259000000386e-03,3.110297619999999839e-03
9.000000000000000000e+01,5.000000000000000000e+02,5.000000000000000000e-01,4.000000000000000222e-01,6.394513222999999649e-03,3.989311885999999654e-03
1.100000000000000000e+02,5.000000000000000000e+02,5.000000000000000000e-01,4.000000000000000222e-01,7.794228238999999746e-03,4.864148282000000170e-03
1.300000000000000000e+02,5.000000000000000000e+02,5.000000000000000000e-01,4.000000000000000222e-01,9.186364057999999583e-03,5.734863877000000165e-03
1.500000000000000000e+02,5.000000000000000000e+02,5.000000000000000000e-01,4.000000000000000222e-01,1.057099335999999931e-02,6.601514781000000082e-03
1.700000000000000000e+02,5.000000000000000000e+02,5.000000000000000000e-01,4.000000000000000222e-01,1.194818779999999928e-02,7.464156167000000203e-03
1.900000000000000000e+02,5.000000000000000000e+02,5.000000000000000000e-01,4.000000000000000222e-01,1.331801797999999926e-02,8.322842287000000588e-03
2.100000000000000000e+02,5.000000000000000000e+02,5.000000000000000000e-01,4.000000000000000222e-01,1.468055352999999945e-02,9.177626487999999277e-03
2.300000000000000000e+02,5.000000000000000000e+02,5.000000000000000000e-01,4.000000000000000222e-01,1.603586308000000057e-02,1.002856123000000002e-02
2.500000000000000000e+02,5.000000000000000000e+02,5.000000000000000000e-01,4.000000000000000222e-01,1.738401430000000025e-02,1.087569809000000012e-02
2.700000000000000000e+02,5.000000000000000000e+02,5.000000000000000000e-01,4.000000000000000222e-01,1.872507388999999911e-02,1.171908779999999983e-02
2.900000000000000000e+02,5.000000000000000000e+02,5.000000000000000000e-01,4.000000000000000222e-01,2.005910765000000137e-02,1.255878023999999933e-02
3.100000000000000000e+02,5.000000000000000000e+02,5.000000000000000000e-01,4.000000000000000222e-01,2.138618046000000106e-02,1.339482449000000026e-02
3.300000000000000000e+02,5.000000000000000000e+02,5.000000000000000000e-01,4.000000000000000222e-01,2.270635627999999934e-02,1.422726877000000077e-02
3.500000000000000000e+02,5.000000000000000000e+02,5.000000000000000000e-01,4.000000000000000222e-01,2.401969821999999991e-02,1.505616054999999939e-02
3.700000000000000000e+02,5.000000000000000000e+02,5.000000000000000000e-01,4.000000000000000222e-01,2.532626852000000039e-02,1.588154648000000141e-02
3.900000000000000000e+02,5.000000000000000000e+02,5.000000000000000000e-01,4.000000000000000222e-01,2.662612856000000014e-02,1.670347246000000035e-02
4.100000000000000000e+02,5.000000000000000000e+02,5.000000000000000000e-01,4.000000000000000222e-01,2.791933888999999919e-02,1.752198363999999883e-02
4.300000000000000000e+02,5.000000000000000000e+02,5.000000000000000000e-01,4.000000000000000222e-01,2.920595924999999995e-02,1.833712440999999901e-02
4.500000000000000000e+02,5.000000000000000000e+02,5.000000000000000000e-01,4.000000000000000222e-01,3.048604858000000112e-02,1.914893843999999901e-02
4.700000000000000000e+02,5.000000000000000000e+02,5.000000000000000000e-01,4.000000000000000222e-01,3.175966502000000108e-02,1.995746867999999979e-02
4.900000000000000000e+02,5.000000000000000000e+02,5.000000000000000000e-01,4.000000000000000222e-01,3.302686595999999863e-02,2.076275736999999913e-02
5.100000000000000000e+02,5.000000000000000000e+02,5.000000000000000000e-01,4.000000000000000222e-01,3.428770798999999925e-02,2.156484607000000095e-02
5.300000000000000000e+02,5.000000000000000000e+02,5.000000000000000000e-01,4.000000000000000222e-01,3.554224698999999821e-02,2.236377566000000150e-02
5.500000000000000000e+02,5.000000000000000000e+02,5.000000000000000000e-01,4.000000000000000222e-01,3.679053808999999814e-02,2.315958632999999892e-02
5.700000000000000000e+02,5.000000000000000000e+02,5.000000000000000000e-01,4.000000000000000222e-01,3.803263569999999760e-02,2.395231764999999902e-02
5.900000000000000000e+02,5.000000000000000000e+02,5.000000000000000000e-01,4.000000000000000222e-01,3.926859352999999969e-02,2.474200849999999910e-02
6.100000000000000000e+02,5.000000000000000000e+02,5.000000000000000000e-01,4.000000000000000222e-01,4.049846459999999898e-02,2.552869718000000052e-02
6.300000000000000000e+02,5.000000000000000000e+02,5.000000000000000000e-01,4.000000000000000222e-01,4.172230122000000069e-02,2.631242131000000040e-02
6.500000000000000000e+02,5.000000000000000000e+02,5.000000000000000000e-01,4.000000000000000222e-01,4.294015504999999788e-02,2.709321794000000075e-02
6.700000000000000000e+02,5.000000000000000000e+02,5.000000000000000000e-01,4.000000000000000222e-01,4.415207708999999842e-02,2.787112349000000003e-02
6.900000000000000000e+02,5.000000000000000000e+02,5.000000000000000000e-01,4.000000000000000222e-01,4.535811768999999799e-02,2.864617381999999893e-02
7.100000000000000000e+02,5.000000000000000000e+02,5.000000000000000000e-01,4.000000000000000222e-01,4.655832655000000098e-02,2.941840417999999971e-02
7.300000000000000000e+02,5.000000000000000000e+02,5.000000000000000000e-01,4.000000000000000222e-01,4.775275276999999680e-02,3.018784924999999911e-02
7.500000000000000000e+02,5.000000000000000000e+02,5.000000000000000000e-01,4.000000000000000222e-01,4.894144480999999824e-02,3.095454316000000039e-02
7.700000000000000000e+02,5.000000000000000000e+02,5.000000000000000000e-01,4.000000000000000222e-01,5.012445053999999706e-02,3.171851950000000031e-02
7.900000000000000000e+02,5.000000000000000000e+02,5.000000000000000000e-01,4.000000000000000222e-01,5.130181721999999694e-02,3.247981127999999967e-02
8.100000000000000000e+02,5.000000000000000000e+02,5.000000000000000000e-01,4.000000000000000222e-01,5.247359154000000303e-02,3.323845100000000219e-02
8.300000000000000000e+02,5.000000000000000000e+02,5.000000000000000000e-01,4.000000000000000222e-01,5.363981961000000021e-02,3.399447064000000324e-02
8.500000000000000000e+02,5.000000000000000000e+02,5.000000000000000000e-01,4.000000000000000222e-01,5.480054697000000252e-02,3.474790165999999680e-02
8.700000000000000000e+02,5.000000000000000000e+02,5.000000000000000000e-01,4.000000000000000222e-01,5.595581859999999852e-02,3.549877500000000324e-02
8.900000000000000000e+02,5.000000000000000000e+02,5.000000000000000000e-01,4.000000000000000222e-01,5.710567896000000310e-02,3.624712111000000236e-02
9.100000000000000000e+02,5.000000000000000000e+02,5.000000000000000000e-01,4.000000000000000222e-01,5.825017194999999870e-02,3.699296995999999671e-02
9.300000000000000000e+02,5.000000000000000000e+02,5.000000000000000000e-01,4.000000000000000222e-01,5.938934092999999942e-02,3.773635101000000214e-02
9.500000000000000000e+02,5.000000000000000000e+02,5.000000000000000000e-01,4.000000000000000222e-01,6.052322875999999879e-02,3.847729328999999893e-02
9.700000000000000000e+02,5.000000000000000000e+02,5.000000000000000000e-01,4.000000000000000222e-01,6.165187778000000285e-02,3.921582531000000066e-02
9.900000000000000000e+02,5.000000000000000000e+02,5.000000000000000000e-01,4.000000000000000222e-01,6.277532984000000482e-02,3.995197517000000087e-02
1.000000000000000000e+02,5.000000000000000000e+02,5.000000000000000000e-01,4.000000000000000222e-01,7.095322714999999572e-03,4.427248729000000070e-03
3.000000000000000000e+02,5.000000000000000000e+02,5.000000000000000000e-01,4.000000000000000222e-01,2.072351014999999907e-02,1.297725536000000034e-02
5.000000000000000000e+02,5.000000000000000000e+02,5.000000000000000000e-01,4.000000000000000222e-01,3.365807831999999972e-02,2.116419915000000013e-02
7.000000000000000000e+02,5.000000000000000000e+02,5.000000000000000000e-01,4.000000000000000222e-01,4.595894799999999947e-02,2.903263931000000034e-02
9.000000000000000000e+02,5.000000000000000000e+02,5.000000000000000000e-01,4.000000000000000222e-01,5.767859364999999849e-02,3.662035584000000038e-02
1.100000000000000000e+03,5.000000000000000000e+02,5.000000000000000000e-01,4.000000000000000222e-01,6.886324360999999949e-02,4.395943072999999868e-02
1.300000000000000000e+03,5.000000000000000000e+02,5.000000000000000000e-01,4.000000000000000222e-01,7.955385035999999743e-02,5.107713953000000279e-02
1.500000000000000000e+03,5.000000000000000000e+02,5.000000000000000000e-01,4.000000000000000222e-01,8.978688012999999635e-02,5.799668964000000149e-02
1.700000000000000000e+03,5.000000000000000000e+02,5.000000000000000000e-01,4.000000000000000222e-01,9.959495956000000150e-02,6.473783486999999670e-02
1.900000000000000000e+03,5.000000000000000000e+02,5.000000000000000000e-01,4.000000000000000222e-01,1.090074087000000025e-01,7.131738925000000173e-02
2.100000000000000000e+03,5.000000000000000000e+02,5.000000000000000000e-01,4.000000000000000222e-01,1.180506832000000061e-01,7.774965891000000517e-02
2.300000000000000000e+03,5.000000000000000000e+02,5.000000000000000000e-01,4.000000000000000222e-01,1.267487432999999941e-01,8.404680679999999848e-02
2.500000000000000000e+03,5.000000000000000000e+02,5.000000000000000000e-01,4.000000000000000222e-01,1.351233632999999934e-01,9.021916218000000653e-02
2.700000000000000000e+03,5.000000000000000000e+02,5.000000000000000000e-01,4.000000000000000222e-01,1.431943938000000138e-01,9.627548445000000399e-02
2.900000000000000000e+03,5.000000000000000000e+02,5.000000000000000000e-01,4.000000000000000222e-01,1.509799834999999979e-01,1.022231890000000060e-01
3.100000000000000000e+03,5.000000000000000000e+02,5.000000000000000000e-01,4.000000000000000222e-01,1.584967690000000096e-01,1.080685415999999982e-01
3.300000000000000000e+03,5.000000000000000000e+02,5.000000000000000000e-01,4.000000000000000222e-01,1.657600381000000067e-01,1.138168254999999962e-01
3.500000000000000000e+03,5.000000000000000000e+02,5.000000000000000000e-01,4.000000000000000222e-01,1.727838707000000085e-01,1.194724865999999969e-01
3.700000000000000000e+03,5.000000000000000000e+02,5.000000000000000000e-01,4.000000000000000222e-01,1.795812602999999896e-01,1.250392590000000137e-01
3.900000000000000000e+03,5.000000000000000000e+02,5.000000000000000000e-01,4.000000000000000222e-01,1.861642212999999879e-01,1.305202742000000082e-01
4.100000000000000000e+03,5.000000000000000000e+02,5.000000000000000000e-01,4.000000000000000222e-01,1.925438821999999883e-01,1.359181560000000122e-01
4.300000000000000000e+03,5.000000000000000000e+02,5.000000000000000000e-01,4.000000000000000222e-01,1.987305674000000022e-01,1.412351028999999925e-01
4.500000000000000000e+03,5.000000000000000000e+02,5.000000000000000000e-01,4.000000000000000222e-01,2.047338706000000064e-01,1.464729600000000131e-01
4.700000000000000000e+03,5.000000000000000000e+02,5.000000000000000000e-01,4.000000000000000222e-01,2.105627189000000010e-01,1.516332810000000086e-01
4.900000000000000000e+03,5.000000000000000000e+02,5.000000000000000000e-01,4.000000000000000222e-01,2.162254302999999933e-01,1.567173827999999991e-01
5.100000000000000000e+03,5.000000000000000000e+02,5.000000000000000000e-01,4.000000000000000222e-01,2.217297655999999895e-01,1.617263912000000137e-01
5.300000000000000000e+03,5.000000000000000000e+02,5.000000000000000000e-01,4.000000000000000222e-01,2.270829742999999901e-01,1.666612816999999969e-01
5.500000000000000000e+03,5.000000000000000000e+02,5.000000000000000000e-01,4.000000000000000222e-01,2.322918365999999957e-01,1.715229135999999932e-01
5.700000000000000000e+03,5.000000000000000000e+02,5.000000000000000000e-01,4.000000000000000222e-01,2.373627004999999957e-01,1.763120588000000044e-01
5.900000000000000000e+03,5.000000000000000000e+02,5.000000000000000000e-01,4.000000000000000222e-01,2.423015162999999916e-01,1.810294272999999898e-01
6.100000000000000000e+03,5.000000000000000000e+02,5.000000000000000000e-01,4.000000000000000222e-01,2.471138676000000090e-01,1.856756867999999894e-01
6.300000000000000000e+03,5.000000000000000000e+02,5.000000000000000000e-01,4.000000000000000222e-01,2.518049989999999738e-01,1.902514807000000030e-01
6.500000000000000000e+03,5.000000000000000000e+02,5.000000000000000000e-01,4.000000000000000222e-01,2.563798420999999772e-01,1.947574414999999892e-01
6.700000000000000000e+03,5.000000000000000000e+02,5.000000000000000000e-01,4.000000000000000222e-01,2.608430388999999905e-01,1.991942023000000117e-01
6.900000000000000000e+03,5.000000000000000000e+02,5.000000000000000000e-01,4.000000000000000222e-01,2.651989632999999791e-01,2.035624054999999877e-01
7.100000000000000000e+03,5.000000000000000000e+02,5.000000000000000000e-01,4.000000000000000222e-01,2.694517403000000200e-01,2.078627096000000007e-01
7.300000000000000000e+03,5.000000000000000000e+02,5.000000000000000000e-01,4.000000000000000222e-01,2.736052646000000088e-01,2.120957943000000012e-01
7.500000000000000000e+03,5.000000000000000000e+02,5.000000000000000000e-01,4.000000000000000222e-01,2.776632165999999846e-01,2.162623636999999877e-01
7.700000000000000000e+03,5.000000000000000000e+02,5.000000000000000000e-01,4.000000000000000222e-01,2.816290778000000161e-01,2.203631490000000082e-01
7.900000000000000000e+03,5.000000000000000000e+02,5.000000000000000000e-01,4.000000000000000222e-01,2.855061447999999724e-01,2.243989087999999910e-01
8.100000000000000000e+03,5.000000000000000000e+02,5.000000000000000000e-01,4.000000000000000222e-01,2.892975416999999938e-01,2.283704299000000049e-01
8.300000000000000000e+03,5.000000000000000000e+02,5.000000000000000000e-01,4.000000000000000222e-01,2.930062326000000272e-01,2.322785264999999988e-01
8.500000000000000000e+03,5.000000000000000000e+02,5.000000000000000000e-01,4.000000000000000222e-01,2.966350316999999959e-01,2.361240390999999883e-01
8.700000000000000000e+03,5.000000000000000000e+02,5.000000000000000000e-01,4.000000000000000222e-01,3.001866141000000265e-01,2.399078329000000065e-01
8.900000000000000000e+03,5.000000000000000000e+02,5.000000000000000000e-01,4.000000000000000222e-01,3.036635240000000180e-01,2.436307956000000052e-01
9.100000000000000000e+03,5.000000000000000000e+02,5.000000000000000000e-01,4.000000000000000222e-01,3.070681845000000076e-01,2.472938356999999920e-01
9.300000000000000000e+03,5.000000000000000000e+02,5.000000000000000000e-01,4.000000000000000222e-01,3.104029040999999878e-01,2.508978796999999927e-01
9.500000000000000000e+03,5.000000000000000000e+02,5.000000000000000000e-01,4.000000000000000222e-01,3.136698850999999899e-01,2.544438694000000223e-01
9.700000000000000000e+03,5.000000000000000000e+02,5.000000000000000000e-01,4.000000000000000222e-01,3.168712296000000261e-01,2.579327600999999914e-01
9.900000000000000000e+03,5.000000000000000000e+02,5.000000000000000000e-01,4.000000000000000222e-01,3.200089459000000081e-01,2.613655172000000082e-01
1.000000000000000000e+03,5.000000000000000000e+02,5.000000000000000000e-01,4.000000000000000222e-01,6.333511994000000367e-02,4.031916543999999880e-02
3.000000000000000000e+03,5.000000000000000000e+02,5.000000000000000000e-01,4.000000000000000222e-01,1.547709914000000020e-01,1.051583078999999976e-01
5.000000000000000000e+03,5.000000000000000000e+02,5.000000000000000000e-01,4.000000000000000222e-01,2.189969304000000117e-01,1.592312096000000066e-01
7.000000000000000000e+03,5.000000000000000000e+02,5.000000000000000000e-01,4.000000000000000222e-01,2.673379966000000163e-01,2.057210030000000134e-01
9.000000000000000000e+03,5.000000000000000000e+02,5.000000000000000000e-01,4.000000000000000222e-01,3.053747385999999731e-01,2.454697485000000012e-01
1.100000000000000000e+04,5.000000000000000000e+02,5.000000000000000000e-01,4.000000000000000222e-01,3.362108448000000194e-01,2.792860008999999977e-01
1.300000000000000000e+04,5.000000000000000000e+02,5.000000000000000000e-01,4.000000000000000222e-01,3.617464809000000003e-01,3.081213834000000040e-01
1.500000000000000000e+04,5.000000000000000000e+02,5.000000000000000000e-01,4.000000000000000222e-01,3.832396267000000023e-01,3.328918094000000161e-01
1.700000000000000000e+04,5.000000000000000000e+02,5.000000000000000000e-01,4.000000000000000222e-01,4.015716889000000012e-01,3.543724114999999841e-01
1.900000000000000000e+04,5.000000000000000000e+02,5.000000000000000000e-01,4.000000000000000222e-01,4.173845508999999843e-01,3.731802779000000236e-01
2.100000000000000000e+04,5.000000000000000000e+02,5.000000000000000000e-01,4.000000000000000222e-01,4.311584615999999870e-01,3.897957443000000244e-01
2.300000000000000000e+04,5.000000000000000000e+02,5.000000000000000000e-01,4.000000000000000222e-01,4.432601248999999966e-01,4.045918752000000063e-01
2.500000000000000000e+04,5.000000000000000000e+02,5.000000000000000000e-01,4.000000000000000222e-01,4.539742197000000146e-01,4.178606489999999729e-01
2.700000000000000000e+04,5.000000000000000000e+02,5.000000000000000000e-01,4.000000000000000222e-01,4.635249139000000018e-01,4.298332986999999772e-01
2.900000000000000000e+04,5.000000000000000000e+02,5.000000000000000000e-01,4.000000000000000222e-01,4.720909683999999773e-01,4.406953426999999923e-01
3.100000000000000000e+04,5.000000000000000000e+02,5.000000000000000000e-01,4.000000000000000222e-01,4.798165683999999764e-01,4.505975232000000164e-01
3.300000000000000000e+04,5.000000000000000000e+02,5.000000000000000000e-01,4.000000000000000222e-01,4.868192241000000031e-01,4.596637746000000191e-01
3.500000000000000000e+04,5.000000000000000000e+02,5.000000000000000000e-01,4.000000000000000222e-01,4.931956202000000178e-01,4.679970814000000146e-01
3.700000000000000000e+04,5.000000000000000000e+02,5.000000000000000000e-01,4.000000000000000222e-01,4.990260041999999840e-01,4.756838389999999972e-01
3.900000000000000000e+04,5.000000000000000000e+02,5.000000000000000000e-01,4.000000000000000222e-01,5.043775184000000023e-01,4.827971456999999855e-01
4.100000000000000000e+04,5.000000000000000000e+02,5.000000000000000000e-01,4.000000000000000222e-01,5.093067581000000343e-01,4.893993224000000031e-01
4.300000000000000000e+04,5.000000000000000000e+02,5.000000000000000000e-01,4.000000000000000222e-01,5.138617570000000301e-01,4.955438671999999878e-01
4.500000000000000000e+04,5.000000000000000000e+02,5.000000000000000000e-01,4.000000000000000222e-01,5.180835419999999525e-01,5.012769896000000003e-01
4.700000000000000000e+04,5.000000000000000000e+02,5.000000000000000000e-01,4.000000000000000222e-01,5.220073627000000327e-01,5.066388293000000376e-01
4.900000000000000000e+04,5.000000000000000000e+02,5.000000000000000000e-01,4.000000000000000222e-01,5.256636718999999625e-01,5.116644331999999906e-01
5.100000000000000000e+04,5.000000000000000000e+02,5.000000000000000000e-01,4.000000000000000222e-01,5.290789127999999675e-01,5.163845469000000188e-01
5.300000000000000000e+04,5.000000000000000000e+02,5.000000000000000000e-01,4.000000000000000222e-01,5.322761572999999968e-01,5.208262609999999571e-01
5.500000000000000000e+04,5.000000000000000000e+02,5.000000000000000000e-01,4.000000000000000222e-01,5.352756262000000209e-01,5.250135422999999690e-01
5.700000000000000000e+04,5.000000000000000000e+02,5.000000000000000000e-01,4.000000000000000222e-01,5.380951153999999903e-01,5.289676746999999457e-01
5.900000000000000000e+04,5.000000000000000000e+02,5.000000000000000000e-01,4.000000000000000222e-01,5.407503490999999718e-01,5.327076259999999897e-01
6.100000000000000000e+04,5.000000000000000000e+02,5.000000000000000000e-01,4.000000000000000222e-01,5.432552721000000195e-01,5.362503564999999695e-01
6.300000000000000000e+04,5.000000000000000000e+02,5.000000000000000000e-01,4.000000000000000222e-01,5.456222946000000018e-01,5.396110780999999745e-01
6.500000000000000000e+04,5.000000000000000000e+02,5.000000000000000000e-01,4.000000000000000222e-01,5.478624977999999590e-01,5.428034753999999573e-01
6.700000000000000000e+04,5.000000000000000000e+02,5.000000000000000000e-01,4.000000000000000222e-01,5.499858066999999684e-01,5.458398925999999873e-01
6.900000000000000000e+04,5.000000000000000000e+02,5.000000000000000000e-01,4.000000000000000222e-01,5.520011369999999751e-01,5.487314945000000277e-01
7.100000000000000000e+04,5.000000000000000000e+02,5.000000000000000000e-01,4.000000000000000222e-01,5.539165205999999619e-01,5.514884039999999876e-01
7.300000000000000000e+04,5.000000000000000000e+02,5.000000000000000000e-01,4.000000000000000222e-01,5.557392119999999824e-01,5.541198214000000455e-01
7.500000000000000000e+04,5.000000000000000000e+02,5.000000000000000000e-01,4.000000000000000222e-01,5.574757804000000094e-01,5.566341271000000424e-01
7.700000000000000000e+04,5.000000000000000000e+02,5.000000000000000000e-01,4.000000000000000222e-01,5.591321886000000241e-01,5.590389711000000039e-01
7.900000000000000000e+04,5.000000000000000000e+02,5.000000000000000000e-01,4.000000000000000222e-01,5.607138613000000049e-01,5.613413511000000522e-01
8.100000000000000000e+04,5.000000000000000000e+02,5.000000000000000000e-01,4.000000000000000222e-01,5.622257447999999824e-01,5.635476802000000118e-01
8.300000000000000000e+04,5.000000000000000000e+02,5.000000000000000000e-01,4.000000000000000222e-01,5.636723580000000400e-01,5.656638474999999833e-01
8.500000000000000000e+04,5.000000000000000000e+02,5.000000000000000000e-01,4.000000000000000222e-01,5.650578381999999955e-01,5.676952697999999575e-01
8.700000000000000000e+04,5.000000000000000000e+02,5.000000000000000000e-01,4.000000000000000222e-01,5.663859801999999721e-01,5.696469386000000412e-01
8.900000000000000000e+04,5.000000000000000000e+02,5.000000000000000000e-01,4.000000000000000222e-01,5.676602711999999551e-01,5.715234606000000328e-01
9.100000000000000000e+04,5.000000000000000000e+02,5.000000000000000000e-01,4.000000000000000222e-01,5.688839210999999674e-01,5.733290947000000415e-01
9.300000000000000000e+04,5.000000000000000000e+02,5.000000000000000000e-01,4.000000000000000222e-01,5.700598896999999887e-01,5.750677835999999932e-01
9.500000000000000000e+04,5.000000000000000000e+02,5.000000000000000000e-01,4.000000000000000222e-01,5.711909105000000375e-01,5.767431830000000481e-01
9.700000000000000000e+04,5.000000000000000000e+02,5.000000000000000000e-01,4.000000000000000222e-01,5.722795122999999595e-01,5.783586871000000462e-01
9.900000000000000000e+04,5.000000000000000000e+02,5.000000000000000000e-01,4.000000000000000222e-01,5.733280373000000374e-01,5.799174516999999751e-01
1.000000000000000000e+04,5.000000000000000000e+02,5.000000000000000000e-01,4.000000000000000222e-01,3.215545468000000073e-01,2.630611496999999965e-01
3.000000000000000000e+04,5.000000000000000000e+02,5.000000000000000000e-01,4.000000000000000222e-01,4.760509325999999763e-01,4.457581188999999999e-01
5.000000000000000000e+04,5.000000000000000000e+02,5.000000000000000000e-01,4.000000000000000222e-01,5.273999113999999766e-01,5.140609041999999462e-01
7.000000000000000000e+04,5.000000000000000000e+02,5.000000000000000000e-01,4.000000000000000222e-01,5.529708516000000351e-01,5.501261903999999925e-01
9.000000000000000000e+04,5.000000000000000000e+02,5.000000000000000000e-01,4.000000000000000222e-01,5.682782357000000228e-01,5.724348851999999654e-01
1.100000000000000000e+05,5.000000000000000000e+02,5.000000000000000000e-01,4.000000000000000222e-01,5.784683565999999555e-01,5.875982609000000023e-01
1.300000000000000000e+05,5.000000000000000000e+02,5.000000000000000000e-01,4.000000000000000222e-01,5.857397214999999768e-01,5.985755140999999835e-01
1.500000000000000000e+05,5.000000000000000000e+02,5.000000000000000000e-01,4.000000000000000222e-01,5.911892292999999521e-01,6.068899408000000273e-01
1.700000000000000000e+05,5.000000000000000000e+02,5.000000000000000000e-01,4.000000000000000222e-01,5.954253347000000307e-01,6.134056894999999621e-01
1.900000000000000000e+05,5.000000000000000000e+02,5.000000000000000000e-01,4.000000000000000222e-01,5.988126902999999501e-01,6.186494900000000241e-01
2.100000000000000000e+05,5.000000000000000000e+02,5.000000000000000000e-01,4.000000000000000222e-01,6.015831395999999831e-01,6.229606950999999615e-01
2.300000000000000000e+05,5.000000000000000000e+02,5.000000000000000000e-01,4.000000000000000222e-01,6.038911331999999854e-01,6.265677976000000315e-01
2.500000000000000000e+05,5.000000000000000000e+02,5.000000000000000000e-01,4.000000000000000222e-01,6.058435353000000134e-01,6.296302820000000411e-01
2.700000000000000000e+05,5.000000000000000000e+02,5.000000000000000000e-01,4.000000000000000222e-01,6.075166397000000273e-01,6.322628474999999471e-01
2.900000000000000000e+05,5.000000000000000000e+02,5.000000000000000000e-01,4.000000000000000222e-01,6.089663713999999839e-01,6.345500976000000293e-01
3.100000000000000000e+05,5.000000000000000000e+02,5.000000000000000000e-01,4.000000000000000222e-01,6.102346590999999654e-01,6.365558029000000229e-01
3.300000000000000000e+05,5.000000000000000000e+02,5.000000000000000000e-01,4.000000000000000222e-01,6.113535557999999481e-01,6.383289422000000268e-01
3.500000000000000000e+05,5.000000000000000000e+02,5.000000000000000000e-01,4.000000000000000222e-01,6.123479847999999670e-01,6.399077559000000415e-01
3.700000000000000000e+05,5.000000000000000000e+02,5.000000000000000000e-01,4.000000000000000222e-01,6.132376173000000374e-01,6.413225359999999986e-01
3.900000000000000000e+05,5.000000000000000000e+02,5.000000000000000000e-01,4.000000000000000222e-01,6.140381871000000213e-01,6.425975894000000022e-01
4.100000000000000000e+05,5.000000000000000000e+02,5.000000000000000000e-01,4.000000000000000222e-01,6.147624283999999495e-01,6.437526465999999781e-01
4.300000000000000000e+05,5.000000000000000000e+02,5.000000000000000000e-01,4.000000000000000222e-01,6.154207581999999732e-01,6.448038899000000379e-01
4.500000000000000000e+05,5.000000000000000000e+02,5.000000000000000000e-01,4.000000000000000222e-01,6.160217807000000212e-01,6.457647171999999491e-01
4.700000000000000000e+05,5.000000000000000000e+02,5.000000000000000000e-01,4.000000000000000222e-01,6.165726647999999477e-01,6.466463157999999822e-01
4.900000000000000000e+05,5.000000000000000000e+02,5.000000000000000000e-01,4.000000000000000222e-01,6.170794316000000057e-01,6.474581004999999667e-01
5.100000000000000000e+05,5.000000000000000000e+02,5.000000000000000000e-01,4.000000000000000222e-01,6.175471753000000286e-01,6.482080511000000156e-01
5.300000000000000000e+05,5.000000000000000000e+02,5.000000000000000000e-01,4.000000000000000222e-01,6.179802347999999723e-01,6.489029759000000119e-01
5.500000000000000000e+05,5.000000000000000000e+02,5.000000000000000000e-01,4.000000000000000222e-01,6.183823287999999918e-01,6.495487189999999966e-01
5.700000000000000000e+05,5.000000000000000000e+02,5.000000000000000000e-01,4.000000000000000222e-01,6.187566627999999680e-01,6.501503253000000537e-01
5.900000000000000000e+05,5.000000000000000000e+02,5.000000000000000000e-01,4.000000000000000222e-01,6.191060147000000402e-01,6.507121723000000024e-01
6.100000000000000000e+05,5.000000000000000000e+02,5.000000000000000000e-01,4.000000000000000222e-01,6.194328034999999621e-01,6.512380773000000511e-01
6.300000000000000000e+05,5.000000000000000000e+02,5.000000000000000000e-01,4.000000000000000222e-01,6.197391460000000185e-01,6.517313837999999526e-01
6.500000000000000000e+05,5.000000000000000000e+02,5.000000000000000000e-01,4.000000000000000222e-01,6.200269019999999909e-01,6.521950333999999572e-01
6.700000000000000000e+05,5.000000000000000000e+02,5.000000000000000000e-01,4.000000000000000222e-01,6.202977123999999787e-01,6.526316237000000520e-01
6.900000000000000000e+05,5.000000000000000000e+02,5.000000000000000000e-01,4.000000000000000222e-01,6.205530308000000161e-01,6.530434578999999573e-01
7.100000000000000000e+05,5.000000000000000000e+02,5.000000000000000000e-01,4.000000000000000222e-01,6.207941487000000480e-01,6.534325846999999854e-01
7.300000000000000000e+05,5.000000000000000000e+02,5.000000000000000000e-01,4.000000000000000222e-01,6.210222182000000313e-01,6.538008329000000174e-01
7.500000000000000000e+05,5.000000000000000000e+02,5.000000000000000000e-01,4.000000000000000222e-01,6.212382700999999896e-01,6.541498401999999990e-01
7.700000000000000000e+05,5.000000000000000000e+02,5.000000000000000000e-01,4.000000000000000222e-01,6.214432293999999635e-01,6.544810771000000305e-01
7.900000000000000000e+05,5.000000000000000000e+02,5.000000000000000000e-01,4.000000000000000222e-01,6.216379283999999839e-01,6.547958681000000114e-01
8.100000000000000000e+05,5.000000000000000000e+02,5.000000000000000000e-01,4.000000000000000222e-01,6.218231183000000328e-01,6.550954092999999867e-01
8.300000000000000000e+05,5.000000000000000000e+02,5.000000000000000000e-01,4.000000000000000222e-01,6.219994787000000525e-01,6.553807834999999526e-01
8.500000000000000000e+05,5.000000000000000000e+02,5.000000000000000000e-01,4.000000000000000222e-01,6.221676258999999654e-01,6.556529733000000526e-01
8.700000000000000000e+05,5.000000000000000000e+02,5.000000000000000000e-01,4.000000000000000222e-01,6.223281202999999540e-01,6.559128724999999660e-01
8.900000000000000000e+05,5.000000000000000000e+02,5.000000000000000000e-01,4.000000000000000222e-01,6.224814722000000522e-01,6.561612959000000522e-01
9.100000000000000000e+05,5.000000000000000000e+02,5.000000000000000000e-01,4.000000000000000222e-01,6.226281477999999758e-01,6.563989878999999528e-01
9.300000000000000000e+05,5.000000000000000000e+02,5.000000000000000000e-01,4.000000000000000222e-01,6.227685735000000333e-01,6.566266296999999641e-01
9.500000000000000000e+05,5.000000000000000000e+02,5.000000000000000000e-01,4.000000000000000222e-01,6.229031400000000218e-01,6.568448461000000460e-01
9.700000000000000000e+05,5.000000000000000000e+02,5.000000000000000000e-01,4.000000000000000222e-01,6.230322061999999939e-01,6.570542113999999767e-01
9.900000000000000000e+05,5.000000000000000000e+02,5.000000000000000000e-01,4.000000000000000222e-01,6.231561024999999754e-01,6.572552537000000417e-01
1.000000000000000000e+05,5.000000000000000000e+02,5.000000000000000000e-01,4.000000000000000222e-01,5.738379561999999989e-01,5.806764827000000517e-01
3.000000000000000000e+05,5.000000000000000000e+02,5.000000000000000000e-01,4.000000000000000222e-01,6.096209983000000499e-01,6.355847905000000519e-01
5.000000000000000000e+05,5.000000000000000000e+02,5.000000000000000000e-01,4.000000000000000222e-01,6.173178942000000502e-01,6.478403547000000096e-01
7.000000000000000000e+05,5.000000000000000000e+02,5.000000000000000000e-01,4.000000000000000222e-01,6.206752896999999658e-01,6.532407406000000361e-01
9.000000000000000000e+05,5.000000000000000000e+02,5.000000000000000000e-01,4.000000000000000222e-01,6.225556169999999501e-01,6.562814393000000468e-01
1.100000000000000000e+06,5.000000000000000000e+02,5.000000000000000000e-01,4.000000000000000222e-01,6.237576118000000003e-01,6.582322271999999641e-01
1.300000000000000000e+06,5.000000000000000000e+02,5.000000000000000000e-01,4.000000000000000222e-01,6.245920857000000215e-01,6.595903604999999725e-01
1.500000000000000000e+06,5.000000000000000000e+02,5.000000000000000000e-01,4.000000000000000222e-01,6.252051355000000088e-01,6.605905160999999692e-01
1.700000000000000000e+06,5.000000000000000000e+02,5.000000000000000000e-01,4.000000000000000222e-01,6.256744892000000169e-01,6.613579034000000023e-01
1.900000000000000000e+06,5.000000000000000000e+02,5.000000000000000000e-01,4.000000000000000222e-01,6.260453096000000439e-01,6.619654284000000555e-01
2.100000000000000000e+06,5.000000000000000000e+02,5.000000000000000000e-01,4.000000000000000222e-01,6.263456312999999831e-01,6.624584229000000102e-01
2.300000000000000000e+06,5.000000000000000000e+02,5.000000000000000000e-01,4.000000000000000222e-01,6.265937767999999464e-01,6.628665554999999543e-01
2.500000000000000000e+06,5.000000000000000000e+02,5.000000000000000000e-01,4.000000000000000222e-01,6.268022270999999979e-01,6.632100591999999795e-01
2.700000000000000000e+06,5.000000000000000000e+02,5.000000000000000000e-01,4.000000000000000222e-01,6.269797775000000017e-01,6.635032063000000369e-01
2.900000000000000000e+06,5.000000000000000000e+02,5.000000000000000000e-01,4.000000000000000222e-01,6.271328043999999657e-01,6.637563532000000377e-01
3.100000000000000000e+06,5.000000000000000000e+02,5.000000000000000000e-01,4.000000000000000222e-01,6.272660433000000202e-01,6.639771973000000438e-01
3.300000000000000000e+06,5.000000000000000000e+02,5.000000000000000000e-01,4.000000000000000222e-01,6.273830847000000377e-01,6.641715792000000285e-01
3.500000000000000000e+06,5.000000000000000000e+02,5.000000000000000000e-01,4.000000000000000222e-01,6.274867007000000108e-01,6.643440106000000345e-01
3.700000000000000000e+06,5.000000000000000000e+02,5.000000000000000000e-01,4.000000000000000222e-01,6.275790648000000305e-01,6.644980320000000162e-01
3.900000000000000000e+06,5.000000000000000000e+02,5.000000000000000000e-01,4.000000000000000222e-01,6.276619061000000555e-01,6.646364608999999479e-01
4.100000000000000000e+06,5.000000000000000000e+02,5.000000000000000000e-01,4.000000000000000222e-01,6.277366166000000192e-01,6.647615672000000142e-01
4.300000000000000000e+06,5.000000000000000000e+02,5.000000000000000000e-01,4.000000000000000222e-01,6.278043300000000215e-01,6.648752003000000244e-01
4.500000000000000000e+06,5.000000000000000000e+02,5.000000000000000000e-01,4.000000000000000222e-01,6.278659785000000326e-01,6.649788822000000099e-01
4.700000000000000000e+06,5.000000000000000000e+02,5.000000000000000000e-01,4.000000000000000222e-01,6.279223362000000419e-01,6.650738765999999469e-01
4.900000000000000000e+06,5.000000000000000000e+02,5.000000000000000000e-01,4.000000000000000222e-01,6.279740508000000165e-01,6.651612419000000331e-01
5.100000000000000000e+06,5.000000000000000000e+02,5.000000000000000000e-01,4.000000000000000222e-01,6.280216684999999632e-01,6.652418708999999764e-01
5.300000000000000000e+06,5.000000000000000000e+02,5.000000000000000000e-01,4.000000000000000222e-01,6.280656531999999626e-01,6.653165223000000461e-01
5.500000000000000000e+06,5.000000000000000000e+02,5.000000000000000000e-01,4.000000000000000222e-01,6.281064013999999585e-01,6.653858446999999510e-01
5.700000000000000000e+06,5.000000000000000000e+02,5.000000000000000000e-01,4.000000000000000222e-01,6.281442538999999492e-01,6.654503961000000078e-01
5.900000000000000000e+06,5.000000000000000000e+02,5.000000000000000000e-01,4.000000000000000222e-01,6.281795055000000128e-01,6.655106590999999572e-01
6.100000000000000000e+06,5.000000000000000000e+02,5.000000000000000000e-01,4.000000000000000222e-01,6.282124123000000226e-01,6.655670531999999806e-01
6.300000000000000000e+06,5.000000000000000000e+02,5.000000000000000000e-01,4.000000000000000222e-01,6.282431977000000334e-01,6.656199446999999658e-01
6.500000000000000000e+06,5.000000000000000000e+02,5.000000000000000000e-01,4.000000000000000222e-01,6.282720578999999583e-01,6.656696551999999878e-01
6.700000000000000000e+06,5.000000000000000000e+02,5.000000000000000000e-01,4.000000000000000222e-01,6.282991655999999869e-01,6.657164679000000529e-01
6.900000000000000000e+06,5.000000000000000000e+02,5.000000000000000000e-01,4.000000000000000222e-01,6.283246733999999778e-01,6.657606333000000154e-01
7.100000000000000000e+06,5.000000000000000000e+02,5.000000000000000000e-01,4.000000000000000222e-01,6.283487168000000400e-01,6.658023737999999581e-01
7.300000000000000000e+06,5.000000000000000000e+02,5.000000000000000000e-01,4.000000000000000222e-01,6.283714163000000408e-01,6.658418874999999515e-01
7.500000000000000000e+06,5.000000000000000000e+02,5.000000000000000000e-01,4.000000000000000222e-01,6.283928798000000260e-01,6.658793513999999858e-01
7.700000000000000000e+06,5.000000000000000000e+02,5.000000000000000000e-01,4.000000000000000222e-01,6.284132036999999782e-01,6.659149241999999802e-01
7.900000000000000000e+06,5.000000000000000000e+02,5.000000000000000000e-01,4.000000000000000222e-01,6.284324748999999821e-01,6.659487485999999734e-01
8.100000000000000000e+06,5.000000000000000000e+02,5.000000000000000000e-01,4.000000000000000222e-01,6.284507714999999495e-01,6.659809533999999642e-01
8.300000000000000000e+06,5.000000000000000000e+02,5.000000000000000000e-01,4.000000000000000222e-01,6.284681642999999651e-01,6.660116547000000109e-01
8.500000000000000000e+06,5.000000000000000000e+02,5.000000000000000000e-01,4.000000000000000222e-01,6.284847170999999788e-01,6.660409579999999607e-01
8.700000000000000000e+06,5.000000000000000000e+02,5.000000000000000000e-01,4.000000000000000222e-01,6.285004883000000486e-01,6.660689589999999605e-01
8.900000000000000000e+06,5.000000000000000000e+02,5.000000000000000000e-01,4.000000000000000222e-01,6.285155304999999748e-01,6.660957448000000003e-01
9.100000000000000000e+06,5.000000000000000000e+02,5.000000000000000000e-01,4.000000000000000222e-01,6.285298920999999872e-01,6.661213951000000133e-01
9.300000000000000000e+06,5.000000000000000000e+02,5.000000000000000000e-01,4.000000000000000222e-01,6.285436171999999599e-01,6.661459824000000030e-01
9.500000000000000000e+06,5.000000000000000000e+02,5.000000000000000000e-01,4.000000000000000222e-01,6.285567461000000078e-01,6.661695734999999452e-01
9.700000000000000000e+06,5.000000000000000000e+02,5.000000000000000000e-01,4.000000000000000222e-01,6.285693158999999808e-01,6.661922294000000022e-01
9.900000000000000000e+06,5.000000000000000000e+02,5.000000000000000000e-01,4.000000000000000222e-01,6.285813605000000193e-01,6.662140064999999556e-01
1.000000000000000000e+06,5.000000000000000000e+02,5.000000000000000000e-01,4.000000000000000222e-01,6.232162078999999855e-01,6.573528076000000331e-01
3.000000000000000000e+06,5.000000000000000000e+02,5.000000000000000000e-01,4.000000000000000222e-01,6.272016504999999853e-01,6.638704117999999488e-01
5.000000000000000000e+06,5.000000000000000000e+02,5.000000000000000000e-01,4.000000000000000222e-01,6.279983409999999600e-01,6.652023482000000154e-01
7.000000000000000000e+06,5.000000000000000000e+02,5.000000000000000000e-01,4.000000000000000222e-01,6.283368702999999611e-01,6.657817938000000213e-01
9.000000000000000000e+06,5.000000000000000000e+02,5.000000000000000000e-01,4.000000000000000222e-01,6.285227934999999544e-01,6.661087072000000386e-01
1.100000000000000000e+07,5.000000000000000000e+02,5.000000000000000000e-01,4.000000000000000222e-01,6.286395059999999591e-01,6.663201949000000512e-01
1.300000000000000000e+07,5.000000000000000000e+02,5.000000000000000000e-01,4.000000000000000222e-01,6.287190639999999942e-01,6.664691987999999956e-01
1.500000000000000000e+07,5.000000000000000000e+02,5.000000000000000000e-01,4.000000000000000222e-01,6.287764094000000137e-01,6.665805103999999925e-01
1.700000000000000000e+07,5.000000000000000000e+02,5.000000000000000000e-01,4.000000000000000222e-01,6.288194398999999990e-01,6.666672975999999862e-01
1.900000000000000000e+07,5.000000000000000000e+02,5.000000000000000000e-01,4.000000000000000222e-01,6.288527191999999655e-01,6.667372084999999560e-01
2.100000000000000000e+07,5.000000000000000000e+02,5.000000000000000000e-01,4.000000000000000222e-01,6.288790667000000445e-01,6.667949932000000191e-01
2.300000000000000000e+07,5.000000000000000000e+02,5.000000000000000000e-01,4.000000000000000222e-01,6.289003167000000172e-01,6.668437598999999993e-01
2.500000000000000000e+07,5.000000000000000000e+02,5.000000000000000000e-01,4.000000000000000222e-01,6.289177135000000307e-01,6.668856292000000519e-01
2.700000000000000000e+07,5.000000000000000000e+02,5.000000000000000000e-01,4.000000000000000222e-01,6.289321303999999557e-01,6.669220985999999574e-01
2.900000000000000000e+07,5.000000000000000000e+02,5.000000000000000000e-01,4.000000000000000222e-01,6.289441982000000264e-01,6.669542563999999452e-01
3.100000000000000000e+07,5.000000000000000000e+02,5.000000000000000000e-01,4.000000000000000222e-01,6.289543831999999668e-01,6.669829130000000106e-01
3.300000000000000000e+07,5.000000000000000000e+02,5.000000000000000000e-01,4.000000000000000222e-01,6.289630379999999743e-01,6.670086844999999487e-01
3.500000000000000000e+07,5.000000000000000000e+02,5.000000000000000000e-01,4.000000000000000222e-01,6.289704333000000203e-01,6.670320481000000523e-01
3.700000000000000000e+07,5.000000000000000000e+02,5.000000000000000000e-01,4.000000000000000222e-01,6.289767808999999765e-01,6.670533793999999794e-01
3.900000000000000000e+07,5.000000000000000000e+02,5.000000000000000000e-01,4.000000000000000222e-01,6.289822484000000546e-01,6.670729777999999666e-01
4.100000000000000000e+07,5.000000000000000000e+02,5.000000000000000000e-01,4.000000000000000222e-01,6.289869703999999562e-01,6.670910856999999750e-01
4.300000000000000000e+07,5.000000000000000000e+02,5.000000000000000000e-01,4.000000000000000222e-01,6.289910558000000318e-01,6.671079009000000504e-01
4.500000000000000000e+07,5.000000000000000000e+02,5.000000000000000000e-01,4.000000000000000222e-01,6.289945941000000262e-01,6.671235867999999458e-01
4.700000000000000000e+07,5.000000000000000000e+02,5.000000000000000000e-01,4.000000000000000222e-01,6.289976589000000340e-01,6.671382796000000504e-01
4.900000000000000000e+07,5.000000000000000000e+02,5.000000000000000000e-01,4.000000000000000222e-01,6.290003119999999504e-01,6.671520937999999568e-01
5.100000000000000000e+07,5.000000000000000000e+02,5.000000000000000000e-01,4.000000000000000222e-01,6.290026049000000397e-01,6.671651263000000220e-01
5.300000000000000000e+07,5.000000000000000000e+02,5.000000000000000000e-01,4.000000000000000222e-01,6.290045814000000401e-01,6.671774597999999834e-01
5.500000000000000000e+07,5.000000000000000000e+02,5.000000000000000000e-01,4.000000000000000222e-01,6.290062786000000239e-01,6.671891653000000533e-01
5.700000000000000000e+07,5.000000000000000000e+02,5.000000000000000000e-01,4.000000000000000222e-01,6.290077282999999575e-01,6.672003039999999663e-01
5.900000000000000000e+07,5.000000000000000000e+02,5.000000000000000000e-01,4.000000000000000222e-01,6.290089578999999986e-01,6.672109292000000247e-01
6.100000000000000000e+07,5.000000000000000000e+02,5.000000000000000000e-01,4.000000000000000222e-01,6.290099910999999988e-01,6.672210872999999598e-01
6.300000000000000000e+07,5.000000000000000000e+02,5.000000000000000000e-01,4.000000000000000222e-01,6.290108484999999972e-01,6.672308191000000388e-01
6.500000000000000000e+07,5.000000000000000000e+02,5.000000000000000000e-01,4.000000000000000222e-01,6.290115479000000231e-01,6.672401606000000207e-01
6.700000000000000000e+07,5.000000000000000000e+02,5.000000000000000000e-01,4.000000000000000222e-01,6.290121052999999574e-01,6.672491434999999749e-01
6.900000000000000000e+07,5.000000000000000000e+02,5.000000000000000000e-01,4.000000000000000222e-01,6.290125343000000369e-01,6.672577960000000141e-01
7.100000000000000000e+07,5.000000000000000000e+02,5.000000000000000000e-01,4.000000000000000222e-01,6.290128471999999471e-01,6.672661434000000114e-01
7.300000000000000000e+07,5.000000000000000000e+02,5.000000000000000000e-01,4.000000000000000222e-01,6.290130548000000266e-01,6.672742082000000519e-01
7.500000000000000000e+07,5.000000000000000000e+02,5.000000000000000000e-01,4.000000000000000222e-01,6.290131667999999676e-01,6.672820106000000306e-01
7.700000000000000000e+07,5.000000000000000000e+02,5.000000000000000000e-01,4.000000000000000222e-01,6.290131917000000294e-01,6.672895688000000103e-01
7.900000000000000000e+07,5.000000000000000000e+02,5.000000000000000000e-01,4.000000000000000222e-01,6.290131370999999527e-01,6.672968994000000320e-01
8.100000000000000000e+07,5.000000000000000000e+02,5.000000000000000000e-01,4.000000000000000222e-01,6.290130099999999835e-01,6.673040171999999881e-01
8.300000000000000000e+07,5.000000000000000000e+02,5.000000000000000000e-01,4.000000000000000222e-01,6.290128164999999605e-01,6.673109359000000129e-01
8.500000000000000000e+07,5.000000000000000000e+02,5.000000000000000000e-01,4.000000000000000222e-01,6.290125621000000056e-01,6.673176675999999974e-01
8.700000000000000000e+07,5.000000000000000000e+02,5.000000000000000000e-01,4.000000000000000222e-01,6.290122518999999857e-01,6.673242238000000048e-01
8.900000000000000000e+07,5.000000000000000000e+02,5.000000000000000000e-01,4.000000000000000222e-01,6.290118904000000510e-01,6.673306145999999828e-01
9.100000000000000000e+07,5.000000000000000000e+02,5.000000000000000000e-01,4.000000000000000222e-01,6.290114816999999858e-01,6.673368496999999566e-01
9.300000000000000000e+07,5.000000000000000000e+02,5.000000000000000000e-01,4.000000000000000222e-01,6.290110294999999851e-01,6.673429375999999635e-01
9.500000000000000000e+07,5.000000000000000000e+02,5.000000000000000000e-01,4.000000000000000222e-01,6.290105371999999972e-01,6.673488862999999993e-01
9.700000000000000000e+07,5.000000000000000000e+02,5.000000000000000000e-01,4.000000000000000222e-01,6.290100079999999538e-01,6.673547033000000184e-01
9.900000000000000000e+07,5.000000000000000000e+02,5.000000000000000000e-01,4.000000000000000222e-01,6.290094445999999673e-01,6.673603954000000282e-01
1.000000000000000000e+07,5.000000000000000000e+02,5.000000000000000000e-01,4.000000000000000222e-01,6.285871957999999982e-01,6.662245816999999848e-01
3.000000000000000000e+07,5.000000000000000000e+02,5.000000000000000000e-01,4.000000000000000222e-01,6.289495017999999771e-01,6.669689801000000529e-01
5.000000000000000000e+07,5.000000000000000000e+02,5.000000000000000000e-01,4.000000000000000222e-01,6.290015006000000408e-01,6.671587022999999617e-01
7.000000000000000000e+07,5.000000000000000000e+02,5.000000000000000000e-01,4.000000000000000222e-01,6.290127046000000277e-01,6.672620063999999962e-01
9.000000000000000000e+07,5.000000000000000000e+02,5.000000000000000000e-01,4.000000000000000222e-01,6.290116917000000418e-01,6.673337511000000388e-01
1.000000000000000000e+08,5.000000000000000000e+02,5.000000000000000000e-01,4.000000000000000222e-01,6.290091509999999886e-01,6.673631964999999777e-01
