# pressure,temperature,f1,f2,molkg1,molkg2
1.000000000000000000e+00,5.000000000000000000e+02,2.000000000000000111e-01,8.000000000000000444e-01,2.523840135999999863e-05,8.336592539000000593e-05
3.000000000000000000e+00,5.000000000000000000e+02,2.000000000000000111e-01,8.000000000000000444e-01,7.569973679999999420e-05,2.500253294000000259e-04
5.000000000000000000e+00,5.000000000000000000e+02,2.000000000000000111e-01,8.000000000000000444e-01,1.261404756000000110e-04,4.165882340000000034e-04
7.000000000000000000e+00,5.000000000000000000e+02,2.000000000000000111e-01,8.000000000000000444e-01,1.765606495999999883e-04,5.830547542000000380e-04
9.000000000000000000e+00,5.000000000000000000e+02,2.000000000000000111e-01,8.000000000000000444e-01,2.269602903000000037e-04,7.494250052000000053e-04
1.100000000000000000e+01,5.000000000000000000e+02,2.000000000000000111e-01,8.000000000000000444e-01,2.773394292999999903e-04,9.156991017000000541e-04
1.300000000000000000e+01,5.000000000000000000e+02,2.000000000000000111e-01,8.000000000000000444e-01,3.276980982999999951e-04,1.081877157999999988e-03
1.500000000000000000e+01,5.000000000000000000e+02,2.000000000000000111e-01,8.000000000000000444e-01,3.780363286999999955e-04,1.247959290000000016e-03
1.700000000000000000e+01,5.000000000000000000e+02,2.000000000000000111e-01,8.000000000000000444e-01,4.283541518000000183e-04,1.413945609999999950e-03
1.900000000000000000e+01,5.000000000000000000e+02,2.000000000000000111e-01,8.000000000000000444e-01,4.786515992000000240e-04,1.579836232999999980e-03
2.100000000000000000e+01,5.000000000000000000e+02,2.000000000000000111e-01,8.000000000000000444e-01,5.289287020000000292e-04,1.745631274000000082e-03
2.300000000000000000e+01,5.000000000000000000e+02,2.000000000000000111e-01,8.000000000000000444e-01,5.791854917000000165e-04,1.911330845000000023e-03
2.500000000000000000e+01,5.000000000000000000e+02,2.000000000000000111e-01,8.000000000000000444e-01,6.294219992999999704e-04,2.076935060000000000e-03
2.700000000000000000e+01,5.000000000000000000e+02,2.000000000000000111e-01,8.000000000000000444e-01,6.796382560000000482e-04,2.242444032999999989e-03
2.900000000000000000e+01,5.000000000000000000e+02,2.000000000000000111e-01,8.000000000000000444e-01,7.298342929999999734e-04,2.407857877000000191e-03
3.100000000000000000e+01,5.000000000000000000e+02,2.000000000000000111e-01,8.000000000000000444e-01,7.800101411999999694e-04,2.573176705000000154e-03
3.300000000000000000e+01,5.000000000000000000e+02,2.000000000000000111e-01,8.000000000000000444e-01,8.301658316999999988e-04,2.738400629999999860e-03
3.500000000000000000e+01,5.000000000000000000e+02,2.000000000000000111e-01,8.000000000000000444e-01,8.803013953999999598e-04,2.903529764000000162e-03
3.700000000000000000e+01,5.000000000000000000e+02,2.000000000000000111e-01,8.000000000000000444e-01,9.304168631999999673e-04,3.068564220000000176e-03
3.900000000000000000e+01,5.000000000000000000e+02,2.000000000000000111e-01,8.000000000000000444e-01,9.805122658000000723e-04,3.233504109999999886e-03
4.100000000000000000e+01,5.000000000000000000e+02,2.000000000000000111e-01,8.000000000000000444e-01,1.030587633999999978e-03,3.398349547000000144e-03
4.300000000000000000e+01,5.000000000000000000e+02,2.000000000000000111e-01,8.000000000000000444e-01,1.080642999000000059e-03,3.563100642000000071e-03
4.500000000000000000e+01,5.000000000000000000e+02,2.000000000000000111e-01,8.000000000000000444e-01,1.130678390999999934e-03,3.727757507000000088e-03
4.700000000000000000e+01,5.000000000000000000e+02,2.000000000000000111e-01,8.000000000000000444e-01,1.180693839999999916e-03,3.892320254000000181e-03
4.900000000000000000e+01,5.000000000000000000e+02,2.000000000000000111e-01,8.000000000000000444e-01,1.230689378000000096e-03,4.056788993999999905e-03
5.100000000000000000e+01,5.000000000000000000e+02,2.000000000000000111e-01,8.000000000000000444e-01,1.280665033999999923e-03,4.221163838000000119e-03
5.300000000000000000e+01,5.000000000000000000e+02,2.000000000000000111e-01,8.000000000000000444e-01,1.330620838999999923e-03,4.385444896999999946e-03
5.500000000000000000e+01,5.000000000000000000e+02,2.000000000000000111e-01,8.000000000000000444e-01,1.380556823999999974e-03,4.549632282999999805e-03
5.700000000000000000e+01,5.000000000000000000e+02,2.000000000000000111e-01,8.000000000000000444e-01,1.430473018999999955e-03,4.713726106000000124e-03
5.900000000000000000e+01,5.000000000000000000e+02,2.000000000000000111e-01,8.000000000000000444e-01,1.480369453999999963e-03,4.877726477000000026e-03
6.100000000000000000e+01,5.000000000000000000e+02,2.000000000000000111e-01,8.000000000000000444e-01,1.530246160000000091e-03,5.041633505000000376e-03
6.300000000000000000e+01,5.000000000000000000e+02,2.000000000000000111e-01,8.000000000000000444e-01,1.580103165000000011e-03,5.205447301999999860e-03
6.500000000000000000e+01,5.000000000000000000e+02,2.000000000000000111e-01,8.000000000000000444e-01,1.629940502000000024e-03,5.369167975999999780e-03
6.700000000000000000e+01,5.000000000000000000e+02,2.000000000000000111e-01,8.000000000000000444e-01,1.679758199000000018e-03,5.532795638999999689e-03
6.900000000000000000e+01,5.000000000000000000e+02,2.000000000000000111e-01,8.000000000000000444e-01,1.729556288000000082e-03,5.696330399000000023e-03
7.100000000000000000e+01,5.000000000000000000e+02,2.000000000000000111e-01,8.000000000000000444e-01,1.779334795999999892e-03,5.859772366000000343e-03
7.300000000000000000e+01,5.000000000000000000e+02,2.000000000000000111e-01,8.000000000000000444e-01,1.829093755999999966e-03,6.023121650000000209e-03
7.500000000000000000e+01,5.000000000000000000e+02,2.000000000000000111e-01,8.000000000000000444e-01,1.878833195999999976e-03,6.186378359000000056e-03
7.700000000000000000e+01,5.000000000000000000e+02,2.000000000000000111e-01,8.000000000000000444e-01,1.928553146000000018e-03,6.349542601999999883e-03
7.900000000000000000e+01,5.000000000000000000e+02,2.000000000000000111e-01,8.000000000000000444e-01,1.978253636000000190e-03,6.512614489000000118e-03
8.100000000000000000e+01,5.000000000000000000e+02,2.000000000000000111e-01,8.000000000000000444e-01,2.027934696000000155e-03,6.675594128000000328e-03
8.300000000000000000e+01,5.000000000000000000e+02,2.000000000000000111e-01,8.000000000000000444e-01,2.077596356000000009e-03,6.838481627000000083e-03
8.500000000000000000e+01,5.000000000000000000e+02,2.000000000000000111e-01,8.000000000000000444e-01,2.127238644000000074e-03,7.001277095000000249e-03
8.700000000000000000e+01,5.000000000000000000e+02,2.000000000000000111e-01,8.000000000000000444e-01,2.176861590999999794e-03,7.163980638999999963e-03
8.900000000000000000e+01,5.000000000000000000e+02,2.000000000000000111e-01,8.000000000000000444e-01,2.226465225999999919e-03,7.326592368000000091e-03
9.100000000000000000e+01,5.000000000000000000e+02,2.000000000000000111e-01,8.000000000000000444e-01,2.276049577999999900e-03,7.489112388999999773e-03
9.300000000000000000e+01,5.000000000000000000e+02,2.000000000000000111e-01,8.000000000000000444e-01,2.325614677000000050e-03,7.651540810000000310e-03
9.500000000000000000e+01,5.000000000000000000e+02,2.000000000000000111e-01,8.000000000000000444e-01,2.375160551999999821e-03,7.813877737999999976e-03
9.700000000000000000e+01,5.000000000000000000e+02,2.000000000000000111e-01,8.000000000000000444e-01,2.424687232999999959e-03,7.976123280999999204e-03
9.900000000000000000e+01,5.000000000000000000e+02,2.000000000000000111e-01,8.000000000000000444e-01,2.474194747999999919e-03,8.138277544999999308e-03
1.000000000000000000e+01,5.000000000000000000e+02,2.000000000000000111e-01,8.000000000000000444e-01,2.521524205000000079e-04,8.325740656000000291e-04
3.000000000000000000e+01,5.000000000000000000e+02,2.000000000000000111e-01,8.000000000000000444e-01,7.549247386999999570e-04,2.490529160999999797e-03
5.000000000000000000e+01,5.000000000000000000e+02,2.000000000000000111e-01,8.000000000000000444e-01,1.255679689000000062e-03,4.138988145999999979e-03
7.000000000000000000e+01,5.000000000000000000e+02,2.000000000000000111e-01,8.000000000000000444e-01,1.754447987000000084e-03,5.778062974999999615e-03
9.000000000000000000e+01,5.000000000000000000e+02,2.000000000000000111e-01,8.000000000000000444e-01,2.251259810000000045e-03,7.407863835000000341e-03
1.100000000000000000e+02,5.000000000000000000e+02,2.000000000000000111e-01,8.000000000000000444e-01,2.746144802000000107e-03,9.028499163999999938e-03
1.300000000000000000e+02,5.000000000000000000e+02,2.000000000000000111e-01,8.000000000000000444e-01,3.239132085000000130e-03,1.064007567999999959e-02
1.500000000000000000e+02,5.000000000000000000e+02,2.000000000000000111e-01,8.000000000000000444e-01,3.730250263999999871e-03,1.224269837999999999e-02
1.700000000000000000e+02,5.000000000000000000e+02,2.000000000000000111e-01,8.000000000000000444e-01,4.219527439999999803e-03,1.383647061000000018e-02
1.900000000000000000e+02,5.000000000000000000e+02,2.000000000000000111e-01,8.000000000000000444e-01,4.706991211000000237e-03,1.542149402999999988e-02
2.100000000000000000e+02,5.000000000000000000e+02,2.000000000000000111e-01,8.000000000000000444e-01,5.192668687000000401e-03,1.699786869000000089e-02
2.300000000000000000e+02,5.000000000000000000e+02,2.000000000000000111e-01,8.000000000000000444e-01,5.676586493000000157e-03,1.856569300999999853e-02
2.500000000000000000e+02,5.000000000000000000e+02,2.000000000000000111e-01,8.000000000000000444e-01,6.158770778999999966e-03,2.012506380999999969e-02
2.700000000000000000e+02,5.000000000000000000e+02,2.000000000000000111e-01,8.000000000000000444e-01,6.639247224000000003e-03,2.167607636999999837e-02
2.900000000000000000e+02,5.000000000000000000e+02,2.000000000000000111e-01,8.000000000000000444e-01,7.118041050999999661e-03,2.321882439000000006e-02
3.100000000000000000e+02,5.000000000000000000e+02,2.000000000000000111e-01,8.000000000000000444e-01,7.595177025000000165e-03,2.475340005999999982e-02
3.300000000000000000e+02,5.000000000000000000e+02,2.000000000000000111e-01,8.000000000000000444e-01,8.070679467000000176e-03,2.627989407000000041e-02
3.500000000000000000e+02,5.000000000000000000e+02,2.000000000000000111e-01,8.000000000000000444e-01,8.544572259999999239e-03,2.779839560999999848e-02
3.700000000000000000e+02,5.000000000000000000e+02,2.000000000000000111e-01,8.000000000000000444e-01,9.016878852000000805e-03,2.930899241999999905e-02
3.900000000000000000e+02,5.000000000000000000e+02,2.000000000000000111e-01,8.000000000000000444e-01,9.487622269000000469e-03,3.081177079999999902e-02
4.100000000000000000e+02,5.000000000000000000e+02,2.000000000000000111e-01,8.000000000000000444e-01,9.956825118999999835e-03,3.230681561999999840e-02
4.300000000000000000e+02,5.000000000000000000e+02,2.000000000000000111e-01,8.000000000000000444e-01,1.042450959999999954e-02,3.379421036000000017e-02
4.500000000000000000e+02,5.000000000000000000e+02,2.000000000000000111e-01,8.000000000000000444e-01,1.089069749999999927e-02,3.527403711999999719e-02
4.700000000000000000e+02,5.000000000000000000e+02,2.000000000000000111e-01,8.000000000000000444e-01,1.135541020999999984e-02,3.674637663000000082e-02
4.900000000000000000e+02,5.000000000000000000e+02,2.000000000000000111e-01,8.000000000000000444e-01,1.181866873999999970e-02,3.821130829000000256e-02
5.100000000000000000e+02,5.000000000000000000e+02,2.000000000000000111e-01,8.000000000000000444e-01,1.228049370000000064e-02,3.966891019999999740e-02
5.300000000000000000e+02,5.000000000000000000e+02,2.000000000000000111e-01,8.000000000000000444e-01,1.274090534000000066e-02,4.111925914000000293e-02
5.500000000000000000e+02,5.000000000000000000e+02,2.000000000000000111e-01,8.000000000000000444e-01,1.319992352999999931e-02,4.256243062000000105e-02
5.700000000000000000e+02,5.000000000000000000e+02,2.000000000000000111e-01,8.000000000000000444e-01,1.365756775999999936e-02,4.399849890000000208e-02
5.900000000000000000e+02,5.000000000000000000e+02,2.000000000000000111e-01,8.000000000000000444e-01,1.411385717999999977e-02,4.542753698000000229e-02
6.100000000000000000e+02,5.000000000000000000e+02,2.000000000000000111e-01,8.000000000000000444e-01,1.456881057000000007e-02,4.684961666999999663e-02
6.300000000000000000e+02,5.000000000000000000e+02,2.000000000000000111e-01,8.000000000000000444e-01,1.502244638000000028e-02,4.826480855999999708e-02
6.500000000000000000e+02,5.000000000000000000e+02,2.000000000000000111e-01,8.000000000000000444e-01,1.547478270999999919e-02,4.967318207000000208e-02
6.700000000000000000e+02,5.000000000000000000e+02,2.000000000000000111e-01,8.000000000000000444e-01,1.592583732000000044e-02,5.107480546999999815e-02
6.900000000000000000e+02,5.000000000000000000e+02,2.000000000000000111e-01,8.000000000000000444e-01,1.637562764000000115e-02,5.246974585999999996e-02
7.100000000000000000e+02,5.000000000000000000e+02,2.000000000000000111e-01,8.000000000000000444e-01,1.682417078000000149e-02,5.385806925000000134e-02
7.300000000000000000e+02,5.000000000000000000e+02,2.000000000000000111e-01,8.000000000000000444e-01,1.727148354000000025e-02,5.523984051999999978e-02
7.500000000000000000e+02,5.000000000000000000e+02,2.000000000000000111e-01,8.000000000000000444e-01,1.771758237999999930e-02,5.661512348000000139e-02
7.700000000000000000e+02,5.000000000000000000e+02,2.000000000000000111e-01,8.000000000000000444e-01,1.816248346000000000e-02,5.798398084999999841e-02
7.900000000000000000e+02,5.000000000000000000e+02,2.000000000000000111e-01,8.000000000000000444e-01,1.860620266999999869e-02,5.934647433000000277e-02
8.100000000000000000e+02,5.000000000000000000e+02,2.000000000000000111e-01,8.000000000000000444e-01,1.904875555999999831e-02,6.070266457000000199e-02
8.300000000000000000e+02,5.000000000000000000e+02,2.000000000000000111e-01,8.000000000000000444e-01,1.949015738999999858e-02,6.205261120000000324e-02
8.500000000000000000e+02,5.000000000000000000e+02,2.000000000000000111e-01,8.000000000000000444e-01,1.993042316999999938e-02,6.339637286999999510e-02
8.700000000000000000e+02,5.000000000000000000e+02,2.000000000000000111e-01,8.000000000000000444e-01,2.036956759999999922e-02,6.473400725000000300e-02
8.900000000000000000e+02,5.000000000000000000e+02,2.000000000000000111e-01,8.000000000000000444e-01,2.080760507999999953e-02,6.606557101000000432e-02
9.100000000000000000e+02,5.000000000000000000e+02,2.000000000000000111e-01,8.000000000000000444e-01,2.124454979000000091e-02,6.739111993000000689e-02
9.300000000000000000e+02,5.000000000000000000e+02,2.000000000000000111e-01,8.000000000000000444e-01,2.168041559999999909e-02,6.871070881999999380e-02
9.500000000000000000e+02,5.000000000000000000e+02,2.000000000000000111e-01,8.000000000000000444e-01,2.211521614000000122e-02,7.002439158999999858e-02
9.700000000000000000e+02,5.000000000000000000e+02,2.000000000000000111e-01,8.000000000000000444e-01,2.254896476000000163e-02,7.133222124999999414e-02
9.900000000000000000e+02,5.000000000000000000e+02,2.000000000000000111e-01,8.000000000000000444e-01,2.298167456999999914e-02,7.263424994999999329e-02
1.000000000000000000e+02,5.000000000000000000e+02,2.000000000000000111e-01,8.000000000000000444e-01,2.498941328000000173e-03,8.219320481000000692e-03
3.000000000000000000e+02,5.000000000000000000e+02,2.000000000000000111e-01,8.000000000000000444e-01,7.356814738999999798e-03,2.398712806000000142e-02
5.000000000000000000e+02,5.000000000000000000e+02,2.000000000000000111e-01,8.000000000000000444e-01,1.204975913999999960e-02,3.894102063999999724e-02
7.000000000000000000e+02,5.000000000000000000e+02,2.000000000000000111e-01,8.000000000000000444e-01,1.660005405000000017e-02,5.316473060000000139e-02
9.000000000000000000e+02,5.000000000000000000e+02,2.000000000000000111e-01,8.000000000000000444e-01,2.102621316000000129e-02,6.672909388000000663e-02
1.100000000000000000e+03,5.000000000000000000e+02,2.000000000000000111e-01,8.000000000000000444e-01,2.534357225000000158e-02,7.969396433000000557e-02
1.300000000000000000e+03,5.000000000000000000e+02,2.000000000000000111e-01,8.000000000000000444e-01,2.956479744999999937e-02,9.210995351999999581e-02
1.500000000000000000e+03,5.000000000000000000e+02,2.000000000000000111e-01,8.000000000000000444e-01,3.370032193999999981e-02,1.040199812000000001e-01
1.700000000000000000e+03,5.000000000000000000e+02,2.000000000000000111e-01,8.000000000000000444e-01,3.775871900000000309e-02,1.154606304999999944e-01
1.900000000000000000e+03,5.000000000000000000e+02,2.000000000000000111e-01,8.000000000000000444e-01,4.174701943999999804e-02,1.264633115999999891e-01
2.100000000000000000e+03,5.000000000000000000e+02,2.000000000000000111e-01,8.000000000000000444e-01,4.567098046999999716e-02,1.370552421000000021e-01
2.300000000000000000e+03,5.000000000000000000e+02,2.000000000000000111e-01,8.000000000000000444e-01,4.953531248000000303e-02,1.472602605999999981e-01
2.500000000000000000e+03,5.000000000000000000e+02,2.000000000000000111e-01,8.000000000000000444e-01,5.334386963999999953e-02,1.570994893000000059e-01
2.700000000000000000e+03,5.000000000000000000e+02,2.000000000000000111e-01,8.000000000000000444e-01,5.709980929999999844e-02,1.665918677999999875e-01
2.900000000000000000e+03,5.000000000000000000e+02,2.000000000000000111e-01,8.000000000000000444e-01,6.080572466999999842e-02,1.757545745000000104e-01
3.100000000000000000e+03,5.000000000000000000e+02,2.000000000000000111e-01,8.000000000000000444e-01,6.446375479999999492e-02,1.846033566999999986e-01
3.300000000000000000e+03,5.000000000000000000e+02,2.000000000000000111e-01,8.000000000000000444e-01,6.807567510999999738e-02,1.931527852999999906e-01
3.500000000000000000e+03,5.000000000000000000e+02,2.000000000000000111e-01,8.000000000000000444e-01,7.164297168000000049e-02,2.014164491000000057e-01
3.700000000000000000e+03,5.000000000000000000e+02,2.000000000000000111e-01,8.000000000000000444e-01,7.516690167999999506e-02,2.094071020999999921e-01
3.900000000000000000e+03,5.000000000000000000e+02,2.000000000000000111e-01,8.000000000000000444e-01,7.864854234000000222e-02,2.171367747000000070e-01
4.100000000000000000e+03,5.000000000000000000e+02,2.000000000000000111e-01,8.000000000000000444e-01,8.208883029999999859e-02,2.246168563000000007e-01
4.300000000000000000e+03,5.000000000000000000e+02,2.000000000000000111e-01,8.000000000000000444e-01,8.548859318000000262e-02,2.318581590000000081e-01
4.500000000000000000e+03,5.000000000000000000e+02,2.000000000000000111e-01,8.000000000000000444e-01,8.884857445999999603e-02,2.388709646999999936e-01
4.700000000000000000e+03,5.000000000000000000e+02,2.000000000000000111e-01,8.000000000000000444e-01,9.216945324000000439e-02,2.456650626000000115e-01
4.900000000000000000e+03,5.000000000000000000e+02,2.000000000000000111e-01,8.000000000000000444e-01,9.545185956000000471e-02,2.522497786999999825e-01
5.100000000000000000e+03,5.000000000000000000e+02,2.000000000000000111e-01,8.000000000000000444e-01,9.869638638000000075e-02,2.586340001999999916e-01
5.300000000000000000e+03,5.000000000000000000e+02,2.000000000000000111e-01,8.000000000000000444e-01,1.019035987000000004e-01,2.648261963999999913e-01
5.500000000000000000e+03,5.000000000000000000e+02,2.000000000000000111e-01,8.000000000000000444e-01,1.050740403999999989e-01,2.708344373000000083e-01
5.700000000000000000e+03,5.000000000000000000e+02,2.000000000000000111e-01,8.000000000000000444e-01,1.082082397999999945e-01,2.766664106000000234e-01
5.900000000000000000e+03,5.000000000000000000e+02,2.000000000000000111e-01,8.000000000000000444e-01,1.113067128999999933e-01,2.823294382000000047e-01
6.100000000000000000e+03,5.000000000000000000e+02,2.000000000000000111e-01,8.000000000000000444e-01,1.143699667000000059e-01,2.878304911999999827e-01
6.300000000000000000e+03,5.000000000000000000e+02,2.000000000000000111e-01,8.000000000000000444e-01,1.173985010000000023e-01,2.931762057000000254e-01
6.500000000000000000e+03,5.000000000000000000e+02,2.000000000000000111e-01,8.000000000000000444e-01,1.203928095000000031e-01,2.983728969000000175e-01
6.700000000000000000e+03,5.000000000000000000e+02,2.000000000000000111e-01,8.000000000000000444e-01,1.233533809999999981e-01,3.034265740000000044e-01
6.900000000000000000e+03,5.000000000000000000e+02,2.000000000000000111e-01,8.000000000000000444e-01,1.262806996999999987e-01,3.083429542000000190e-01
7.100000000000000000e+03,5.000000000000000000e+02,2.000000000000000111e-01,8.000000000000000444e-01,1.291752455999999882e-01,3.131274768999999791e-01
7.300000000000000000e+03,5.000000000000000000e+02,2.000000000000000111e-01,8.000000000000000444e-01,1.320374944999999911e-01,3.177853165999999785e-01
7.500000000000000000e+03,5.000000000000000000e+02,2.000000000000000111e-01,8.000000000000000444e-01,1.348679180000000033e-01,3.223213965999999764e-01
7.700000000000000000e+03,5.000000000000000000e+02,2.000000000000000111e-01,8.000000000000000444e-01,1.376669832000000093e-01,3.267404014999999995e-01
7.900000000000000000e+03,5.000000000000000000e+02,2.000000000000000111e-01,8.000000000000000444e-01,1.404351527999999905e-01,3.310467892999999773e-01
8.100000000000000000e+03,5.000000000000000000e+02,2.000000000000000111e-01,8.000000000000000444e-01,1.431728847000000027e-01,3.352448034000000132e-01
8.300000000000000000e+03,5.000000000000000000e+02,2.000000000000000111e-01,8.000000000000000444e-01,1.458806316000000047e-01,3.393384837999999792e-01
8.500000000000000000e+03,5.000000000000000000e+02,2.000000000000000111e-01,8.000000000000000444e-01,1.485588414000000024e-01,3.433316780999999818e-01
8.700000000000000000e+03,5.000000000000000000e+02,2.000000000000000111e-01,8.000000000000000444e-01,1.512079563000000015e-01,3.472280511999999986e-01
8.900000000000000000e+03,5.000000000000000000e+02,2.000000000000000111e-01,8.000000000000000444e-01,1.538284128999999889e-01,3.510310957000000176e-01
9.100000000000000000e+03,5.000000000000000000e+02,2.000000000000000111e-01,8.000000000000000444e-01,1.564206421999999874e-01,3.547441410000000128e-01
9.300000000000000000e+03,5.000000000000000000e+02,2.000000000000000111e-01,8.000000000000000444e-01,1.589850690000000066e-01,3.583703621000000061e-01
9.500000000000000000e+03,5.000000000000000000e+02,2.000000000000000111e-01,8.000000000000000444e-01,1.615221124000000008e-01,3.619127878999999770e-01
9.700000000000000000e+03,5.000000000000000000e+02,2.000000000000000111e-01,8.000000000000000444e-01,1.640321849999999970e-01,3.653743088999999999e-01
9.900000000000000000e+03,5.000000000000000000e+02,2.000000000000000111e-01,8.000000000000000444e-01,1.665156933999999977e-01,3.687576851000000100e-01
1.000000000000000000e+03,5.000000000000000000e+02,2.000000000000000111e-01,8.000000000000000444e-01,2.319764394999999924e-02,7.328310497999999951e-02
3.000000000000000000e+03,5.000000000000000000e+02,2.000000000000000111e-01,8.000000000000000444e-01,6.264060685000000239e-02,1.802172703999999903e-01
5.000000000000000000e+03,5.000000000000000000e+02,2.000000000000000111e-01,8.000000000000000444e-01,9.707882203999999848e-02,2.554664124000000092e-01
7.000000000000000000e+03,5.000000000000000000e+02,2.000000000000000111e-01,8.000000000000000444e-01,1.277320393999999970e-01,3.107513682999999971e-01
9.000000000000000000e+03,5.000000000000000000e+02,2.000000000000000111e-01,8.000000000000000444e-01,1.551280292999999977e-01,3.528986662999999968e-01
1.100000000000000000e+04,5.000000000000000000e+02,2.000000000000000111e-01,8.000000000000000444e-01,1.797177177000000015e-01,3.860815516000000169e-01
1.300000000000000000e+04,5.000000000000000000e+02,2.000000000000000111e-01,8.000000000000000444e-01,2.018945755999999869e-01,4.128976678999999872e-01
1.500000000000000000e+04,5.000000000000000000e+02,2.000000000000000111e-01,8.000000000000000444e-01,2.219908770000000031e-01,4.350283675000000128e-01
1.700000000000000000e+04,5.000000000000000000e+02,2.000000000000000111e-01,8.000000000000000444e-01,2.402838968999999880e-01,4.536080007000000136e-01
1.900000000000000000e+04,5.000000000000000000e+02,2.000000000000000111e-01,8.000000000000000444e-01,2.570049727000000006e-01,4.694302914999999854e-01
2.100000000000000000e+04,5.000000000000000000e+02,2.000000000000000111e-01,8.000000000000000444e-01,2.723479717999999772e-01,4.830678872999999984e-01
2.300000000000000000e+04,5.000000000000000000e+02,2.000000000000000111e-01,8.000000000000000444e-01,2.864763343999999767e-01,4.949446710000000027e-01
2.500000000000000000e+04,5.000000000000000000e+02,2.000000000000000111e-01,8.000000000000000444e-01,2.995287206000000202e-01,5.053813018999999684e-01
2.700000000000000000e+04,5.000000000000000000e+02,2.000000000000000111e-01,8.000000000000000444e-01,3.116234955000000140e-01,5.146249216999999598e-01
2.900000000000000000e+04,5.000000000000000000e+02,2.000000000000000111e-01,8.000000000000000444e-01,3.228622937000000248e-01,5.228691251000000539e-01
3.100000000000000000e+04,5.000000000000000000e+02,2.000000000000000111e-01,8.000000000000000444e-01,3.333328673000000020e-01,5.302677384999999743e-01
3.300000000000000000e+04,5.000000000000000000e+02,2.000000000000000111e-01,8.000000000000000444e-01,3.431113740999999773e-01,5.369445441000000319e-01
3.500000000000000000e+04,5.000000000000000000e+02,2.000000000000000111e-01,8.000000000000000444e-01,3.522642295000000257e-01,5.430002792000000467e-01
3.700000000000000000e+04,5.000000000000000000e+02,2.000000000000000111e-01,8.000000000000000444e-01,3.608496151999999735e-01,5.485177635000000329e-01
3.900000000000000000e+04,5.000000000000000000e+02,2.000000000000000111e-01,8.000000000000000444e-01,3.689187165999999740e-01,5.535657151999999748e-01
4.100000000000000000e+04,5.000000000000000000e+02,2.000000000000000111e-01,8.000000000000000444e-01,3.765167429999999871e-01,5.582016306999999511e-01
4.300000000000000000e+04,5.000000000000000000e+02,2.000000000000000111e-01,8.000000000000000444e-01,3.836837754999999905e-01,5.624739856999999565e-01
4.500000000000000000e+04,5.000000000000000000e+02,2.000000000000000111e-01,8.000000000000000444e-01,3.904554733999999749e-01,5.664239380000000157e-01
4.700000000000000000e+04,5.000000000000000000e+02,2.000000000000000111e-01,8.000000000000000444e-01,3.968636681000000110e-01,5.700866583999999460e-01
4.900000000000000000e+04,5.000000000000000000e+02,2.000000000000000111e-01,8.000000000000000444e-01,4.029368629999999785e-01,5.734923812000000121e-01
5.100000000000000000e+04,5.000000000000000000e+02,2.000000000000000111e-01,8.000000000000000444e-01,4.087006571999999838e-01,5.766672409999999971e-01
5.300000000000000000e+04,5.000000000000000000e+02,2.000000000000000111e-01,8.000000000000000444e-01,4.141781066999999927e-01,5.796339448999999755e-01
5.500000000000000000e+04,5.000000000000000000e+02,2.000000000000000111e-01,8.000000000000000444e-01,4.193900320999999765e-01,5.824123164000000186e-01
5.700000000000000000e+04,5.000000000000000000e+02,2.000000000000000111e-01,8.000000000000000444e-01,4.243552831999999886e-01,5.850197394999999689e-01
5.900000000000000000e+04,5.000000000000000000e+02,2.000000000000000111e-01,8.000000000000000444e-01,4.290909668999999815e-01,5.874715220999999765e-01
6.100000000000000000e+04,5.000000000000000000e+02,2.000000000000000111e-01,8.000000000000000444e-01,4.336126440999999998e-01,5.897811976000000289e-01
6.300000000000000000e+04,5.000000000000000000e+02,2.000000000000000111e-01,8.000000000000000444e-01,4.379345002000000209e-01,5.919607744999999532e-01
6.500000000000000000e+04,5.000000000000000000e+02,2.000000000000000111e-01,8.000000000000000444e-01,4.420694942999999766e-01,5.940209452000000390e-01
6.700000000000000000e+04,5.000000000000000000e+02,2.000000000000000111e-01,8.000000000000000444e-01,4.460294882999999988e-01,5.959712618000000406e-01
6.900000000000000000e+04,5.000000000000000000e+02,2.000000000000000111e-01,8.000000000000000444e-01,4.498253613000000040e-01,5.978202838999999713e-01
7.100000000000000000e+04,5.000000000000000000e+02,2.000000000000000111e-01,8.000000000000000444e-01,4.534671086000000018e-01,5.995757041999999482e-01
7.300000000000000000e+04,5.000000000000000000e+02,2.000000000000000111e-01,8.000000000000000444e-01,4.569639301999999792e-01,6.012444558999999744e-01
7.500000000000000000e+04,5.000000000000000000e+02,2.000000000000000111e-01,8.000000000000000444e-01,4.603243081999999764e-01,6.028328038000000388e-01
7.700000000000000000e+04,5.000000000000000000e+02,2.000000000000000111e-01,8.000000000000000444e-01,4.635560753999999895e-01,6.043464229999999660e-01
7.900000000000000000e+04,5.000000000000000000e+02,2.000000000000000111e-01,8.000000000000000444e-01,4.666664762000000133e-01,6.057904670999999519e-01
8.100000000000000000e+04,5.000000000000000000e+02,2.000000000000000111e-01,8.000000000000000444e-01,4.696622212000000074e-01,6.071696261000000261e-01
8.300000000000000000e+04,5.000000000000000000e+02,2.000000000000000111e-01,8.000000000000000444e-01,4.725495350999999733e-01,6.084881779999999907e-01
8.500000000000000000e+04,5.000000000000000000e+02,2.000000000000000111e-01,8.000000000000000444e-01,4.753341998999999762e-01,6.097500326000000470e-01
8.700000000000000000e+04,5.000000000000000000e+02,2.000000000000000111e-01,8.000000000000000444e-01,4.780215938999999858e-01,6.109587706000000340e-01
8.900000000000000000e+04,5.000000000000000000e+02,2.000000000000000111e-01,8.000000000000000444e-01,4.806167259999999941e-01,6.121176772999999960e-01
9.100000000000000000e+04,5.000000000000000000e+02,2.000000000000000111e-01,8.000000000000000444e-01,4.831242669999999961e-01,6.132297726000000004e-01
9.300000000000000000e+04,5.000000000000000000e+02,2.000000000000000111e-01,8.000000000000000444e-01,4.855485777999999919e-01,6.142978371999999743e-01
9.500000000000000000e+04,5.000000000000000000e+02,2.000000000000000111e-01,8.000000000000000444e-01,4.878937342999999927e-01,6.153244356999999498e-01
9.700000000000000000e+04,5.000000000000000000e+02,2.000000000000000111e-01,8.000000000000000444e-01,4.901635507000000058e-01,6.163119376000000260e-01
9.900000000000000000e+04,5.000000000000000000e+02,2.000000000000000111e-01,8.000000000000000444e-01,4.923616000000000104e-01,6.172625349999999456e-01
1.000000000000000000e+04,5.000000000000000000e+02,2.000000000000000111e-01,8.000000000000000444e-01,1.677476112999999880e-01,3.704208974000000043e-01
3.000000000000000000e+04,5.000000000000000000e+02,2.000000000000000111e-01,8.000000000000000444e-01,3.281886004999999829e-01,5.266657828999999902e-01
5.000000000000000000e+04,5.000000000000000000e+02,2.000000000000000111e-01,8.000000000000000444e-01,4.058559384000000048e-01,5.751071763999999753e-01
7.000000000000000000e+04,5.000000000000000000e+02,2.000000000000000111e-01,8.000000000000000444e-01,4.516649079999999761e-01,5.987092443000000541e-01
9.000000000000000000e+04,5.000000000000000000e+02,2.000000000000000111e-01,8.000000000000000444e-01,4.818811659000000192e-01,6.126793972999999838e-01
1.100000000000000000e+05,5.000000000000000000e+02,2.000000000000000111e-01,8.000000000000000444e-01,5.033079633000000497e-01,6.219150028000000052e-01
1.300000000000000000e+05,5.000000000000000000e+02,2.000000000000000111e-01,8.000000000000000444e-01,5.192933170000000320e-01,6.284744431000000020e-01
1.500000000000000000e+05,5.000000000000000000e+02,2.000000000000000111e-01,8.000000000000000444e-01,5.316764252000000246e-01,6.333739129000000023e-01
1.700000000000000000e+05,5.000000000000000000e+02,2.000000000000000111e-01,8.000000000000000444e-01,5.415515583000000133e-01,6.371729058999999751e-01
1.900000000000000000e+05,5.000000000000000000e+02,2.000000000000000111e-01,8.000000000000000444e-01,5.496105271000000236e-01,6.402048671000000191e-01
2.100000000000000000e+05,5.000000000000000000e+02,2.000000000000000111e-01,8.000000000000000444e-01,5.563121273000000144e-01,6.426808818999999451e-01
2.300000000000000000e+05,5.000000000000000000e+02,2.000000000000000111e-01,8.000000000000000444e-01,5.619726244999999620e-01,6.447410863000000436e-01
2.500000000000000000e+05,5.000000000000000000e+02,2.000000000000000111e-01,8.000000000000000444e-01,5.668171139000000025e-01,6.464821657999999527e-01
2.700000000000000000e+05,5.000000000000000000e+02,2.000000000000000111e-01,8.000000000000000444e-01,5.710101637000000174e-01,6.479729847999999848e-01
2.900000000000000000e+05,5.000000000000000000e+02,2.000000000000000111e-01,8.000000000000000444e-01,5.746748779000000473e-01,6.492639216000000157e-01
3.100000000000000000e+05,5.000000000000000000e+02,2.000000000000000111e-01,8.000000000000000444e-01,5.779051814000000231e-01,6.503926818999999915e-01
3.300000000000000000e+05,5.000000000000000000e+02,2.000000000000000111e-01,8.000000000000000444e-01,5.807739817999999499e-01,6.513880479000000445e-01
3.500000000000000000e+05,5.000000000000000000e+02,2.000000000000000111e-01,8.000000000000000444e-01,5.833387362999999937e-01,6.522723703999999678e-01
3.700000000000000000e+05,5.000000000000000000e+02,2.000000000000000111e-01,8.000000000000000444e-01,5.856453390000000425e-01,6.530632705000000149e-01
3.900000000000000000e+05,5.000000000000000000e+02,2.000000000000000111e-01,8.000000000000000444e-01,5.877308898999999975e-01,6.537748276999999497e-01
4.100000000000000000e+05,5.000000000000000000e+02,2.000000000000000111e-01,8.000000000000000444e-01,5.896257051000000082e-01,6.544184271999999858e-01
4.300000000000000000e+05,5.000000000000000000e+02,2.000000000000000111e-01,8.000000000000000444e-01,5.913547998999999500e-01,6.550033750999999516e-01
4.500000000000000000e+05,5.000000000000000000e+02,2.000000000000000111e-01,8.000000000000000444e-01,5.929389981999999559e-01,6.555373520999999704e-01
4.700000000000000000e+05,5.000000000000000000e+02,2.000000000000000111e-01,8.000000000000000444e-01,5.943957756000000092e-01,6.560267536999999649e-01
4.900000000000000000e+05,5.000000000000000000e+02,2.000000000000000111e-01,8.000000000000000444e-01,5.957399061999999468e-01,6.564769478999999963e-01
5.100000000000000000e+05,5.000000000000000000e+02,2.000000000000000111e-01,8.000000000000000444e-01,5.969839650999999581e-01,6.568924741999999650e-01
5.300000000000000000e+05,5.000000000000000000e+02,2.000000000000000111e-01,8.000000000000000444e-01,5.981387229000000305e-01,6.572771970999999880e-01
5.500000000000000000e+05,5.000000000000000000e+02,2.000000000000000111e-01,8.000000000000000444e-01,5.992134582000000487e-01,6.576344268999999576e-01
5.700000000000000000e+05,5.000000000000000000e+02,2.000000000000000111e-01,8.000000000000000444e-01,6.002162072000000181e-01,6.579670159999999601e-01
5.900000000000000000e+05,5.000000000000000000e+02,2.000000000000000111e-01,8.000000000000000444e-01,6.011539649999999568e-01,6.582774354999999522e-01
6.100000000000000000e+05,5.000000000000000000e+02,2.000000000000000111e-01,8.000000000000000444e-01,6.020328489999999810e-01,6.585678363000000424e-01
6.300000000000000000e+05,5.000000000000000000e+02,2.000000000000000111e-01,8.000000000000000444e-01,6.028582319999999939e-01,6.588400999000000313e-01
6.500000000000000000e+05,5.000000000000000000e+02,2.000000000000000111e-01,8.000000000000000444e-01,6.036348526000000492e-01,6.590958791000000039e-01
6.700000000000000000e+05,5.000000000000000000e+02,2.000000000000000111e-01,8.000000000000000444e-01,6.043669056999999567e-01,6.593366314999999922e-01
6.900000000000000000e+05,5.000000000000000000e+02,2.000000000000000111e-01,8.000000000000000444e-01,6.050581187000000360e-01,6.595636481000000106e-01
7.100000000000000000e+05,5.000000000000000000e+02,2.000000000000000111e-01,8.000000000000000444e-01,6.057118145000000009e-01,6.597780756000000135e-01
7.300000000000000000e+05,5.000000000000000000e+02,2.000000000000000111e-01,8.000000000000000444e-01,6.063309650999999523e-01,6.599809369000000370e-01
7.500000000000000000e+05,5.000000000000000000e+02,2.000000000000000111e-01,8.000000000000000444e-01,6.069182365999999940e-01,6.601731467000000464e-01
7.700000000000000000e+05,5.000000000000000000e+02,2.000000000000000111e-01,8.000000000000000444e-01,6.074760278999999930e-01,6.603555257000000012e-01
7.900000000000000000e+05,5.000000000000000000e+02,2.000000000000000111e-01,8.000000000000000444e-01,6.080065027000000066e-01,6.605288124999999511e-01
8.100000000000000000e+05,5.000000000000000000e+02,2.000000000000000111e-01,8.000000000000000444e-01,6.085116185000000177e-01,6.606936732000000534e-01
8.300000000000000000e+05,5.000000000000000000e+02,2.000000000000000111e-01,8.000000000000000444e-01,6.089931498999999748e-01,6.608507106000000020e-01
8.500000000000000000e+05,5.000000000000000000e+02,2.000000000000000111e-01,8.000000000000000444e-01,6.094527095999999755e-01,6.610004712999999477e-01
8.700000000000000000e+05,5.000000000000000000e+02,2.000000000000000111e-01,8.000000000000000444e-01,6.098917669000000208e-01,6.611434520000000203e-01
8.900000000000000000e+05,5.000000000000000000e+02,2.000000000000000111e-01,8.000000000000000444e-01,6.103116626000000267e-01,6.612801052000000235e-01
9.100000000000000000e+05,5.000000000000000000e+02,2.000000000000000111e-01,8.000000000000000444e-01,6.107136234000000163e-01,6.614108440000000533e-01
9.300000000000000000e+05,5.000000000000000000e+02,2.000000000000000111e-01,8.000000000000000444e-01,6.110987731999999450e-01,6.615360462999999580e-01
9.500000000000000000e+05,5.000000000000000000e+02,2.000000000000000111e-01,8.000000000000000444e-01,6.114681441999999523e-01,6.616560583999999690e-01
9.700000000000000000e+05,5.000000000000000000e+02,2.000000000000000111e-01,8.000000000000000444e-01,6.118226854999999631e-01,6.617711983999999825e-01
9.900000000000000000e+05,5.000000000000000000e+02,2.000000000000000111e-01,8.000000000000000444e-01,6.121632719999999805e-01,6.618817587999999974e-01
1.000000000000000000e+05,5.000000000000000000e+02,2.000000000000000111e-01,8.000000000000000444e-01,4.934347673000000212e-01,6.177246351999999829e-01
3.000000000000000000e+05,5.000000000000000000e+02,2.000000000000000111e-01,8.000000000000000444e-01,5.763393568000000355e-01,6.498465997000000272e-01
5.000000000000000000e+05,5.000000000000000000e+02,2.000000000000000111e-01,8.000000000000000444e-01,5.963737331999999780e-01,6.566887888000000340e-01
7.000000000000000000e+05,5.000000000000000000e+02,2.000000000000000111e-01,8.000000000000000444e-01,6.053894628999999528e-01,6.596723689000000279e-01
9.000000000000000000e+05,5.000000000000000000e+02,2.000000000000000111e-01,8.000000000000000444e-01,6.105148123000000426e-01,6.613461895000000146e-01
1.100000000000000000e+06,5.000000000000000000e+02,2.000000000000000111e-01,8.000000000000000444e-01,6.138202448999999783e-01,6.624190482999999796e-01
1.300000000000000000e+06,5.000000000000000000e+02,2.000000000000000111e-01,8.000000000000000444e-01,6.161284471000000318e-01,6.631663422000000363e-01
1.500000000000000000e+06,5.000000000000000000e+02,2.000000000000000111e-01,8.000000000000000444e-01,6.178312143999999950e-01,6.637174273999999485e-01
1.700000000000000000e+06,5.000000000000000000e+02,2.000000000000000111e-01,8.000000000000000444e-01,6.191388881999999594e-01,6.641411049000000011e-01
1.900000000000000000e+06,5.000000000000000000e+02,2.000000000000000111e-01,8.000000000000000444e-01,6.201744992000000067e-01,6.644773491000000032e-01
2.100000000000000000e+06,5.000000000000000000e+02,2.000000000000000111e-01,8.000000000000000444e-01,6.210148087000000316e-01,6.647509771999999817e-01
2.300000000000000000e+06,5.000000000000000000e+02,2.000000000000000111e-01,8.000000000000000444e-01,6.217101894000000017e-01,6.649782135999999788e-01
2.500000000000000000e+06,5.000000000000000000e+02,2.000000000000000111e-01,8.000000000000000444e-01,6.222950669000000268e-01,6.651701142000000511e-01
2.700000000000000000e+06,5.000000000000000000e+02,2.000000000000000111e-01,8.000000000000000444e-01,6.227937672000000147e-01,6.653344733999999594e-01
2.900000000000000000e+06,5.000000000000000000e+02,2.000000000000000111e-01,8.000000000000000444e-01,6.232239668000000288e-01,6.654769452000000030e-01
3.100000000000000000e+06,5.000000000000000000e+02,2.000000000000000111e-01,8.000000000000000444e-01,6.235988191000000347e-01,6.656017310999999825e-01
3.300000000000000000e+06,5.000000000000000000e+02,2.000000000000000111e-01,8.000000000000000444e-01,6.239283143999999615e-01,6.657120186999999634e-01
3.500000000000000000e+06,5.000000000000000000e+02,2.000000000000000111e-01,8.000000000000000444e-01,6.242201760000000155e-01,6.658102702999999511e-01
3.700000000000000000e+06,5.000000000000000000e+02,2.000000000000000111e-01,8.000000000000000444e-01,6.244804693000000073e-01,6.658984186999999944e-01
3.900000000000000000e+06,5.000000000000000000e+02,2.000000000000000111e-01,8.000000000000000444e-01,6.247140234000000403e-01,6.659780020000000134e-01
4.100000000000000000e+06,5.000000000000000000e+02,2.000000000000000111e-01,8.000000000000000444e-01,6.249247310000000111e-01,6.660502595999999720e-01
4.300000000000000000e+06,5.000000000000000000e+02,2.000000000000000111e-01,8.000000000000000444e-01,6.251157647999999734e-01,6.661162019999999906e-01
4.500000000000000000e+06,5.000000000000000000e+02,2.000000000000000111e-01,8.000000000000000444e-01,6.252897363999999625e-01,6.661766606000000257e-01
4.700000000000000000e+06,5.000000000000000000e+02,2.000000000000000111e-01,8.000000000000000444e-01,6.254488154999999772e-01,6.662323262999999551e-01
4.900000000000000000e+06,5.000000000000000000e+02,2.000000000000000111e-01,8.000000000000000444e-01,6.255948189000000159e-01,6.662837779000000404e-01
5.100000000000000000e+06,5.000000000000000000e+02,2.000000000000000111e-01,8.000000000000000444e-01,6.257292800000000543e-01,6.663315039999999634e-01
5.300000000000000000e+06,5.000000000000000000e+02,2.000000000000000111e-01,8.000000000000000444e-01,6.258535015999999729e-01,6.663759197999999939e-01
5.500000000000000000e+06,5.000000000000000000e+02,2.000000000000000111e-01,8.000000000000000444e-01,6.259685980000000427e-01,6.664173805999999978e-01
5.700000000000000000e+06,5.000000000000000000e+02,2.000000000000000111e-01,8.000000000000000444e-01,6.260755273000000454e-01,6.664561921999999639e-01
5.900000000000000000e+06,5.000000000000000000e+02,2.000000000000000111e-01,8.000000000000000444e-01,6.261751186999999774e-01,6.664926193000000332e-01
6.100000000000000000e+06,5.000000000000000000e+02,2.000000000000000111e-01,8.000000000000000444e-01,6.262680925000000398e-01,6.665268919000000292e-01
6.300000000000000000e+06,5.000000000000000000e+02,2.000000000000000111e-01,8.000000000000000444e-01,6.263550783000000344e-01,6.665592113999999624e-01
6.500000000000000000e+06,5.000000000000000000e+02,2.000000000000000111e-01,8.000000000000000444e-01,6.264366281000000036e-01,6.665897541999999953e-01
6.700000000000000000e+06,5.000000000000000000e+02,2.000000000000000111e-01,8.000000000000000444e-01,6.265132284000000107e-01,6.666186763000000459e-01
6.900000000000000000e+06,5.000000000000000000e+02,2.000000000000000111e-01,8.000000000000000444e-01,6.265853094000000123e-01,6.666461151999999446e-01
7.100000000000000000e+06,5.000000000000000000e+02,2.000000000000000111e-01,8.000000000000000444e-01,6.266532527999999491e-01,6.666721935999999626e-01
7.300000000000000000e+06,5.000000000000000000e+02,2.000000000000000111e-01,8.000000000000000444e-01,6.267173986999999835e-01,6.666970206000000232e-01
7.500000000000000000e+06,5.000000000000000000e+02,2.000000000000000111e-01,8.000000000000000444e-01,6.267780510999999555e-01,6.667206936999999778e-01
7.700000000000000000e+06,5.000000000000000000e+02,2.000000000000000111e-01,8.000000000000000444e-01,6.268354822999999687e-01,6.667433005999999773e-01
7.900000000000000000e+06,5.000000000000000000e+02,2.000000000000000111e-01,8.000000000000000444e-01,6.268899370999999610e-01,6.667649200999999914e-01
8.100000000000000000e+06,5.000000000000000000e+02,2.000000000000000111e-01,8.000000000000000444e-01,6.269416362999999937e-01,6.667856233000000188e-01
8.300000000000000000e+06,5.000000000000000000e+02,2.000000000000000111e-01,8.000000000000000444e-01,6.269907794000000312e-01,6.668054745999999477e-01
8.500000000000000000e+06,5.000000000000000000e+02,2.000000000000000111e-01,8.000000000000000444e-01,6.270375470000000284e-01,6.668245322000000419e-01
8.700000000000000000e+06,5.000000000000000000e+02,2.000000000000000111e-01,8.000000000000000444e-01,6.270821032000000184e-01,6.668428492000000318e-01
8.900000000000000000e+06,5.000000000000000000e+02,2.000000000000000111e-01,8.000000000000000444e-01,6.271245976000000555e-01,6.668604741000000447e-01
9.100000000000000000e+06,5.000000000000000000e+02,2.000000000000000111e-01,8.000000000000000444e-01,6.271651662999999655e-01,6.668774508000000489e-01
9.300000000000000000e+06,5.000000000000000000e+02,2.000000000000000111e-01,8.000000000000000444e-01,6.272039338999999547e-01,6.668938198999999623e-01
9.500000000000000000e+06,5.000000000000000000e+02,2.000000000000000111e-01,8.000000000000000444e-01,6.272410145000000270e-01,6.669096183999999594e-01
9.700000000000000000e+06,5.000000000000000000e+02,2.000000000000000111e-01,8.000000000000000444e-01,6.272765127999999635e-01,6.669248802999999670e-01
9.900000000000000000e+06,5.000000000000000000e+02,2.000000000000000111e-01,8.000000000000000444e-01,6.273105249000000549e-01,6.669396369000000213e-01
1.000000000000000000e+06,5.000000000000000000e+02,2.000000000000000111e-01,8.000000000000000444e-01,6.123285868000000187e-01,6.619354066999999509e-01
3.000000000000000000e+06,5.000000000000000000e+02,2.000000000000000111e-01,8.000000000000000444e-01,6.234176250999999835e-01,6.655413299000000338e-01
5.000000000000000000e+06,5.000000000000000000e+02,2.000000000000000111e-01,8.000000000000000444e-01,6.256634060000000330e-01,6.663080791000000058e-01
7.000000000000000000e+06,5.000000000000000000e+02,2.000000000000000111e-01,8.000000000000000444e-01,6.266197760999999700e-01,6.666593173999999511e-01
9.000000000000000000e+06,5.000000000000000000e+02,2.000000000000000111e-01,8.000000000000000444e-01,6.271451145999999977e-01,6.668690407999999792e-01
1.100000000000000000e+07,5.000000000000000000e+02,2.000000000000000111e-01,8.000000000000000444e-01,6.274746630999999963e-01,6.670129529999999640e-01
1.300000000000000000e+07,5.000000000000000000e+02,2.000000000000000111e-01,8.000000000000000444e-01,6.276990262999999626e-01,6.671205542000000488e-01
1.500000000000000000e+07,5.000000000000000000e+02,2.000000000000000111e-01,8.000000000000000444e-01,6.278604832999999941e-01,6.672058009000000345e-01
1.700000000000000000e+07,5.000000000000000000e+02,2.000000000000000111e-01,8.000000000000000444e-01,6.279813973000000216e-01,6.672761887000000502e-01
1.900000000000000000e+07,5.000000000000000000e+02,2.000000000000000111e-01,8.000000000000000444e-01,6.280746965000000293e-01,6.673361226999999785e-01
2.100000000000000000e+07,5.000000000000000000e+02,2.000000000000000111e-01,8.000000000000000444e-01,6.281483691999999452e-01,6.673883725999999461e-01
2.300000000000000000e+07,5.000000000000000000e+02,2.000000000000000111e-01,8.000000000000000444e-01,6.282076140000000253e-01,6.674347743999999860e-01
2.500000000000000000e+07,5.000000000000000000e+02,2.000000000000000111e-01,8.000000000000000444e-01,6.282559571000000398e-01,6.674765973999999824e-01
2.700000000000000000e+07,5.000000000000000000e+02,2.000000000000000111e-01,8.000000000000000444e-01,6.282958734000000378e-01,6.675147501000000538e-01
2.900000000000000000e+07,5.000000000000000000e+02,2.000000000000000111e-01,8.000000000000000444e-01,6.283291498999999947e-01,6.675499021999999893e-01
3.100000000000000000e+07,5.000000000000000000e+02,2.000000000000000111e-01,8.000000000000000444e-01,6.283571084000000306e-01,6.675825591999999808e-01
3.300000000000000000e+07,5.000000000000000000e+02,2.000000000000000111e-01,8.000000000000000444e-01,6.283807470000000173e-01,6.676131113000000061e-01
3.500000000000000000e+07,5.000000000000000000e+02,2.000000000000000111e-01,8.000000000000000444e-01,6.284008329000000392e-01,6.676418648999999927e-01
3.700000000000000000e+07,5.000000000000000000e+02,2.000000000000000111e-01,8.000000000000000444e-01,6.284179654999999531e-01,6.676690647999999895e-01
3.900000000000000000e+07,5.000000000000000000e+02,2.000000000000000111e-01,8.000000000000000444e-01,6.284326194999999560e-01,6.676949091999999641e-01
4.100000000000000000e+07,5.000000000000000000e+02,2.000000000000000111e-01,8.000000000000000444e-01,6.284451751999999836e-01,6.677195605000000311e-01
4.300000000000000000e+07,5.000000000000000000e+02,2.000000000000000111e-01,8.000000000000000444e-01,6.284559412000000345e-01,6.677431538000000444e-01
4.500000000000000000e+07,5.000000000000000000e+02,2.000000000000000111e-01,8.000000000000000444e-01,6.284651702000000340e-01,6.677658020000000194e-01
4.700000000000000000e+07,5.000000000000000000e+02,2.000000000000000111e-01,8.000000000000000444e-01,6.284730707000000249e-01,6.677876006999999836e-01
4.900000000000000000e+07,5.000000000000000000e+02,2.000000000000000111e-01,8.000000000000000444e-01,6.284798167999999796e-01,6.678086316000000355e-01
5.100000000000000000e+07,5.000000000000000000e+02,2.000000000000000111e-01,8.000000000000000444e-01,6.284855542999999711e-01,6.678289645999999635e-01
5.300000000000000000e+07,5.000000000000000000e+02,2.000000000000000111e-01,8.000000000000000444e-01,6.284904067000000039e-01,6.678486606000000325e-01
5.500000000000000000e+07,5.000000000000000000e+02,2.000000000000000111e-01,8.000000000000000444e-01,6.284944786999999700e-01,6.678677723000000510e-01
5.700000000000000000e+07,5.000000000000000000e+02,2.000000000000000111e-01,8.000000000000000444e-01,6.284978600999999720e-01,6.678863460999999724e-01
5.900000000000000000e+07,5.000000000000000000e+02,2.000000000000000111e-01,8.000000000000000444e-01,6.285006281999999667e-01,6.679044227999999528e-01
6.100000000000000000e+07,5.000000000000000000e+02,2.000000000000000111e-01,8.000000000000000444e-01,6.285028496000000242e-01,6.679220386999999981e-01
6.300000000000000000e+07,5.000000000000000000e+02,2.000000000000000111e-01,8.000000000000000444e-01,6.285045822000000504e-01,6.679392257999999805e-01
6.500000000000000000e+07,5.000000000000000000e+02,2.000000000000000111e-01,8.000000000000000444e-01,6.285058767000000213e-01,6.679560129999999596e-01
6.700000000000000000e+07,5.000000000000000000e+02,2.000000000000000111e-01,8.000000000000000444e-01,6.285067772000000330e-01,6.679724260999999608e-01
6.900000000000000000e+07,5.000000000000000000e+02,2.000000000000000111e-01,8.000000000000000444e-01,6.285073226999999818e-01,6.679884884000000245e-01
7.100000000000000000e+07,5.000000000000000000e+02,2.000000000000000111e-01,8.000000000000000444e-01,6.285075475000000411e-01,6.680042209000000009e-01
7.300000000000000000e+07,5.000000000000000000e+02,2.000000000000000111e-01,8.000000000000000444e-01,6.285074819999999507e-01,6.680196428000000353e-01
7.500000000000000000e+07,5.000000000000000000e+02,2.000000000000000111e-01,8.000000000000000444e-01,6.285071531999999461e-01,6.680347712999999965e-01
7.700000000000000000e+07,5.000000000000000000e+02,2.000000000000000111e-01,8.000000000000000444e-01,6.285065850000000065e-01,6.680496223999999872e-01
7.900000000000000000e+07,5.000000000000000000e+02,2.000000000000000111e-01,8.000000000000000444e-01,6.285057990000000316e-01,6.680642105999999858e-01
8.100000000000000000e+07,5.000000000000000000e+02,2.000000000000000111e-01,8.000000000000000444e-01,6.285048143999999448e-01,6.680785491999999826e-01
8.300000000000000000e+07,5.000000000000000000e+02,2.000000000000000111e-01,8.000000000000000444e-01,6.285036483999999479e-01,6.680926506000000042e-01
8.500000000000000000e+07,5.000000000000000000e+02,2.000000000000000111e-01,8.000000000000000444e-01,6.285023165999999994e-01,6.681065259999999784e-01
8.700000000000000000e+07,5.000000000000000000e+02,2.000000000000000111e-01,8.000000000000000444e-01,6.285008330000000365e-01,6.681201860000000048e-01
8.900000000000000000e+07,5.000000000000000000e+02,2.000000000000000111e-01,8.000000000000000444e-01,6.284992101999999914e-01,6.681336401999999897e-01
9.100000000000000000e+07,5.000000000000000000e+02,2.000000000000000111e-01,8.000000000000000444e-01,6.284974598000000467e-01,6.681468976000000115e-01
9.300000000000000000e+07,5.000000000000000000e+02,2.000000000000000111e-01,8.000000000000000444e-01,6.284955920000000473e-01,6.681599666999999965e-01
9.500000000000000000e+07,5.000000000000000000e+02,2.000000000000000111e-01,8.000000000000000444e-01,6.284936164000000103e-01,6.681728552000000265e-01
9.700000000000000000e+07,5.000000000000000000e+02,2.000000000000000111e-01,8.000000000000000444e-01,6.284915415999999810e-01,6.681855705000000478e-01
9.900000000000000000e+07,5.000000000000000000e+02,2.000000000000000111e-01,8.000000000000000444e-01,6.284893754999999471e-01,6.681981193999999569e-01
1.000000000000000000e+07,5.000000000000000000e+02,2.000000000000000111e-01,8.000000000000000444e-01,6.273270016999999976e-01,6.669468348000000546e-01
3.000000000000000000e+07,5.000000000000000000e+02,2.000000000000000111e-01,8.000000000000000444e-01,6.283437252000000361e-01,6.675665159000000459e-01
5.000000000000000000e+07,5.000000000000000000e+02,2.000000000000000111e-01,8.000000000000000444e-01,6.284828034999999646e-01,6.678188813000000001e-01
7.000000000000000000e+07,5.000000000000000000e+02,2.000000000000000111e-01,8.000000000000000444e-01,6.285074731999999997e-01,6.679963947000000513e-01
9.000000000000000000e+07,5.000000000000000000e+02,2.000000000000000111e-01,8.000000000000000444e-01,6.284983503000000082e-01,6.681402928999999880e-01
1.000000000000000000e+08,5.000000000000000000e+02,2.000000000000000111e-01,8.000000000000000444e-01,6.284882604000000539e-01,6.682043334999999695e-01
