# pressure,temperature,f1,f2,molkg1,molkg2
1.000000000000000000e+00,5.000000000000000000e+02,1.000000000000000056e-01,8.000000000000000444e-01,2.019080133000000025e-05,8.753402380999999804e-05
3.000000000000000000e+00,5.000000000000000000e+02,1.000000000000000056e-01,8.000000000000000444e-01,6.056051197999999709e-05,2.625248143000000244e-04
5.000000000000000000e+00,5.000000000000000000e+02,1.000000000000000056e-01,8.000000000000000444e-01,1.009143886000000008e-04,4.374126938999999925e-04
7.000000000000000000e+00,5.000000000000000000e+02,1.000000000000000056e-01,8.000000000000000444e-01,1.412524575000000105e-04,6.121977809000000255e-04
9.000000000000000000e+00,5.000000000000000000e+02,1.000000000000000056e-01,8.000000000000000444e-01,1.815747449999999979e-04,7.868801934000000092e-04
1.100000000000000000e+01,5.000000000000000000e+02,1.000000000000000056e-01,8.000000000000000444e-01,2.218812773999999963e-04,9.614600493999999600e-04
1.300000000000000000e+01,5.000000000000000000e+02,1.000000000000000056e-01,8.000000000000000444e-01,2.621720808000000151e-04,1.135937465999999930e-03
1.500000000000000000e+01,5.000000000000000000e+02,1.000000000000000056e-01,8.000000000000000444e-01,3.024471814999999926e-04,1.310312562000000031e-03
1.700000000000000000e+01,5.000000000000000000e+02,1.000000000000000056e-01,8.000000000000000444e-01,3.427066054999999877e-04,1.484585453999999992e-03
1.900000000000000000e+01,5.000000000000000000e+02,1.000000000000000056e-01,8.000000000000000444e-01,3.829503788999999827e-04,1.658756258999999995e-03
2.100000000000000000e+01,5.000000000000000000e+02,1.000000000000000056e-01,8.000000000000000444e-01,4.231785278000000142e-04,1.832825095000000003e-03
2.300000000000000000e+01,5.000000000000000000e+02,1.000000000000000056e-01,8.000000000000000444e-01,4.633910781000000006e-04,2.006792076999999990e-03
2.500000000000000000e+01,5.000000000000000000e+02,1.000000000000000056e-01,8.000000000000000444e-01,5.035880556999999683e-04,2.180657322999999918e-03
2.700000000000000000e+01,5.000000000000000000e+02,1.000000000000000056e-01,8.000000000000000444e-01,5.437694865000000525e-04,2.354420949999999971e-03
2.900000000000000000e+01,5.000000000000000000e+02,1.000000000000000056e-01,8.000000000000000444e-01,5.839353964000000086e-04,2.528083073000000121e-03
3.100000000000000000e+01,5.000000000000000000e+02,1.000000000000000056e-01,8.000000000000000444e-01,6.240858111999999938e-04,2.701643807999999907e-03
3.300000000000000000e+01,5.000000000000000000e+02,1.000000000000000056e-01,8.000000000000000444e-01,6.642207565999999706e-04,2.875103272000000161e-03
3.500000000000000000e+01,5.000000000000000000e+02,1.000000000000000056e-01,8.000000000000000444e-01,7.043402583000000095e-04,3.048461579999999990e-03
3.700000000000000000e+01,5.000000000000000000e+02,1.000000000000000056e-01,8.000000000000000444e-01,7.444443419999999647e-04,3.221718848999999794e-03
3.900000000000000000e+01,5.000000000000000000e+02,1.000000000000000056e-01,8.000000000000000444e-01,7.845330333000000373e-04,3.394875191999999989e-03
4.100000000000000000e+01,5.000000000000000000e+02,1.000000000000000056e-01,8.000000000000000444e-01,8.246063577000000170e-04,3.567930726000000108e-03
4.300000000000000000e+01,5.000000000000000000e+02,1.000000000000000056e-01,8.000000000000000444e-01,8.646643407999999968e-04,3.740885565000000128e-03
4.500000000000000000e+01,5.000000000000000000e+02,1.000000000000000056e-01,8.000000000000000444e-01,9.047070080999999831e-04,3.913739825000000019e-03
4.700000000000000000e+01,5.000000000000000000e+02,1.000000000000000056e-01,8.000000000000000444e-01,9.447343850000000046e-04,4.086493618999999765e-03
4.900000000000000000e+01,5.000000000000000000e+02,1.000000000000000056e-01,8.000000000000000444e-01,9.847464967999998951e-04,4.259147062999999768e-03
5.100000000000000000e+01,5.000000000000000000e+02,1.000000000000000056e-01,8.000000000000000444e-01,1.024743369000000095e-03,4.431700270999999573e-03
5.300000000000000000e+01,5.000000000000000000e+02,1.000000000000000056e-01,8.000000000000000444e-01,1.064725026999999982e-03,4.604153356999999593e-03
5.500000000000000000e+01,5.000000000000000000e+02,1.000000000000000056e-01,8.000000000000000444e-01,1.104691495000000067e-03,4.776506435000000238e-03
5.700000000000000000e+01,5.000000000000000000e+02,1.000000000000000056e-01,8.000000000000000444e-01,1.144642800000000024e-03,4.948759617999999756e-03
5.900000000000000000e+01,5.000000000000000000e+02,1.000000000000000056e-01,8.000000000000000444e-01,1.184578965999999976e-03,5.120913020999999857e-03
6.100000000000000000e+01,5.000000000000000000e+02,1.000000000000000056e-01,8.000000000000000444e-01,1.224500019000000035e-03,5.292966756999999654e-03
6.300000000000000000e+01,5.000000000000000000e+02,1.000000000000000056e-01,8.000000000000000444e-01,1.264405981999999892e-03,5.464920938999999998e-03
6.500000000000000000e+01,5.000000000000000000e+02,1.000000000000000056e-01,8.000000000000000444e-01,1.304296883000000086e-03,5.636775680000000004e-03
6.700000000000000000e+01,5.000000000000000000e+02,1.000000000000000056e-01,8.000000000000000444e-01,1.344172745000000091e-03,5.808531092999999652e-03
6.900000000000000000e+01,5.000000000000000000e+02,1.000000000000000056e-01,8.000000000000000444e-01,1.384033593000000024e-03,5.980187290999999794e-03
7.100000000000000000e+01,5.000000000000000000e+02,1.000000000000000056e-01,8.000000000000000444e-01,1.423879452000000002e-03,6.151744385999999981e-03
7.300000000000000000e+01,5.000000000000000000e+02,1.000000000000000056e-01,8.000000000000000444e-01,1.463710347999999922e-03,6.323202491000000196e-03
7.500000000000000000e+01,5.000000000000000000e+02,1.000000000000000056e-01,8.000000000000000444e-01,1.503526303999999907e-03,6.494561717999999990e-03
7.700000000000000000e+01,5.000000000000000000e+02,1.000000000000000056e-01,8.000000000000000444e-01,1.543327347000000068e-03,6.665822178999999785e-03
7.900000000000000000e+01,5.000000000000000000e+02,1.000000000000000056e-01,8.000000000000000444e-01,1.583113499000000099e-03,6.836983985999999999e-03
8.100000000000000000e+01,5.000000000000000000e+02,1.000000000000000056e-01,8.000000000000000444e-01,1.622884786999999893e-03,7.008047249999999756e-03
8.300000000000000000e+01,5.000000000000000000e+02,1.000000000000000056e-01,8.000000000000000444e-01,1.662641235000000004e-03,7.179012083000000342e-03
8.500000000000000000e+01,5.000000000000000000e+02,1.000000000000000056e-01,8.000000000000000444e-01,1.702382866999999902e-03,7.349878596999999576e-03
8.700000000000000000e+01,5.000000000000000000e+02,1.000000000000000056e-01,8.000000000000000444e-01,1.742109707999999922e-03,7.520646903000000050e-03
8.900000000000000000e+01,5.000000000000000000e+02,1.000000000000000056e-01,8.000000000000000444e-01,1.781821781999999967e-03,7.691317110999999589e-03
9.100000000000000000e+01,5.000000000000000000e+02,1.000000000000000056e-01,8.000000000000000444e-01,1.821519113999999938e-03,7.861889332000000785e-03
9.300000000000000000e+01,5.000000000000000000e+02,1.000000000000000056e-01,8.000000000000000444e-01,1.861201728999999951e-03,8.032363678000000590e-03
9.500000000000000000e+01,5.000000000000000000e+02,1.000000000000000056e-01,8.000000000000000444e-01,1.900869649999999914e-03,8.202740257999999868e-03
9.700000000000000000e+01,5.000000000000000000e+02,1.000000000000000056e-01,8.000000000000000444e-01,1.940522901999999945e-03,8.373019182999999477e-03
9.900000000000000000e+01,5.000000000000000000e+02,1.000000000000000056e-01,8.000000000000000444e-01,1.980161508999999948e-03,8.543200562999999845e-03
1.000000000000000000e+01,5.000000000000000000e+02,1.000000000000000056e-01,8.000000000000000444e-01,2.017299790000000109e-04,8.741829335999999747e-04
3.000000000000000000e+01,5.000000000000000000e+02,1.000000000000000056e-01,8.000000000000000444e-01,6.040125391000000094e-04,2.614876106999999925e-03
5.000000000000000000e+01,5.000000000000000000e+02,1.000000000000000056e-01,8.000000000000000444e-01,1.004746836000000067e-03,4.345436190000000372e-03
7.000000000000000000e+01,5.000000000000000000e+02,1.000000000000000056e-01,8.000000000000000444e-01,1.403958394000000016e-03,6.065978219000000074e-03
9.000000000000000000e+01,5.000000000000000000e+02,1.000000000000000056e-01,8.000000000000000444e-01,1.801672289999999964e-03,7.776615463000000061e-03
1.100000000000000000e+02,5.000000000000000000e+02,1.000000000000000056e-01,8.000000000000000444e-01,2.197913155999999934e-03,9.477459440999999249e-03
1.300000000000000000e+02,5.000000000000000000e+02,1.000000000000000056e-01,8.000000000000000444e-01,2.592705191999999936e-03,1.116861994999999996e-02
1.500000000000000000e+02,5.000000000000000000e+02,1.000000000000000056e-01,8.000000000000000444e-01,2.986072168999999964e-03,1.285020507999999964e-02
1.700000000000000000e+02,5.000000000000000000e+02,1.000000000000000056e-01,8.000000000000000444e-01,3.378037430999999979e-03,1.452232124000000027e-02
1.900000000000000000e+02,5.000000000000000000e+02,1.000000000000000056e-01,8.000000000000000444e-01,3.768623907999999866e-03,1.618507317999999875e-02
2.100000000000000000e+02,5.000000000000000000e+02,1.000000000000000056e-01,8.000000000000000444e-01,4.157854120000000278e-03,1.783856401999999938e-02
2.300000000000000000e+02,5.000000000000000000e+02,1.000000000000000056e-01,8.000000000000000444e-01,4.545750177999999600e-03,1.948289524999999994e-02
2.500000000000000000e+02,5.000000000000000000e+02,1.000000000000000056e-01,8.000000000000000444e-01,4.932333797999999964e-03,2.111816677999999933e-02
2.700000000000000000e+02,5.000000000000000000e+02,1.000000000000000056e-01,8.000000000000000444e-01,5.317626298999999883e-03,2.274447694000000103e-02
2.900000000000000000e+02,5.000000000000000000e+02,1.000000000000000056e-01,8.000000000000000444e-01,5.701648616999999836e-03,2.436192249000000004e-02
3.100000000000000000e+02,5.000000000000000000e+02,1.000000000000000056e-01,8.000000000000000444e-01,6.084421302000000108e-03,2.597059869999999993e-02
3.300000000000000000e+02,5.000000000000000000e+02,1.000000000000000056e-01,8.000000000000000444e-01,6.465964531000000307e-03,2.757059930999999908e-02
3.500000000000000000e+02,5.000000000000000000e+02,1.000000000000000056e-01,8.000000000000000444e-01,6.846298108000000229e-03,2.916201654999999934e-02
3.700000000000000000e+02,5.000000000000000000e+02,1.000000000000000056e-01,8.000000000000000444e-01,7.225441475999999814e-03,3.074494121999999871e-02
3.900000000000000000e+02,5.000000000000000000e+02,1.000000000000000056e-01,8.000000000000000444e-01,7.603413715000000017e-03,3.231946264999999846e-02
4.100000000000000000e+02,5.000000000000000000e+02,1.000000000000000056e-01,8.000000000000000444e-01,7.980233554000000160e-03,3.388566876000000117e-02
4.300000000000000000e+02,5.000000000000000000e+02,1.000000000000000056e-01,8.000000000000000444e-01,8.355919372000000095e-03,3.544364606000000029e-02
4.500000000000000000e+02,5.000000000000000000e+02,1.000000000000000056e-01,8.000000000000000444e-01,8.730489206999999738e-03,3.699347967999999653e-02
4.700000000000000000e+02,5.000000000000000000e+02,1.000000000000000056e-01,8.000000000000000444e-01,9.103960757000000362e-03,3.853525336000000051e-02
4.900000000000000000e+02,5.000000000000000000e+02,1.000000000000000056e-01,8.000000000000000444e-01,9.476351390000000222e-03,4.006904953999999852e-02
5.100000000000000000e+02,5.000000000000000000e+02,1.000000000000000056e-01,8.000000000000000444e-01,9.847678146000000618e-03,4.159494930999999701e-02
5.300000000000000000e+02,5.000000000000000000e+02,1.000000000000000056e-01,8.000000000000000444e-01,1.021795774000000025e-02,4.311303245999999895e-02
5.500000000000000000e+02,5.000000000000000000e+02,1.000000000000000056e-01,8.000000000000000444e-01,1.058720657999999946e-02,4.462337750999999936e-02
5.700000000000000000e+02,5.000000000000000000e+02,1.000000000000000056e-01,8.000000000000000444e-01,1.095544074999999992e-02,4.612606169999999839e-02
5.900000000000000000e+02,5.000000000000000000e+02,1.000000000000000056e-01,8.000000000000000444e-01,1.132267604000000011e-02,4.762116103999999850e-02
6.100000000000000000e+02,5.000000000000000000e+02,1.000000000000000056e-01,8.000000000000000444e-01,1.168892791999999979e-02,4.910875029999999669e-02
6.300000000000000000e+02,5.000000000000000000e+02,1.000000000000000056e-01,8.000000000000000444e-01,1.205421157999999986e-02,5.058890307000000336e-02
6.500000000000000000e+02,5.000000000000000000e+02,1.000000000000000056e-01,8.000000000000000444e-01,1.241854191000000066e-02,5.206169172999999817e-02
6.700000000000000000e+02,5.000000000000000000e+02,1.000000000000000056e-01,8.000000000000000444e-01,1.278193352000000019e-02,5.352718750999999747e-02
6.900000000000000000e+02,5.000000000000000000e+02,1.000000000000000056e-01,8.000000000000000444e-01,1.314440071999999939e-02,5.498546049999999963e-02
7.100000000000000000e+02,5.000000000000000000e+02,1.000000000000000056e-01,8.000000000000000444e-01,1.350595756000000022e-02,5.643657962999999722e-02
7.300000000000000000e+02,5.000000000000000000e+02,1.000000000000000056e-01,8.000000000000000444e-01,1.386661781000000059e-02,5.788061274999999756e-02
7.500000000000000000e+02,5.000000000000000000e+02,1.000000000000000056e-01,8.000000000000000444e-01,1.422639497999999940e-02,5.931762661000000020e-02
7.700000000000000000e+02,5.000000000000000000e+02,1.000000000000000056e-01,8.000000000000000444e-01,1.458530228999999935e-02,6.074768688999999944e-02
7.900000000000000000e+02,5.000000000000000000e+02,1.000000000000000056e-01,8.000000000000000444e-01,1.494335272000000062e-02,6.217085819999999818e-02
8.100000000000000000e+02,5.000000000000000000e+02,1.000000000000000056e-01,8.000000000000000444e-01,1.530055900000000003e-02,6.358720412000000433e-02
8.300000000000000000e+02,5.000000000000000000e+02,1.000000000000000056e-01,8.000000000000000444e-01,1.565693359000000159e-02,6.499678722000000464e-02
8.500000000000000000e+02,5.000000000000000000e+02,1.000000000000000056e-01,8.000000000000000444e-01,1.601248871999999893e-02,6.639966907000000029e-02
8.700000000000000000e+02,5.000000000000000000e+02,1.000000000000000056e-01,8.000000000000000444e-01,1.636723636999999967e-02,6.779591023000000605e-02
8.900000000000000000e+02,5.000000000000000000e+02,1.000000000000000056e-01,8.000000000000000444e-01,1.672118826999999947e-02,6.918557032000000051e-02
9.100000000000000000e+02,5.000000000000000000e+02,1.000000000000000056e-01,8.000000000000000444e-01,1.707435594000000084e-02,7.056870799999999389e-02
9.300000000000000000e+02,5.000000000000000000e+02,1.000000000000000056e-01,8.000000000000000444e-01,1.742675064999999954e-02,7.194538099000000186e-02
9.500000000000000000e+02,5.000000000000000000e+02,1.000000000000000056e-01,8.000000000000000444e-01,1.777838344000000001e-02,7.331564610000000648e-02
9.700000000000000000e+02,5.000000000000000000e+02,1.000000000000000056e-01,8.000000000000000444e-01,1.812926515000000058e-02,7.467955922999999774e-02
9.900000000000000000e+02,5.000000000000000000e+02,1.000000000000000056e-01,8.000000000000000444e-01,1.847940638000000052e-02,7.603717541000000468e-02
1.000000000000000000e+02,5.000000000000000000e+02,1.000000000000000056e-01,8.000000000000000444e-01,1.999975329000000177e-03,8.628254708000000772e-03
3.000000000000000000e+02,5.000000000000000000e+02,1.000000000000000056e-01,8.000000000000000444e-01,5.893189893999999963e-03,2.516735087000000065e-02
5.000000000000000000e+02,5.000000000000000000e+02,1.000000000000000056e-01,8.000000000000000444e-01,9.662146700999999296e-03,4.083298146000000073e-02
7.000000000000000000e+02,5.000000000000000000e+02,1.000000000000000056e-01,8.000000000000000444e-01,1.332529206999999959e-02,5.571191002999999892e-02
9.000000000000000000e+02,5.000000000000000000e+02,1.000000000000000056e-01,8.000000000000000444e-01,1.689786943000000027e-02,6.987795082999999352e-02
1.100000000000000000e+03,5.000000000000000000e+02,1.000000000000000056e-01,8.000000000000000444e-01,2.039240104000000081e-02,8.339388408999999502e-02
1.300000000000000000e+03,5.000000000000000000e+02,1.000000000000000056e-01,8.000000000000000444e-01,2.381911470000000128e-02,9.631320415999999884e-02
1.500000000000000000e+03,5.000000000000000000e+02,1.000000000000000056e-01,8.000000000000000444e-01,2.718631760999999994e-02,1.086816788999999950e-01
1.700000000000000000e+03,5.000000000000000000e+02,1.000000000000000056e-01,8.000000000000000444e-01,3.050072083999999864e-02,1.205387093999999992e-01
1.900000000000000000e+03,5.000000000000000000e+02,1.000000000000000056e-01,8.000000000000000444e-01,3.376771845999999855e-02,1.319184917000000012e-01
2.100000000000000000e+03,5.000000000000000000e+02,1.000000000000000056e-01,8.000000000000000444e-01,3.699162549999999994e-02,1.428509886999999867e-01
2.300000000000000000e+03,5.000000000000000000e+02,1.000000000000000056e-01,8.000000000000000444e-01,4.017587940999999691e-02,1.533627297000000056e-01
2.500000000000000000e+03,5.000000000000000000e+02,1.000000000000000056e-01,8.000000000000000444e-01,4.332320908000000109e-02,1.634774562000000098e-01
2.700000000000000000e+03,5.000000000000000000e+02,1.000000000000000056e-01,8.000000000000000444e-01,4.643577564000000296e-02,1.732166371999999954e-01
2.900000000000000000e+03,5.000000000000000000e+02,1.000000000000000056e-01,8.000000000000000444e-01,4.951528889000000183e-02,1.825998732999999929e-01
3.100000000000000000e+03,5.000000000000000000e+02,1.000000000000000056e-01,8.000000000000000444e-01,5.256310270000000284e-02,1.916452119000000009e-01
3.300000000000000000e+03,5.000000000000000000e+02,1.000000000000000056e-01,8.000000000000000444e-01,5.558029268999999800e-02,2.003693896000000030e-01
3.500000000000000000e+03,5.000000000000000000e+02,1.000000000000000056e-01,8.000000000000000444e-01,5.856771896000000088e-02,2.087880189999999914e-01
3.700000000000000000e+03,5.000000000000000000e+02,1.000000000000000056e-01,8.000000000000000444e-01,6.152607630999999688e-02,2.169157311000000088e-01
3.900000000000000000e+03,5.000000000000000000e+02,1.000000000000000056e-01,8.000000000000000444e-01,6.445593419999999518e-02,2.247662857999999930e-01
4.100000000000000000e+03,5.000000000000000000e+02,1.000000000000000056e-01,8.000000000000000444e-01,6.735776817999999944e-02,2.323526568000000014e-01
4.300000000000000000e+03,5.000000000000000000e+02,1.000000000000000056e-01,8.000000000000000444e-01,7.023198452999999952e-02,2.396870993999999921e-01
4.500000000000000000e+03,5.000000000000000000e+02,1.000000000000000056e-01,8.000000000000000444e-01,7.307893923000000069e-02,2.467812050000000035e-01
4.700000000000000000e+03,5.000000000000000000e+02,1.000000000000000056e-01,8.000000000000000444e-01,7.589895261000000060e-02,2.536459455000000252e-01
4.900000000000000000e+03,5.000000000000000000e+02,1.000000000000000056e-01,8.000000000000000444e-01,7.869232034999999736e-02,2.602917122000000250e-01
5.100000000000000000e+03,5.000000000000000000e+02,1.000000000000000056e-01,8.000000000000000444e-01,8.145932178999999718e-02,2.667283489999999757e-01
5.300000000000000000e+03,5.000000000000000000e+02,1.000000000000000056e-01,8.000000000000000444e-01,8.420022598000000136e-02,2.729651826000000225e-01
5.500000000000000000e+03,5.000000000000000000e+02,1.000000000000000056e-01,8.000000000000000444e-01,8.691529608999999656e-02,2.790110504000000158e-01
5.700000000000000000e+03,5.000000000000000000e+02,1.000000000000000056e-01,8.000000000000000444e-01,8.960479250000000229e-02,2.848743262999999803e-01
5.900000000000000000e+03,5.000000000000000000e+02,1.000000000000000056e-01,8.000000000000000444e-01,9.226897491999999645e-02,2.905629449000000086e-01
6.100000000000000000e+03,5.000000000000000000e+02,1.000000000000000056e-01,8.000000000000000444e-01,9.490810368999999524e-02,2.960844250999999927e-01
6.300000000000000000e+03,5.000000000000000000e+02,1.000000000000000056e-01,8.000000000000000444e-01,9.752244065000000017e-02,3.014458917999999765e-01
6.500000000000000000e+03,5.000000000000000000e+02,1.000000000000000056e-01,8.000000000000000444e-01,1.001122495000000001e-01,3.066540976000000085e-01
6.700000000000000000e+03,5.000000000000000000e+02,1.000000000000000056e-01,8.000000000000000444e-01,1.026777957999999991e-01,3.117154428999999727e-01
6.900000000000000000e+03,5.000000000000000000e+02,1.000000000000000056e-01,8.000000000000000444e-01,1.052193470999999991e-01,3.166359952000000200e-01
7.100000000000000000e+03,5.000000000000000000e+02,1.000000000000000056e-01,8.000000000000000444e-01,1.077371726000000002e-01,3.214215080000000224e-01
7.300000000000000000e+03,5.000000000000000000e+02,1.000000000000000056e-01,8.000000000000000444e-01,1.102315425999999959e-01,3.260774381000000055e-01
7.500000000000000000e+03,5.000000000000000000e+02,1.000000000000000056e-01,8.000000000000000444e-01,1.127027283999999935e-01,3.306089626000000004e-01
7.700000000000000000e+03,5.000000000000000000e+02,1.000000000000000056e-01,8.000000000000000444e-01,1.151510020000000023e-01,3.350209949999999881e-01
7.900000000000000000e+03,5.000000000000000000e+02,1.000000000000000056e-01,8.000000000000000444e-01,1.175766352000000015e-01,3.393181999000000060e-01
8.100000000000000000e+03,5.000000000000000000e+02,1.000000000000000056e-01,8.000000000000000444e-01,1.199798995999999951e-01,3.435050076999999757e-01
8.300000000000000000e+03,5.000000000000000000e+02,1.000000000000000056e-01,8.000000000000000444e-01,1.223610663999999959e-01,3.475856280999999881e-01
8.500000000000000000e+03,5.000000000000000000e+02,1.000000000000000056e-01,8.000000000000000444e-01,1.247204055000000061e-01,3.515640623999999881e-01
8.700000000000000000e+03,5.000000000000000000e+02,1.000000000000000056e-01,8.000000000000000444e-01,1.270581855000000038e-01,3.554441161999999932e-01
8.900000000000000000e+03,5.000000000000000000e+02,1.000000000000000056e-01,8.000000000000000444e-01,1.293746735000000092e-01,3.592294098000000102e-01
9.100000000000000000e+03,5.000000000000000000e+02,1.000000000000000056e-01,8.000000000000000444e-01,1.316701345999999884e-01,3.629233899000000041e-01
9.300000000000000000e+03,5.000000000000000000e+02,1.000000000000000056e-01,8.000000000000000444e-01,1.339448317999999971e-01,3.665293383000000071e-01
9.500000000000000000e+03,5.000000000000000000e+02,1.000000000000000056e-01,8.000000000000000444e-01,1.361990257000000037e-01,3.700503824999999969e-01
9.700000000000000000e+03,5.000000000000000000e+02,1.000000000000000056e-01,8.000000000000000444e-01,1.384329746000000083e-01,3.734895033999999781e-01
9.900000000000000000e+03,5.000000000000000000e+02,1.000000000000000056e-01,8.000000000000000444e-01,1.406469340000000012e-01,3.768495445000000221e-01
1.000000000000000000e+03,5.000000000000000000e+02,1.000000000000000056e-01,8.000000000000000444e-01,1.865420257000000026e-02,7.671363909999999453e-02
3.000000000000000000e+03,5.000000000000000000e+02,1.000000000000000056e-01,8.000000000000000444e-01,5.104308527999999734e-02,1.871637054999999994e-01
5.000000000000000000e+03,5.000000000000000000e+02,1.000000000000000056e-01,8.000000000000000444e-01,8.007909986000000258e-02,2.635355770999999736e-01
7.000000000000000000e+03,5.000000000000000000e+02,1.000000000000000056e-01,8.000000000000000444e-01,1.064812086999999963e-01,3.190452837000000152e-01
9.000000000000000000e+03,5.000000000000000000e+02,1.000000000000000056e-01,8.000000000000000444e-01,1.305250159000000132e-01,3.610876051999999947e-01
1.100000000000000000e+04,5.000000000000000000e+02,1.000000000000000056e-01,8.000000000000000444e-01,1.524775398999999865e-01,3.940315113999999785e-01
1.300000000000000000e+04,5.000000000000000000e+02,1.000000000000000056e-01,8.000000000000000444e-01,1.725873169999999901e-01,4.205529915999999813e-01
1.500000000000000000e+04,5.000000000000000000e+02,1.000000000000000056e-01,8.000000000000000444e-01,1.910724451999999962e-01,4.423702399000000174e-01
1.700000000000000000e+04,5.000000000000000000e+02,1.000000000000000056e-01,8.000000000000000444e-01,2.081204749999999992e-01,4.606363891999999960e-01
1.900000000000000000e+04,5.000000000000000000e+02,1.000000000000000056e-01,8.000000000000000444e-01,2.238920681999999884e-01,4.761548514000000232e-01
2.100000000000000000e+04,5.000000000000000000e+02,1.000000000000000056e-01,8.000000000000000444e-01,2.385251375000000118e-01,4.895030414000000052e-01
2.300000000000000000e+04,5.000000000000000000e+02,1.000000000000000056e-01,8.000000000000000444e-01,2.521385526000000099e-01,5.011068735999999468e-01
2.500000000000000000e+04,5.000000000000000000e+02,1.000000000000000056e-01,8.000000000000000444e-01,2.648352476999999983e-01,5.112875125000000409e-01
2.700000000000000000e+04,5.000000000000000000e+02,1.000000000000000056e-01,8.000000000000000444e-01,2.767047771000000211e-01,5.202917680999999961e-01
2.900000000000000000e+04,5.000000000000000000e+02,1.000000000000000056e-01,8.000000000000000444e-01,2.878254096000000262e-01,5.283124641999999982e-01
3.100000000000000000e+04,5.000000000000000000e+02,1.000000000000000056e-01,8.000000000000000444e-01,2.982658465999999953e-01,5.355024475999999867e-01
3.300000000000000000e+04,5.000000000000000000e+02,1.000000000000000056e-01,8.000000000000000444e-01,3.080866379000000155e-01,5.419844445000000510e-01
3.500000000000000000e+04,5.000000000000000000e+02,1.000000000000000056e-01,8.000000000000000444e-01,3.173413554000000247e-01,5.478581355999999625e-01
3.700000000000000000e+04,5.000000000000000000e+02,1.000000000000000056e-01,8.000000000000000444e-01,3.260775690000000115e-01,5.532053245000000397e-01
3.900000000000000000e+04,5.000000000000000000e+02,1.000000000000000056e-01,8.000000000000000444e-01,3.343376644000000120e-01,5.580937745999999811e-01
4.100000000000000000e+04,5.000000000000000000e+02,1.000000000000000056e-01,8.000000000000000444e-01,3.421595299999999895e-01,5.625800980999999812e-01
4.300000000000000000e+04,5.000000000000000000e+02,1.000000000000000056e-01,8.000000000000000444e-01,3.495771383999999871e-01,5.667119589000000346e-01
4.500000000000000000e+04,5.000000000000000000e+02,1.000000000000000056e-01,8.000000000000000444e-01,3.566210390999999813e-01,5.705297741999999506e-01
4.700000000000000000e+04,5.000000000000000000e+02,1.000000000000000056e-01,8.000000000000000444e-01,3.633187789999999806e-01,5.740680412999999982e-01
4.900000000000000000e+04,5.000000000000000000e+02,1.000000000000000056e-01,8.000000000000000444e-01,3.696952628999999879e-01,5.773563829000000203e-01
5.100000000000000000e+04,5.000000000000000000e+02,1.000000000000000056e-01,8.000000000000000444e-01,3.757730622000000076e-01,5.804203792000000028e-01
5.300000000000000000e+04,5.000000000000000000e+02,1.000000000000000056e-01,8.000000000000000444e-01,3.815726823000000212e-01,5.832822342000000271e-01
5.500000000000000000e+04,5.000000000000000000e+02,1.000000000000000056e-01,8.000000000000000444e-01,3.871127938000000213e-01,5.859613156999999850e-01
5.700000000000000000e+04,5.000000000000000000e+02,1.000000000000000056e-01,8.000000000000000444e-01,3.924104327999999864e-01,5.884745934999999761e-01
5.900000000000000000e+04,5.000000000000000000e+02,1.000000000000000056e-01,8.000000000000000444e-01,3.974811764000000247e-01,5.908369997000000318e-01
6.100000000000000000e+04,5.000000000000000000e+02,1.000000000000000056e-01,8.000000000000000444e-01,4.023392952000000022e-01,5.930617255000000254e-01
6.300000000000000000e+04,5.000000000000000000e+02,1.000000000000000056e-01,8.000000000000000444e-01,4.069978877000000050e-01,5.951604678999999898e-01
6.500000000000000000e+04,5.000000000000000000e+02,1.000000000000000056e-01,8.000000000000000444e-01,4.114689981999999913e-01,5.971436354000000390e-01
6.700000000000000000e+04,5.000000000000000000e+02,1.000000000000000056e-01,8.000000000000000444e-01,4.157637208000000140e-01,5.990205204999999866e-01
6.900000000000000000e+04,5.000000000000000000e+02,1.000000000000000056e-01,8.000000000000000444e-01,4.198922910999999814e-01,6.007994453999999651e-01
7.100000000000000000e+04,5.000000000000000000e+02,1.000000000000000056e-01,8.000000000000000444e-01,4.238641678000000246e-01,6.024878858000000115e-01
7.300000000000000000e+04,5.000000000000000000e+02,1.000000000000000056e-01,8.000000000000000444e-01,4.276881049999999851e-01,6.040925754000000536e-01
7.500000000000000000e+04,5.000000000000000000e+02,1.000000000000000056e-01,8.000000000000000444e-01,4.313722167999999857e-01,6.056195959000000295e-01
7.700000000000000000e+04,5.000000000000000000e+02,1.000000000000000056e-01,8.000000000000000444e-01,4.349240345000000008e-01,6.070744541000000494e-01
7.900000000000000000e+04,5.000000000000000000e+02,1.000000000000000056e-01,8.000000000000000444e-01,4.383505577999999847e-01,6.084621481999999970e-01
8.100000000000000000e+04,5.000000000000000000e+02,1.000000000000000056e-01,8.000000000000000444e-01,4.416583016000000250e-01,6.097872251999999493e-01
8.300000000000000000e+04,5.000000000000000000e+02,1.000000000000000056e-01,8.000000000000000444e-01,4.448533364999999740e-01,6.110538307999999752e-01
8.500000000000000000e+04,5.000000000000000000e+02,1.000000000000000056e-01,8.000000000000000444e-01,4.479413266000000227e-01,6.122657524000000295e-01
8.700000000000000000e+04,5.000000000000000000e+02,1.000000000000000056e-01,8.000000000000000444e-01,4.509275623999999816e-01,6.134264574000000136e-01
8.900000000000000000e+04,5.000000000000000000e+02,1.000000000000000056e-01,8.000000000000000444e-01,4.538169917000000053e-01,6.145391261999999521e-01
9.100000000000000000e+04,5.000000000000000000e+02,1.000000000000000056e-01,8.000000000000000444e-01,4.566142465999999955e-01,6.156066809000000362e-01
9.300000000000000000e+04,5.000000000000000000e+02,1.000000000000000056e-01,8.000000000000000444e-01,4.593236682999999876e-01,6.166318115000000155e-01
9.500000000000000000e+04,5.000000000000000000e+02,1.000000000000000056e-01,8.000000000000000444e-01,4.619493295000000055e-01,6.176169982000000447e-01
9.700000000000000000e+04,5.000000000000000000e+02,1.000000000000000056e-01,8.000000000000000444e-01,4.644950549999999900e-01,6.185645318000000392e-01
9.900000000000000000e+04,5.000000000000000000e+02,1.000000000000000056e-01,8.000000000000000444e-01,4.669644401999999972e-01,6.194765307999999804e-01
1.000000000000000000e+04,5.000000000000000000e+02,1.000000000000000056e-01,8.000000000000000444e-01,1.417464965999999937e-01,3.785007628000000013e-01
3.000000000000000000e+04,5.000000000000000000e+02,1.000000000000000056e-01,8.000000000000000444e-01,2.931266919000000137e-01,5.320030126000000470e-01
5.000000000000000000e+04,5.000000000000000000e+02,1.000000000000000056e-01,8.000000000000000444e-01,3.727701709999999835e-01,5.789149641999999929e-01
7.000000000000000000e+04,5.000000000000000000e+02,1.000000000000000056e-01,8.000000000000000444e-01,4.218972532999999969e-01,6.016545390999999965e-01
9.000000000000000000e+04,5.000000000000000000e+02,1.000000000000000056e-01,8.000000000000000444e-01,4.552268630999999899e-01,6.150783695000000550e-01
1.100000000000000000e+05,5.000000000000000000e+02,1.000000000000000056e-01,8.000000000000000444e-01,4.793232324000000211e-01,6.239383439000000253e-01
1.300000000000000000e+05,5.000000000000000000e+02,1.000000000000000056e-01,8.000000000000000444e-01,4.975562531000000122e-01,6.302240941000000207e-01
1.500000000000000000e+05,5.000000000000000000e+02,1.000000000000000056e-01,8.000000000000000444e-01,5.118337953999999579e-01,6.349154476999999686e-01
1.700000000000000000e+05,5.000000000000000000e+02,1.000000000000000056e-01,8.000000000000000444e-01,5.233169943000000046e-01,6.385509363000000382e-01
1.900000000000000000e+05,5.000000000000000000e+02,1.000000000000000056e-01,8.000000000000000444e-01,5.327530245999999581e-01,6.414510947999999546e-01
2.100000000000000000e+05,5.000000000000000000e+02,1.000000000000000056e-01,8.000000000000000444e-01,5.406444818000000208e-01,6.438186322000000184e-01
2.300000000000000000e+05,5.000000000000000000e+02,1.000000000000000056e-01,8.000000000000000444e-01,5.473418869999999714e-01,6.457880150000000485e-01
2.500000000000000000e+05,5.000000000000000000e+02,1.000000000000000056e-01,8.000000000000000444e-01,5.530971596000000545e-01,6.474519566999999975e-01
2.700000000000000000e+05,5.000000000000000000e+02,1.000000000000000056e-01,8.000000000000000444e-01,5.580960103000000005e-01,6.488764558999999821e-01
2.900000000000000000e+05,5.000000000000000000e+02,1.000000000000000056e-01,8.000000000000000444e-01,5.624783506999999627e-01,6.501097727000000326e-01
3.100000000000000000e+05,5.000000000000000000e+02,1.000000000000000056e-01,8.000000000000000444e-01,5.663515918000000537e-01,6.511880128999999462e-01
3.300000000000000000e+05,5.000000000000000000e+02,1.000000000000000056e-01,8.000000000000000444e-01,5.697995633000000337e-01,6.521387279000000481e-01
3.500000000000000000e+05,5.000000000000000000e+02,1.000000000000000056e-01,8.000000000000000444e-01,5.728886479000000476e-01,6.529833066000000352e-01
3.700000000000000000e+05,5.000000000000000000e+02,1.000000000000000056e-01,8.000000000000000444e-01,5.756720959000000137e-01,6.537386070999999799e-01
3.900000000000000000e+05,5.000000000000000000e+02,1.000000000000000056e-01,8.000000000000000444e-01,5.781931197999999883e-01,6.544180962000000212e-01
4.100000000000000000e+05,5.000000000000000000e+02,1.000000000000000056e-01,8.000000000000000444e-01,5.804871525999999449e-01,6.550326614999999464e-01
4.300000000000000000e+05,5.000000000000000000e+02,1.000000000000000056e-01,8.000000000000000444e-01,5.825835231999999531e-01,6.555912003999999627e-01
4.500000000000000000e+05,5.000000000000000000e+02,1.000000000000000056e-01,8.000000000000000444e-01,5.845067169000000007e-01,6.561010552999999579e-01
4.700000000000000000e+05,5.000000000000000000e+02,1.000000000000000056e-01,8.000000000000000444e-01,5.862773350000000105e-01,6.565683390000000008e-01
4.900000000000000000e+05,5.000000000000000000e+02,1.000000000000000056e-01,8.000000000000000444e-01,5.879128362000000108e-01,6.569981817000000168e-01
5.100000000000000000e+05,5.000000000000000000e+02,1.000000000000000056e-01,8.000000000000000444e-01,5.894281134000000089e-01,6.573949208999999572e-01
5.300000000000000000e+05,5.000000000000000000e+02,1.000000000000000056e-01,8.000000000000000444e-01,5.908359482999999690e-01,6.577622488000000045e-01
5.500000000000000000e+05,5.000000000000000000e+02,1.000000000000000056e-01,8.000000000000000444e-01,5.921473730999999852e-01,6.581033280000000429e-01
5.700000000000000000e+05,5.000000000000000000e+02,1.000000000000000056e-01,8.000000000000000444e-01,5.933719595999999985e-01,6.584208834000000454e-01
5.900000000000000000e+05,5.000000000000000000e+02,1.000000000000000056e-01,8.000000000000000444e-01,5.945180530000000463e-01,6.587172747999999745e-01
6.100000000000000000e+05,5.000000000000000000e+02,1.000000000000000056e-01,8.000000000000000444e-01,5.955929626000000532e-01,6.589945568999999725e-01
6.300000000000000000e+05,5.000000000000000000e+02,1.000000000000000056e-01,8.000000000000000444e-01,5.966031174999999465e-01,6.592545264000000405e-01
6.500000000000000000e+05,5.000000000000000000e+02,1.000000000000000056e-01,8.000000000000000444e-01,5.975541952999999795e-01,6.594987614999999748e-01
6.700000000000000000e+05,5.000000000000000000e+02,1.000000000000000056e-01,8.000000000000000444e-01,5.984512287000000041e-01,6.597286542000000420e-01
6.900000000000000000e+05,5.000000000000000000e+02,1.000000000000000056e-01,8.000000000000000444e-01,5.992986946999999676e-01,6.599454370999999764e-01
7.100000000000000000e+05,5.000000000000000000e+02,1.000000000000000056e-01,8.000000000000000444e-01,6.001005888999999538e-01,6.601502049999999899e-01
7.300000000000000000e+05,5.000000000000000000e+02,1.000000000000000056e-01,8.000000000000000444e-01,6.008604888999999893e-01,6.603439344000000544e-01
7.500000000000000000e+05,5.000000000000000000e+02,1.000000000000000056e-01,8.000000000000000444e-01,6.015816073999999958e-01,6.605274987000000486e-01
7.700000000000000000e+05,5.000000000000000000e+02,1.000000000000000056e-01,8.000000000000000444e-01,6.022668374999999852e-01,6.607016811999999462e-01
7.900000000000000000e+05,5.000000000000000000e+02,1.000000000000000056e-01,8.000000000000000444e-01,6.029187915000000508e-01,6.608671869000000143e-01
8.100000000000000000e+05,5.000000000000000000e+02,1.000000000000000056e-01,8.000000000000000444e-01,6.035398344000000304e-01,6.610246518000000293e-01
8.300000000000000000e+05,5.000000000000000000e+02,1.000000000000000056e-01,8.000000000000000444e-01,6.041321120000000544e-01,6.611746511999999631e-01
8.500000000000000000e+05,5.000000000000000000e+02,1.000000000000000056e-01,8.000000000000000444e-01,6.046975760999999672e-01,6.613177067000000076e-01
8.700000000000000000e+05,5.000000000000000000e+02,1.000000000000000056e-01,8.000000000000000444e-01,6.052380061000000033e-01,6.614542924999999851e-01
8.900000000000000000e+05,5.000000000000000000e+02,1.000000000000000056e-01,8.000000000000000444e-01,6.057550269999999459e-01,6.615848403999999849e-01
9.100000000000000000e+05,5.000000000000000000e+02,1.000000000000000056e-01,8.000000000000000444e-01,6.062501262999999696e-01,6.617097446999999910e-01
9.300000000000000000e+05,5.000000000000000000e+02,1.000000000000000056e-01,8.000000000000000444e-01,6.067246683000000473e-01,6.618293659999999745e-01
9.500000000000000000e+05,5.000000000000000000e+02,1.000000000000000056e-01,8.000000000000000444e-01,6.071799060000000470e-01,6.619440347999999696e-01
9.700000000000000000e+05,5.000000000000000000e+02,1.000000000000000056e-01,8.000000000000000444e-01,6.076169929000000414e-01,6.620540545999999971e-01
9.900000000000000000e+05,5.000000000000000000e+02,1.000000000000000056e-01,8.000000000000000444e-01,6.080369923999999759e-01,6.621597045999999542e-01
1.000000000000000000e+05,5.000000000000000000e+02,1.000000000000000056e-01,8.000000000000000444e-01,4.681715703000000062e-01,6.199198240000000082e-01
3.000000000000000000e+05,5.000000000000000000e+02,1.000000000000000056e-01,8.000000000000000444e-01,5.644728991999999890e-01,6.506663875000000541e-01
5.000000000000000000e+05,5.000000000000000000e+02,1.000000000000000056e-01,8.000000000000000444e-01,5.886846591000000073e-01,6.572004447999999499e-01
7.000000000000000000e+05,5.000000000000000000e+02,1.000000000000000056e-01,8.000000000000000444e-01,5.997051055000000019e-01,6.600492593000000241e-01
9.000000000000000000e+05,5.000000000000000000e+02,1.000000000000000056e-01,8.000000000000000444e-01,6.060052288999999703e-01,6.616479748000000383e-01
1.100000000000000000e+06,5.000000000000000000e+02,1.000000000000000056e-01,8.000000000000000444e-01,6.100819469999999578e-01,6.626732302000000185e-01
1.300000000000000000e+06,5.000000000000000000e+02,1.000000000000000056e-01,8.000000000000000444e-01,6.129351544000000152e-01,6.633878340000000096e-01
1.500000000000000000e+06,5.000000000000000000e+02,1.000000000000000056e-01,8.000000000000000444e-01,6.150433888999999876e-01,6.639152077000000096e-01
1.700000000000000000e+06,5.000000000000000000e+02,1.000000000000000056e-01,8.000000000000000444e-01,6.166644407000000383e-01,6.643209906000000498e-01
1.900000000000000000e+06,5.000000000000000000e+02,1.000000000000000056e-01,8.000000000000000444e-01,6.179494747999999538e-01,6.646433191999999712e-01
2.100000000000000000e+06,5.000000000000000000e+02,1.000000000000000056e-01,8.000000000000000444e-01,6.189929894000000266e-01,6.649058702000000265e-01
2.300000000000000000e+06,5.000000000000000000e+02,1.000000000000000056e-01,8.000000000000000444e-01,6.198570927000000008e-01,6.651241232000000281e-01
2.500000000000000000e+06,5.000000000000000000e+02,1.000000000000000056e-01,8.000000000000000444e-01,6.205842843000000109e-01,6.653086271000000496e-01
2.700000000000000000e+06,5.000000000000000000e+02,1.000000000000000056e-01,8.000000000000000444e-01,6.212046264999999678e-01,6.654668197999999979e-01
2.900000000000000000e+06,5.000000000000000000e+02,1.000000000000000056e-01,8.000000000000000444e-01,6.217399838999999595e-01,6.656040971000000139e-01
3.100000000000000000e+06,5.000000000000000000e+02,1.000000000000000056e-01,8.000000000000000444e-01,6.222066387000000365e-01,6.657244691000000492e-01
3.300000000000000000e+06,5.000000000000000000e+02,1.000000000000000056e-01,8.000000000000000444e-01,6.226169652999999915e-01,6.658309784999999481e-01
3.500000000000000000e+06,5.000000000000000000e+02,1.000000000000000056e-01,8.000000000000000444e-01,6.229805363000000540e-01,6.659259763000000554e-01
3.700000000000000000e+06,5.000000000000000000e+02,1.000000000000000056e-01,8.000000000000000444e-01,6.233048724999999957e-01,6.660113077000000548e-01
3.900000000000000000e+06,5.000000000000000000e+02,1.000000000000000056e-01,8.000000000000000444e-01,6.235959651000000381e-01,6.660884418000000418e-01
4.100000000000000000e+06,5.000000000000000000e+02,1.000000000000000056e-01,8.000000000000000444e-01,6.238586452000000060e-01,6.661585624000000427e-01
4.300000000000000000e+06,5.000000000000000000e+02,1.000000000000000056e-01,8.000000000000000444e-01,6.240968518999999715e-01,6.662226345999999744e-01
4.500000000000000000e+06,5.000000000000000000e+02,1.000000000000000056e-01,8.000000000000000444e-01,6.243138285999999537e-01,6.662814529999999680e-01
4.700000000000000000e+06,5.000000000000000000e+02,1.000000000000000056e-01,8.000000000000000444e-01,6.245122708000000467e-01,6.663356778000000258e-01
4.900000000000000000e+06,5.000000000000000000e+02,1.000000000000000056e-01,8.000000000000000444e-01,6.246944362999999889e-01,6.663858621999999565e-01
5.100000000000000000e+06,5.000000000000000000e+02,1.000000000000000056e-01,8.000000000000000444e-01,6.248622310000000457e-01,6.664324732999999945e-01
5.300000000000000000e+06,5.000000000000000000e+02,1.000000000000000056e-01,8.000000000000000444e-01,6.250172748000000222e-01,6.664759080000000058e-01
5.500000000000000000e+06,5.000000000000000000e+02,1.000000000000000056e-01,8.000000000000000444e-01,6.251609530999999720e-01,6.665165063000000334e-01
5.700000000000000000e+06,5.000000000000000000e+02,1.000000000000000056e-01,8.000000000000000444e-01,6.252944580000000530e-01,6.665545604999999485e-01
5.900000000000000000e+06,5.000000000000000000e+02,1.000000000000000056e-01,8.000000000000000444e-01,6.254188206999999888e-01,6.665903239999999563e-01
6.100000000000000000e+06,5.000000000000000000e+02,1.000000000000000056e-01,8.000000000000000444e-01,6.255349377000000155e-01,6.666240168000000521e-01
6.300000000000000000e+06,5.000000000000000000e+02,1.000000000000000056e-01,8.000000000000000444e-01,6.256435924000000037e-01,6.666558316999999789e-01
6.500000000000000000e+06,5.000000000000000000e+02,1.000000000000000056e-01,8.000000000000000444e-01,6.257454719999999693e-01,6.666859376999999531e-01
6.700000000000000000e+06,5.000000000000000000e+02,1.000000000000000056e-01,8.000000000000000444e-01,6.258411819000000431e-01,6.667144839999999961e-01
6.900000000000000000e+06,5.000000000000000000e+02,1.000000000000000056e-01,8.000000000000000444e-01,6.259312578000000293e-01,6.667416025000000301e-01
7.100000000000000000e+06,5.000000000000000000e+02,1.000000000000000056e-01,8.000000000000000444e-01,6.260161749999999525e-01,6.667674104999999907e-01
7.300000000000000000e+06,5.000000000000000000e+02,1.000000000000000056e-01,8.000000000000000444e-01,6.260963572000000088e-01,6.667920125999999836e-01
7.500000000000000000e+06,5.000000000000000000e+02,1.000000000000000056e-01,8.000000000000000444e-01,6.261721826999999685e-01,6.668155024999999902e-01
7.700000000000000000e+06,5.000000000000000000e+02,1.000000000000000056e-01,8.000000000000000444e-01,6.262439910000000554e-01,6.668379639999999497e-01
7.900000000000000000e+06,5.000000000000000000e+02,1.000000000000000056e-01,8.000000000000000444e-01,6.263120868999999535e-01,6.668594728000000194e-01
8.100000000000000000e+06,5.000000000000000000e+02,1.000000000000000056e-01,8.000000000000000444e-01,6.263767454999999984e-01,6.668800969999999495e-01
8.300000000000000000e+06,5.000000000000000000e+02,1.000000000000000056e-01,8.000000000000000444e-01,6.264382152999999898e-01,6.668998982999999603e-01
8.500000000000000000e+06,5.000000000000000000e+02,1.000000000000000056e-01,8.000000000000000444e-01,6.264967216000000283e-01,6.669189329000000388e-01
8.700000000000000000e+06,5.000000000000000000e+02,1.000000000000000056e-01,8.000000000000000444e-01,6.265524688000000397e-01,6.669372515000000501e-01
8.900000000000000000e+06,5.000000000000000000e+02,1.000000000000000056e-01,8.000000000000000444e-01,6.266056432000000065e-01,6.669549006999999641e-01
9.100000000000000000e+06,5.000000000000000000e+02,1.000000000000000056e-01,8.000000000000000444e-01,6.266564145999999891e-01,6.669719227999999500e-01
9.300000000000000000e+06,5.000000000000000000e+02,1.000000000000000056e-01,8.000000000000000444e-01,6.267049382999999585e-01,6.669883564999999903e-01
9.500000000000000000e+06,5.000000000000000000e+02,1.000000000000000056e-01,8.000000000000000444e-01,6.267513565000000231e-01,6.670042376000000495e-01
9.700000000000000000e+06,5.000000000000000000e+02,1.000000000000000056e-01,8.000000000000000444e-01,6.267957997999999975e-01,6.670195987000000493e-01
9.900000000000000000e+06,5.000000000000000000e+02,1.000000000000000056e-01,8.000000000000000444e-01,6.268383880000000241e-01,6.670344699000000377e-01
1.000000000000000000e+06,5.000000000000000000e+02,1.000000000000000056e-01,8.000000000000000444e-01,6.082408941000000402e-01,6.622109721000000171e-01
3.000000000000000000e+06,5.000000000000000000e+02,1.000000000000000056e-01,8.000000000000000444e-01,6.219810491999999691e-01,6.656661872000000368e-01
5.000000000000000000e+06,5.000000000000000000e+02,1.000000000000000056e-01,8.000000000000000444e-01,6.247800226999999929e-01,6.664095880999999499e-01
7.000000000000000000e+06,5.000000000000000000e+02,1.000000000000000056e-01,8.000000000000000444e-01,6.259743335999999880e-01,6.667546635000000110e-01
9.000000000000000000e+06,5.000000000000000000e+02,1.000000000000000056e-01,8.000000000000000444e-01,6.266313193000000448e-01,6.669634876000000157e-01
1.100000000000000000e+07,5.000000000000000000e+02,1.000000000000000056e-01,8.000000000000000444e-01,6.270439985000000327e-01,6.671086465000000132e-01
1.300000000000000000e+07,5.000000000000000000e+02,1.000000000000000056e-01,8.000000000000000444e-01,6.273253367000000136e-01,6.672185014000000525e-01
1.500000000000000000e+07,5.000000000000000000e+02,1.000000000000000056e-01,8.000000000000000444e-01,6.275280815999999540e-01,6.673065083000000453e-01
1.700000000000000000e+07,5.000000000000000000e+02,1.000000000000000056e-01,8.000000000000000444e-01,6.276801469999999661e-01,6.673799156999999926e-01
1.900000000000000000e+07,5.000000000000000000e+02,1.000000000000000056e-01,8.000000000000000444e-01,6.277976768999999901e-01,6.674429968999999740e-01
2.100000000000000000e+07,5.000000000000000000e+02,1.000000000000000056e-01,8.000000000000000444e-01,6.278906502000000112e-01,6.674984475999999889e-01
2.300000000000000000e+07,5.000000000000000000e+02,1.000000000000000056e-01,8.000000000000000444e-01,6.279655628000000434e-01,6.675480603000000235e-01
2.500000000000000000e+07,5.000000000000000000e+02,1.000000000000000056e-01,8.000000000000000444e-01,6.280268226999999870e-01,6.675930783000000313e-01
2.700000000000000000e+07,5.000000000000000000e+02,1.000000000000000056e-01,8.000000000000000444e-01,6.280775240000000537e-01,6.676343948999999833e-01
2.900000000000000000e+07,5.000000000000000000e+02,1.000000000000000056e-01,8.000000000000000444e-01,6.281199020000000077e-01,6.676726702999999929e-01
3.100000000000000000e+07,5.000000000000000000e+02,1.000000000000000056e-01,8.000000000000000444e-01,6.281556099999999754e-01,6.677084048000000438e-01
3.300000000000000000e+07,5.000000000000000000e+02,1.000000000000000056e-01,8.000000000000000444e-01,6.281858971999999541e-01,6.677419859000000013e-01
3.500000000000000000e+07,5.000000000000000000e+02,1.000000000000000056e-01,8.000000000000000444e-01,6.282117241000000352e-01,6.677737187000000185e-01
3.700000000000000000e+07,5.000000000000000000e+02,1.000000000000000056e-01,8.000000000000000444e-01,6.282338410000000151e-01,6.678038479000000249e-01
3.900000000000000000e+07,5.000000000000000000e+02,1.000000000000000056e-01,8.000000000000000444e-01,6.282528424000000111e-01,6.678325722000000297e-01
4.100000000000000000e+07,5.000000000000000000e+02,1.000000000000000056e-01,8.000000000000000444e-01,6.282692050000000528e-01,6.678600551000000163e-01
4.300000000000000000e+07,5.000000000000000000e+02,1.000000000000000056e-01,8.000000000000000444e-01,6.282833153000000337e-01,6.678864327000000323e-01
4.500000000000000000e+07,5.000000000000000000e+02,1.000000000000000056e-01,8.000000000000000444e-01,6.282954900999999648e-01,6.679118195000000036e-01
4.700000000000000000e+07,5.000000000000000000e+02,1.000000000000000056e-01,8.000000000000000444e-01,6.283059910999999609e-01,6.679363124999999624e-01
4.900000000000000000e+07,5.000000000000000000e+02,1.000000000000000056e-01,8.000000000000000444e-01,6.283150363999999710e-01,6.679599948000000120e-01
5.100000000000000000e+07,5.000000000000000000e+02,1.000000000000000056e-01,8.000000000000000444e-01,6.283228091000000459e-01,6.679829378999999623e-01
5.300000000000000000e+07,5.000000000000000000e+02,1.000000000000000056e-01,8.000000000000000444e-01,6.283294641000000125e-01,6.680052040999999718e-01
5.500000000000000000e+07,5.000000000000000000e+02,1.000000000000000056e-01,8.000000000000000444e-01,6.283351328999999819e-01,6.680268475999999733e-01
5.700000000000000000e+07,5.000000000000000000e+02,1.000000000000000056e-01,8.000000000000000444e-01,6.283399283999999696e-01,6.680479161000000277e-01
5.900000000000000000e+07,5.000000000000000000e+02,1.000000000000000056e-01,8.000000000000000444e-01,6.283439476000000079e-01,6.680684519999999793e-01
6.100000000000000000e+07,5.000000000000000000e+02,1.000000000000000056e-01,8.000000000000000444e-01,6.283472741000000195e-01,6.680884925000000196e-01
6.300000000000000000e+07,5.000000000000000000e+02,1.000000000000000056e-01,8.000000000000000444e-01,6.283499810999999546e-01,6.681080711000000338e-01
6.500000000000000000e+07,5.000000000000000000e+02,1.000000000000000056e-01,8.000000000000000444e-01,6.283521318000000466e-01,6.681272177999999506e-01
6.700000000000000000e+07,5.000000000000000000e+02,1.000000000000000056e-01,8.000000000000000444e-01,6.283537822000000439e-01,6.681459594999999974e-01
6.900000000000000000e+07,5.000000000000000000e+02,1.000000000000000056e-01,8.000000000000000444e-01,6.283549810999999874e-01,6.681643205999999724e-01
7.100000000000000000e+07,5.000000000000000000e+02,1.000000000000000056e-01,8.000000000000000444e-01,6.283557718000000181e-01,6.681823230000000224e-01
7.300000000000000000e+07,5.000000000000000000e+02,1.000000000000000056e-01,8.000000000000000444e-01,6.283561925999999742e-01,6.681999870000000508e-01
7.500000000000000000e+07,5.000000000000000000e+02,1.000000000000000056e-01,8.000000000000000444e-01,6.283562773999999962e-01,6.682173307000000007e-01
7.700000000000000000e+07,5.000000000000000000e+02,1.000000000000000056e-01,8.000000000000000444e-01,6.283560565000000375e-01,6.682343709000000409e-01
7.900000000000000000e+07,5.000000000000000000e+02,1.000000000000000056e-01,8.000000000000000444e-01,6.283555571000000173e-01,6.682511230000000024e-01
8.100000000000000000e+07,5.000000000000000000e+02,1.000000000000000056e-01,8.000000000000000444e-01,6.283548034000000504e-01,6.682676011999999499e-01
8.300000000000000000e+07,5.000000000000000000e+02,1.000000000000000056e-01,8.000000000000000444e-01,6.283538172000000532e-01,6.682838183999999515e-01
8.500000000000000000e+07,5.000000000000000000e+02,1.000000000000000056e-01,8.000000000000000444e-01,6.283526180999999822e-01,6.682997867000000092e-01
8.700000000000000000e+07,5.000000000000000000e+02,1.000000000000000056e-01,8.000000000000000444e-01,6.283512237999999694e-01,6.683155173000000504e-01
8.900000000000000000e+07,5.000000000000000000e+02,1.000000000000000056e-01,8.000000000000000444e-01,6.283496503000000066e-01,6.683310205000000392e-01
9.100000000000000000e+07,5.000000000000000000e+02,1.000000000000000056e-01,8.000000000000000444e-01,6.283479120999999612e-01,6.683463060000000011e-01
9.300000000000000000e+07,5.000000000000000000e+02,1.000000000000000056e-01,8.000000000000000444e-01,6.283460224000000371e-01,6.683613828000000145e-01
9.500000000000000000e+07,5.000000000000000000e+02,1.000000000000000056e-01,8.000000000000000444e-01,6.283439932000000061e-01,6.683762591999999891e-01
9.700000000000000000e+07,5.000000000000000000e+02,1.000000000000000056e-01,8.000000000000000444e-01,6.283418352999999845e-01,6.683909432000000317e-01
9.900000000000000000e+07,5.000000000000000000e+02,1.000000000000000056e-01,8.000000000000000444e-01,6.283395589000000392e-01,6.684054419999999608e-01
1.000000000000000000e+07,5.000000000000000000e+02,1.000000000000000056e-01,8.000000000000000444e-01,6.268590213000000411e-01,6.670417306000000490e-01
3.000000000000000000e+07,5.000000000000000000e+02,1.000000000000000056e-01,8.000000000000000444e-01,6.281385038000000254e-01,6.676908286999999609e-01
5.000000000000000000e+07,5.000000000000000000e+02,1.000000000000000056e-01,8.000000000000000444e-01,6.283190716000000009e-01,6.679715546000000170e-01
7.000000000000000000e+07,5.000000000000000000e+02,1.000000000000000056e-01,8.000000000000000444e-01,6.283554249999999675e-01,6.681733653000000439e-01
9.000000000000000000e+07,5.000000000000000000e+02,1.000000000000000056e-01,8.000000000000000444e-01,6.283488009000000041e-01,6.683386899000000048e-01
1.000000000000000000e+08,5.000000000000000000e+02,1.000000000000000056e-01,8.000000000000000444e-01,6.283383790000000024e-01,6.684126241000000190e-01
