# pressure,temperature,f1,f2,molkg1,molkg2
1.000000000000000000e+00,5.000000000000000000e+02,4.000000000000000222e-01,5.000000000000000000e-01,5.930865237000000254e-05,5.523076801000000215e-05
3.000000000000000000e+00,5.000000000000000000e+02,4.000000000000000222e-01,5.000000000000000000e-01,1.778800602000000120e-04,1.656493637999999983e-04
5.000000000000000000e+00,5.000000000000000000e+02,4.000000000000000222e-01,5.000000000000000000e-01,2.963903262000000083e-04,2.760107719000000088e-04
7.000000000000000000e+00,5.000000000000000000e+02,4.000000000000000222e-01,5.000000000000000000e-01,4.148395150000000193e-04,3.863150713999999840e-04
9.000000000000000000e+00,5.000000000000000000e+02,4.000000000000000222e-01,5.000000000000000000e-01,5.332276911999999551e-04,4.965623414000000469e-04
1.100000000000000000e+01,5.000000000000000000e+02,4.000000000000000222e-01,5.000000000000000000e-01,6.515549192000000137e-04,6.067526605999999482e-04
1.300000000000000000e+01,5.000000000000000000e+02,4.000000000000000222e-01,5.000000000000000000e-01,7.698212634000000136e-04,7.168861076999999806e-04
1.500000000000000000e+01,5.000000000000000000e+02,4.000000000000000222e-01,5.000000000000000000e-01,8.880267882000000444e-04,8.269627613000000250e-04
1.700000000000000000e+01,5.000000000000000000e+02,4.000000000000000222e-01,5.000000000000000000e-01,1.006171558000000087e-03,9.369826997000000289e-04
1.900000000000000000e+01,5.000000000000000000e+02,4.000000000000000222e-01,5.000000000000000000e-01,1.124255636000000063e-03,1.046946000999999984e-03
2.100000000000000000e+01,5.000000000000000000e+02,4.000000000000000222e-01,5.000000000000000000e-01,1.242279086000000086e-03,1.156852743999999943e-03
2.300000000000000000e+01,5.000000000000000000e+02,4.000000000000000222e-01,5.000000000000000000e-01,1.360241973999999892e-03,1.266703007000000072e-03
2.500000000000000000e+01,5.000000000000000000e+02,4.000000000000000222e-01,5.000000000000000000e-01,1.478144361000000104e-03,1.376496867000000061e-03
2.700000000000000000e+01,5.000000000000000000e+02,4.000000000000000222e-01,5.000000000000000000e-01,1.595986313000000026e-03,1.486234401000000038e-03
2.900000000000000000e+01,5.000000000000000000e+02,4.000000000000000222e-01,5.000000000000000000e-01,1.713767892000000060e-03,1.595915688999999900e-03
3.100000000000000000e+01,5.000000000000000000e+02,4.000000000000000222e-01,5.000000000000000000e-01,1.831489161999999950e-03,1.705540805999999996e-03
3.300000000000000000e+01,5.000000000000000000e+02,4.000000000000000222e-01,5.000000000000000000e-01,1.949150186000000095e-03,1.815109831000000012e-03
3.500000000000000000e+01,5.000000000000000000e+02,4.000000000000000222e-01,5.000000000000000000e-01,2.066751027999999806e-03,1.924622841000000074e-03
3.700000000000000000e+01,5.000000000000000000e+02,4.000000000000000222e-01,5.000000000000000000e-01,2.184291750000000136e-03,2.034079912000000094e-03
3.900000000000000000e+01,5.000000000000000000e+02,4.000000000000000222e-01,5.000000000000000000e-01,2.301772416000000179e-03,2.143481122999999974e-03
4.100000000000000000e+01,5.000000000000000000e+02,4.000000000000000222e-01,5.000000000000000000e-01,2.419193089000000116e-03,2.252826548999999848e-03
4.300000000000000000e+01,5.000000000000000000e+02,4.000000000000000222e-01,5.000000000000000000e-01,2.536553832000000130e-03,2.362116266999999842e-03
4.500000000000000000e+01,5.000000000000000000e+02,4.000000000000000222e-01,5.000000000000000000e-01,2.653854706999999973e-03,2.471350354000000082e-03
4.700000000000000000e+01,5.000000000000000000e+02,4.000000000000000222e-01,5.000000000000000000e-01,2.771095775999999830e-03,2.580528886999999827e-03
4.900000000000000000e+01,5.000000000000000000e+02,4.000000000000000222e-01,5.000000000000000000e-01,2.888277102999999880e-03,2.689651941000000077e-03
5.100000000000000000e+01,5.000000000000000000e+02,4.000000000000000222e-01,5.000000000000000000e-01,3.005398750999999872e-03,2.798719593000000092e-03
5.300000000000000000e+01,5.000000000000000000e+02,4.000000000000000222e-01,5.000000000000000000e-01,3.122460779999999998e-03,2.907731919000000002e-03
5.500000000000000000e+01,5.000000000000000000e+02,4.000000000000000222e-01,5.000000000000000000e-01,3.239463254000000004e-03,3.016688994999999936e-03
5.700000000000000000e+01,5.000000000000000000e+02,4.000000000000000222e-01,5.000000000000000000e-01,3.356406235000000075e-03,3.125590896000000028e-03
5.900000000000000000e+01,5.000000000000000000e+02,4.000000000000000222e-01,5.000000000000000000e-01,3.473289783999999967e-03,3.234437698999999972e-03
6.100000000000000000e+01,5.000000000000000000e+02,4.000000000000000222e-01,5.000000000000000000e-01,3.590113963999999862e-03,3.343229478999999900e-03
6.300000000000000000e+01,5.000000000000000000e+02,4.000000000000000222e-01,5.000000000000000000e-01,3.706878836999999947e-03,3.451966309999999951e-03
6.500000000000000000e+01,5.000000000000000000e+02,4.000000000000000222e-01,5.000000000000000000e-01,3.823584463999999978e-03,3.560648269999999813e-03
6.700000000000000000e+01,5.000000000000000000e+02,4.000000000000000222e-01,5.000000000000000000e-01,3.940230906999999706e-03,3.669275431000000066e-03
6.900000000000000000e+01,5.000000000000000000e+02,4.000000000000000222e-01,5.000000000000000000e-01,4.056818228000000186e-03,3.777847870999999965e-03
7.100000000000000000e+01,5.000000000000000000e+02,4.000000000000000222e-01,5.000000000000000000e-01,4.173346488000000305e-03,3.886365663000000085e-03
7.300000000000000000e+01,5.000000000000000000e+02,4.000000000000000222e-01,5.000000000000000000e-01,4.289815748000000255e-03,3.994828881999999692e-03
7.500000000000000000e+01,5.000000000000000000e+02,4.000000000000000222e-01,5.000000000000000000e-01,4.406226069999999786e-03,4.103237604000000219e-03
7.700000000000000000e+01,5.000000000000000000e+02,4.000000000000000222e-01,5.000000000000000000e-01,4.522577514999999958e-03,4.211591901000000075e-03
7.900000000000000000e+01,5.000000000000000000e+02,4.000000000000000222e-01,5.000000000000000000e-01,4.638870142999999661e-03,4.319891850000000255e-03
8.100000000000000000e+01,5.000000000000000000e+02,4.000000000000000222e-01,5.000000000000000000e-01,4.755104016999999947e-03,4.428137524000000033e-03
8.300000000000000000e+01,5.000000000000000000e+02,4.000000000000000222e-01,5.000000000000000000e-01,4.871279196999999707e-03,4.536328996999999981e-03
8.500000000000000000e+01,5.000000000000000000e+02,4.000000000000000222e-01,5.000000000000000000e-01,4.987395742999999569e-03,4.644466342999999803e-03
8.700000000000000000e+01,5.000000000000000000e+02,4.000000000000000222e-01,5.000000000000000000e-01,5.103453717000000153e-03,4.752549636000000070e-03
8.900000000000000000e+01,5.000000000000000000e+02,4.000000000000000222e-01,5.000000000000000000e-01,5.219453179000000352e-03,4.860578949999999621e-03
9.100000000000000000e+01,5.000000000000000000e+02,4.000000000000000222e-01,5.000000000000000000e-01,5.335394188999999926e-03,4.968554358999999893e-03
9.300000000000000000e+01,5.000000000000000000e+02,4.000000000000000222e-01,5.000000000000000000e-01,5.451276807999999932e-03,5.076475936000000161e-03
9.500000000000000000e+01,5.000000000000000000e+02,4.000000000000000222e-01,5.000000000000000000e-01,5.567101096000000131e-03,5.184343753000000138e-03
9.700000000000000000e+01,5.000000000000000000e+02,4.000000000000000222e-01,5.000000000000000000e-01,5.682867113999999845e-03,5.292157886000000387e-03
9.900000000000000000e+01,5.000000000000000000e+02,4.000000000000000222e-01,5.000000000000000000e-01,5.798574921000000139e-03,5.399918406000000191e-03
1.000000000000000000e+01,5.000000000000000000e+02,4.000000000000000222e-01,5.000000000000000000e-01,5.923989197000000245e-04,5.516646149000000538e-04
3.000000000000000000e+01,5.000000000000000000e+02,4.000000000000000222e-01,5.000000000000000000e-01,1.772636060999999933e-03,1.650735263999999992e-03
5.000000000000000000e+01,5.000000000000000000e+02,4.000000000000000222e-01,5.000000000000000000e-01,2.946845382999999791e-03,2.744192688000000185e-03
7.000000000000000000e+01,5.000000000000000000e+02,4.000000000000000222e-01,5.000000000000000000e-01,4.115089736999999817e-03,3.832113593000000071e-03
9.000000000000000000e+01,5.000000000000000000e+02,4.000000000000000222e-01,5.000000000000000000e-01,5.277430986000000018e-03,4.914573388000000390e-03
1.100000000000000000e+02,5.000000000000000000e+02,4.000000000000000222e-01,5.000000000000000000e-01,6.433930027999999919e-03,5.991646203999999830e-03
1.300000000000000000e+02,5.000000000000000000e+02,4.000000000000000222e-01,5.000000000000000000e-01,7.584646809999999809e-03,7.063404918000000358e-03
1.500000000000000000e+02,5.000000000000000000e+02,4.000000000000000222e-01,5.000000000000000000e-01,8.729640348000000660e-03,8.129921174000000195e-03
1.700000000000000000e+02,5.000000000000000000e+02,4.000000000000000222e-01,5.000000000000000000e-01,9.868968746000000153e-03,9.191265400999999377e-03
1.900000000000000000e+02,5.000000000000000000e+02,4.000000000000000222e-01,5.000000000000000000e-01,1.100268920999999955e-02,1.024750684000000009e-02
2.100000000000000000e+02,5.000000000000000000e+02,4.000000000000000222e-01,5.000000000000000000e-01,1.213085809000000008e-02,1.129871355000000056e-02
2.300000000000000000e+02,5.000000000000000000e+02,4.000000000000000222e-01,5.000000000000000000e-01,1.325353083999999959e-02,1.234495245000000012e-02
2.500000000000000000e+02,5.000000000000000000e+02,4.000000000000000222e-01,5.000000000000000000e-01,1.437076208999999924e-02,1.338628931999999959e-02
2.700000000000000000e+02,5.000000000000000000e+02,4.000000000000000222e-01,5.000000000000000000e-01,1.548260566000000081e-02,1.442278882000000081e-02
2.900000000000000000e+02,5.000000000000000000e+02,4.000000000000000222e-01,5.000000000000000000e-01,1.658911451999999995e-02,1.545451454000000037e-02
3.100000000000000000e+02,5.000000000000000000e+02,4.000000000000000222e-01,5.000000000000000000e-01,1.769034088999999962e-02,1.648152895000000104e-02
3.300000000000000000e+02,5.000000000000000000e+02,4.000000000000000222e-01,5.000000000000000000e-01,1.878633616000000006e-02,1.750389349999999927e-02
3.500000000000000000e+02,5.000000000000000000e+02,4.000000000000000222e-01,5.000000000000000000e-01,1.987715100999999998e-02,1.852166857000000014e-02
3.700000000000000000e+02,5.000000000000000000e+02,4.000000000000000222e-01,5.000000000000000000e-01,2.096283532000000130e-02,1.953491355000000138e-02
3.900000000000000000e+02,5.000000000000000000e+02,4.000000000000000222e-01,5.000000000000000000e-01,2.204343824999999840e-02,2.054368679999999878e-02
4.100000000000000000e+02,5.000000000000000000e+02,4.000000000000000222e-01,5.000000000000000000e-01,2.311900826000000062e-02,2.154804567999999906e-02
4.300000000000000000e+02,5.000000000000000000e+02,4.000000000000000222e-01,5.000000000000000000e-01,2.418959307000000114e-02,2.254804662000000140e-02
4.500000000000000000e+02,5.000000000000000000e+02,4.000000000000000222e-01,5.000000000000000000e-01,2.525523973000000019e-02,2.354374504000000118e-02
4.700000000000000000e+02,5.000000000000000000e+02,4.000000000000000222e-01,5.000000000000000000e-01,2.631599457000000086e-02,2.453519544999999830e-02
4.900000000000000000e+02,5.000000000000000000e+02,4.000000000000000222e-01,5.000000000000000000e-01,2.737190330000000005e-02,2.552245145000000062e-02
5.100000000000000000e+02,5.000000000000000000e+02,4.000000000000000222e-01,5.000000000000000000e-01,2.842301094000000000e-02,2.650556570000000070e-02
5.300000000000000000e+02,5.000000000000000000e+02,4.000000000000000222e-01,5.000000000000000000e-01,2.946936186999999860e-02,2.748458997000000070e-02
5.500000000000000000e+02,5.000000000000000000e+02,4.000000000000000222e-01,5.000000000000000000e-01,3.051099984000000057e-02,2.845957517000000103e-02
5.700000000000000000e+02,5.000000000000000000e+02,4.000000000000000222e-01,5.000000000000000000e-01,3.154796799000000179e-02,2.943057132999999867e-02
5.900000000000000000e+02,5.000000000000000000e+02,4.000000000000000222e-01,5.000000000000000000e-01,3.258030882000000072e-02,3.039762763000000007e-02
6.100000000000000000e+02,5.000000000000000000e+02,4.000000000000000222e-01,5.000000000000000000e-01,3.360806427000000152e-02,3.136079244000000016e-02
6.300000000000000000e+02,5.000000000000000000e+02,4.000000000000000222e-01,5.000000000000000000e-01,3.463127566000000213e-02,3.232011325999999823e-02
6.500000000000000000e+02,5.000000000000000000e+02,4.000000000000000222e-01,5.000000000000000000e-01,3.564998375000000275e-02,3.327563682999999661e-02
6.700000000000000000e+02,5.000000000000000000e+02,4.000000000000000222e-01,5.000000000000000000e-01,3.666422872999999805e-02,3.422740906999999916e-02
6.900000000000000000e+02,5.000000000000000000e+02,4.000000000000000222e-01,5.000000000000000000e-01,3.767405022999999881e-02,3.517547512000000071e-02
7.100000000000000000e+02,5.000000000000000000e+02,4.000000000000000222e-01,5.000000000000000000e-01,3.867948734999999971e-02,3.611987936000000260e-02
7.300000000000000000e+02,5.000000000000000000e+02,4.000000000000000222e-01,5.000000000000000000e-01,3.968057862999999769e-02,3.706066540999999881e-02
7.500000000000000000e+02,5.000000000000000000e+02,4.000000000000000222e-01,5.000000000000000000e-01,4.067736210000000296e-02,3.799787613999999758e-02
7.700000000000000000e+02,5.000000000000000000e+02,4.000000000000000222e-01,5.000000000000000000e-01,4.166987526999999664e-02,3.893155370999999698e-02
7.900000000000000000e+02,5.000000000000000000e+02,4.000000000000000222e-01,5.000000000000000000e-01,4.265815514000000086e-02,3.986173954999999713e-02
8.100000000000000000e+02,5.000000000000000000e+02,4.000000000000000222e-01,5.000000000000000000e-01,4.364223820000000253e-02,4.078847437000000103e-02
8.300000000000000000e+02,5.000000000000000000e+02,4.000000000000000222e-01,5.000000000000000000e-01,4.462216046999999824e-02,4.171179820999999788e-02
8.500000000000000000e+02,5.000000000000000000e+02,4.000000000000000222e-01,5.000000000000000000e-01,4.559795747999999954e-02,4.263175041000000220e-02
8.700000000000000000e+02,5.000000000000000000e+02,4.000000000000000222e-01,5.000000000000000000e-01,4.656966427999999908e-02,4.354836966000000253e-02
8.900000000000000000e+02,5.000000000000000000e+02,4.000000000000000222e-01,5.000000000000000000e-01,4.753731547000000085e-02,4.446169394999999885e-02
9.100000000000000000e+02,5.000000000000000000e+02,4.000000000000000222e-01,5.000000000000000000e-01,4.850094518999999854e-02,4.537176066000000313e-02
9.300000000000000000e+02,5.000000000000000000e+02,4.000000000000000222e-01,5.000000000000000000e-01,4.946058712000000329e-02,4.627860651000000047e-02
9.500000000000000000e+02,5.000000000000000000e+02,4.000000000000000222e-01,5.000000000000000000e-01,5.041627449999999677e-02,4.718226761000000186e-02
9.700000000000000000e+02,5.000000000000000000e+02,4.000000000000000222e-01,5.000000000000000000e-01,5.136804015000000223e-02,4.808277942999999999e-02
9.900000000000000000e+02,5.000000000000000000e+02,4.000000000000000222e-01,5.000000000000000000e-01,5.231591646000000040e-02,4.898017685000000121e-02
1.000000000000000000e+02,5.000000000000000000e+02,4.000000000000000222e-01,5.000000000000000000e-01,5.856407014999999612e-03,5.453778585000000102e-03
3.000000000000000000e+02,5.000000000000000000e+02,4.000000000000000222e-01,5.000000000000000000e-01,1.714038479000000101e-02,1.596860678999999922e-02
5.000000000000000000e+02,5.000000000000000000e+02,4.000000000000000222e-01,5.000000000000000000e-01,2.789805446999999924e-02,2.601452303000000021e-02
7.000000000000000000e+02,5.000000000000000000e+02,4.000000000000000222e-01,5.000000000000000000e-01,3.817731441999999698e-02,3.564813222000000337e-02
9.000000000000000000e+02,5.000000000000000000e+02,4.000000000000000222e-01,5.000000000000000000e-01,4.801963089999999879e-02,4.491713219000000035e-02
1.100000000000000000e+03,5.000000000000000000e+02,4.000000000000000222e-01,5.000000000000000000e-01,5.746112240000000176e-02,5.386169535000000230e-02
1.300000000000000000e+03,5.000000000000000000e+02,4.000000000000000222e-01,5.000000000000000000e-01,6.653343412999999928e-02,6.251563334000000138e-02
1.500000000000000000e+03,5.000000000000000000e+02,4.000000000000000222e-01,5.000000000000000000e-01,7.526444644999999434e-02,7.090738097000000295e-02
1.700000000000000000e+03,5.000000000000000000e+02,4.000000000000000222e-01,5.000000000000000000e-01,8.367885125000000535e-02,7.906082954000000218e-02
1.900000000000000000e+03,5.000000000000000000e+02,4.000000000000000222e-01,5.000000000000000000e-01,9.179862356000000057e-02,8.699603437000000272e-02
2.100000000000000000e+03,5.000000000000000000e+02,4.000000000000000222e-01,5.000000000000000000e-01,9.964340931000000012e-02,9.472981691000000037e-02
2.300000000000000000e+03,5.000000000000000000e+02,4.000000000000000222e-01,5.000000000000000000e-01,1.072308460000000047e-01,1.022762782000000009e-01
2.500000000000000000e+03,5.000000000000000000e+02,4.000000000000000222e-01,5.000000000000000000e-01,1.145768296999999936e-01,1.096472371999999973e-01
2.700000000000000000e+03,5.000000000000000000e+02,4.000000000000000222e-01,5.000000000000000000e-01,1.216957382999999948e-01,1.168526059999999978e-01
2.900000000000000000e+03,5.000000000000000000e+02,4.000000000000000222e-01,5.000000000000000000e-01,1.286006197000000018e-01,1.239007094000000031e-01
3.100000000000000000e+03,5.000000000000000000e+02,4.000000000000000222e-01,5.000000000000000000e-01,1.353033512000000049e-01,1.307985593000000057e-01
3.300000000000000000e+03,5.000000000000000000e+02,4.000000000000000222e-01,5.000000000000000000e-01,1.418147758999999952e-01,1.375520876999999920e-01
3.500000000000000000e+03,5.000000000000000000e+02,4.000000000000000222e-01,5.000000000000000000e-01,1.481448190000000109e-01,1.441663451000000096e-01
3.700000000000000000e+03,5.000000000000000000e+02,4.000000000000000222e-01,5.000000000000000000e-01,1.543025885000000041e-01,1.506456689000000015e-01
3.900000000000000000e+03,5.000000000000000000e+02,4.000000000000000222e-01,5.000000000000000000e-01,1.602964630000000001e-01,1.569938250000000035e-01
4.100000000000000000e+03,5.000000000000000000e+02,4.000000000000000222e-01,5.000000000000000000e-01,1.661341675999999934e-01,1.632141269999999866e-01
4.300000000000000000e+03,5.000000000000000000e+02,4.000000000000000222e-01,5.000000000000000000e-01,1.718228407999999874e-01,1.693095351999999998e-01
4.500000000000000000e+03,5.000000000000000000e+02,4.000000000000000222e-01,5.000000000000000000e-01,1.773690928999999972e-01,1.752827386999999959e-01
4.700000000000000000e+03,5.000000000000000000e+02,4.000000000000000222e-01,5.000000000000000000e-01,1.827790588000000049e-01,1.811362220000000134e-01
4.900000000000000000e+03,5.000000000000000000e+02,4.000000000000000222e-01,5.000000000000000000e-01,1.880584429000000113e-01,1.868723194999999948e-01
5.100000000000000000e+03,5.000000000000000000e+02,4.000000000000000222e-01,5.000000000000000000e-01,1.932125607000000078e-01,1.924932584999999863e-01
5.300000000000000000e+03,5.000000000000000000e+02,4.000000000000000222e-01,5.000000000000000000e-01,1.982463748999999942e-01,1.980011932999999891e-01
5.500000000000000000e+03,5.000000000000000000e+02,4.000000000000000222e-01,5.000000000000000000e-01,2.031645279000000026e-01,2.033982312000000015e-01
5.700000000000000000e+03,5.000000000000000000e+02,4.000000000000000222e-01,5.000000000000000000e-01,2.079713706000000106e-01,2.086864516999999974e-01
5.900000000000000000e+03,5.000000000000000000e+02,4.000000000000000222e-01,5.000000000000000000e-01,2.126709888999999964e-01,2.138679207999999998e-01
6.100000000000000000e+03,5.000000000000000000e+02,4.000000000000000222e-01,5.000000000000000000e-01,2.172672263000000048e-01,2.189447005999999862e-01
6.300000000000000000e+03,5.000000000000000000e+02,4.000000000000000222e-01,5.000000000000000000e-01,2.217637051999999942e-01,2.239188551000000083e-01
6.500000000000000000e+03,5.000000000000000000e+02,4.000000000000000222e-01,5.000000000000000000e-01,2.261638454000000076e-01,2.287924534000000121e-01
6.700000000000000000e+03,5.000000000000000000e+02,4.000000000000000222e-01,5.000000000000000000e-01,2.304708810999999968e-01,2.335675704000000075e-01
6.900000000000000000e+03,5.000000000000000000e+02,4.000000000000000222e-01,5.000000000000000000e-01,2.346878756000000121e-01,2.382462864999999874e-01
7.100000000000000000e+03,5.000000000000000000e+02,4.000000000000000222e-01,5.000000000000000000e-01,2.388177354999999891e-01,2.428306848000000018e-01
7.300000000000000000e+03,5.000000000000000000e+02,4.000000000000000222e-01,5.000000000000000000e-01,2.428632223999999951e-01,2.473228490000000113e-01
7.500000000000000000e+03,5.000000000000000000e+02,4.000000000000000222e-01,5.000000000000000000e-01,2.468269641999999986e-01,2.517248591999999840e-01
7.700000000000000000e+03,5.000000000000000000e+02,4.000000000000000222e-01,5.000000000000000000e-01,2.507114646999999974e-01,2.560387882999999865e-01
7.900000000000000000e+03,5.000000000000000000e+02,4.000000000000000222e-01,5.000000000000000000e-01,2.545191131000000273e-01,2.602666981999999796e-01
8.100000000000000000e+03,5.000000000000000000e+02,4.000000000000000222e-01,5.000000000000000000e-01,2.582521916000000139e-01,2.644106357000000074e-01
8.300000000000000000e+03,5.000000000000000000e+02,4.000000000000000222e-01,5.000000000000000000e-01,2.619128830999999935e-01,2.684726284000000240e-01
8.500000000000000000e+03,5.000000000000000000e+02,4.000000000000000222e-01,5.000000000000000000e-01,2.655032773000000068e-01,2.724546816999999788e-01
8.700000000000000000e+03,5.000000000000000000e+02,4.000000000000000222e-01,5.000000000000000000e-01,2.690253773999999876e-01,2.763587746000000234e-01
8.900000000000000000e+03,5.000000000000000000e+02,4.000000000000000222e-01,5.000000000000000000e-01,2.724811051000000095e-01,2.801868574999999972e-01
9.100000000000000000e+03,5.000000000000000000e+02,4.000000000000000222e-01,5.000000000000000000e-01,2.758723056999999868e-01,2.839408488999999869e-01
9.300000000000000000e+03,5.000000000000000000e+02,4.000000000000000222e-01,5.000000000000000000e-01,2.792007524999999823e-01,2.876226331999999775e-01
9.500000000000000000e+03,5.000000000000000000e+02,4.000000000000000222e-01,5.000000000000000000e-01,2.824681513999999782e-01,2.912340587000000203e-01
9.700000000000000000e+03,5.000000000000000000e+02,4.000000000000000222e-01,5.000000000000000000e-01,2.856761440999999735e-01,2.947769358999999811e-01
9.900000000000000000e+03,5.000000000000000000e+02,4.000000000000000222e-01,5.000000000000000000e-01,2.888263119999999740e-01,2.982530357000000021e-01
1.000000000000000000e+03,5.000000000000000000e+02,4.000000000000000222e-01,5.000000000000000000e-01,5.278840611999999904e-02,4.942771840000000083e-02
3.000000000000000000e+03,5.000000000000000000e+02,4.000000000000000222e-01,5.000000000000000000e-01,1.319765536999999989e-01,1.273680224000000027e-01
5.000000000000000000e+03,5.000000000000000000e+02,4.000000000000000222e-01,5.000000000000000000e-01,1.906508419999999870e-01,1.896970477999999904e-01
7.000000000000000000e+03,5.000000000000000000e+02,4.000000000000000222e-01,5.000000000000000000e-01,2.367635215999999987e-01,2.405501451000000013e-01
9.000000000000000000e+03,5.000000000000000000e+02,4.000000000000000222e-01,5.000000000000000000e-01,2.741846587999999807e-01,2.820729960000000203e-01
1.100000000000000000e+04,5.000000000000000000e+02,4.000000000000000222e-01,5.000000000000000000e-01,3.051840874000000259e-01,3.162531975000000273e-01
1.300000000000000000e+04,5.000000000000000000e+02,4.000000000000000222e-01,5.000000000000000000e-01,3.312668611999999846e-01,3.447718505999999850e-01
1.500000000000000000e+04,5.000000000000000000e+02,4.000000000000000222e-01,5.000000000000000000e-01,3.534994799999999771e-01,3.689150749999999812e-01
1.700000000000000000e+04,5.000000000000000000e+02,4.000000000000000222e-01,5.000000000000000000e-01,3.726646965000000034e-01,3.896298715000000024e-01
1.900000000000000000e+04,5.000000000000000000e+02,4.000000000000000222e-01,5.000000000000000000e-01,3.893499302999999800e-01,4.076118658999999811e-01
2.100000000000000000e+04,5.000000000000000000e+02,4.000000000000000222e-01,5.000000000000000000e-01,4.040037243999999861e-01,4.233788312999999803e-01
2.300000000000000000e+04,5.000000000000000000e+02,4.000000000000000222e-01,5.000000000000000000e-01,4.169738087000000037e-01,4.373232860999999860e-01
2.500000000000000000e+04,5.000000000000000000e+02,4.000000000000000222e-01,5.000000000000000000e-01,4.285335008999999751e-01,4.497484138999999770e-01
2.700000000000000000e+04,5.000000000000000000e+02,4.000000000000000222e-01,5.000000000000000000e-01,4.389003664000000193e-01,4.608924771999999837e-01
2.900000000000000000e+04,5.000000000000000000e+02,4.000000000000000222e-01,5.000000000000000000e-01,4.482496155999999843e-01,4.709456168999999748e-01
3.100000000000000000e+04,5.000000000000000000e+02,4.000000000000000222e-01,5.000000000000000000e-01,4.567238619000000277e-01,4.800616305000000028e-01
3.300000000000000000e+04,5.000000000000000000e+02,4.000000000000000222e-01,5.000000000000000000e-01,4.644403254999999731e-01,4.883663981999999959e-01
3.500000000000000000e+04,5.000000000000000000e+02,4.000000000000000222e-01,5.000000000000000000e-01,4.714962225000000062e-01,4.959640310000000274e-01
3.700000000000000000e+04,5.000000000000000000e+02,4.000000000000000222e-01,5.000000000000000000e-01,4.779728449000000268e-01,5.029414362999999888e-01
3.900000000000000000e+04,5.000000000000000000e+02,4.000000000000000222e-01,5.000000000000000000e-01,4.839386855000000209e-01,5.093717650000000319e-01
4.100000000000000000e+04,5.000000000000000000e+02,4.000000000000000222e-01,5.000000000000000000e-01,4.894518567000000209e-01,5.153170514999999563e-01
4.300000000000000000e+04,5.000000000000000000e+02,4.000000000000000222e-01,5.000000000000000000e-01,4.945619833000000076e-01,5.208302613999999942e-01
4.500000000000000000e+04,5.000000000000000000e+02,4.000000000000000222e-01,5.000000000000000000e-01,4.993116953999999774e-01,5.259568991999999943e-01
4.700000000000000000e+04,5.000000000000000000e+02,4.000000000000000222e-01,5.000000000000000000e-01,5.037378179999999483e-01,5.307362828999999671e-01
4.900000000000000000e+04,5.000000000000000000e+02,4.000000000000000222e-01,5.000000000000000000e-01,5.078723260999999933e-01,5.352025644000000248e-01
5.100000000000000000e+04,5.000000000000000000e+02,4.000000000000000222e-01,5.000000000000000000e-01,5.117431171999999862e-01,5.393855533000000424e-01
5.300000000000000000e+04,5.000000000000000000e+02,4.000000000000000222e-01,5.000000000000000000e-01,5.153746407999999501e-01,5.433113872999999483e-01
5.500000000000000000e+04,5.000000000000000000e+02,4.000000000000000222e-01,5.000000000000000000e-01,5.187884152999999721e-01,5.470030819000000211e-01
5.700000000000000000e+04,5.000000000000000000e+02,4.000000000000000222e-01,5.000000000000000000e-01,5.220034541000000416e-01,5.504809835999999734e-01
5.900000000000000000e+04,5.000000000000000000e+02,4.000000000000000222e-01,5.000000000000000000e-01,5.250366198000000484e-01,5.537631465000000253e-01
6.100000000000000000e+04,5.000000000000000000e+02,4.000000000000000222e-01,5.000000000000000000e-01,5.279029198000000367e-01,5.568656465000000333e-01
6.300000000000000000e+04,5.000000000000000000e+02,4.000000000000000222e-01,5.000000000000000000e-01,5.306157546999999974e-01,5.598028453000000182e-01
6.500000000000000000e+04,5.000000000000000000e+02,4.000000000000000222e-01,5.000000000000000000e-01,5.331871279000000019e-01,5.625876131999999474e-01
6.700000000000000000e+04,5.000000000000000000e+02,4.000000000000000222e-01,5.000000000000000000e-01,5.356278225999999698e-01,5.652315177000000190e-01
6.900000000000000000e+04,5.000000000000000000e+02,4.000000000000000222e-01,5.000000000000000000e-01,5.379475532999999920e-01,5.677449847000000105e-01
7.100000000000000000e+04,5.000000000000000000e+02,4.000000000000000222e-01,5.000000000000000000e-01,5.401550949000000212e-01,5.701374355999999644e-01
7.300000000000000000e+04,5.000000000000000000e+02,4.000000000000000222e-01,5.000000000000000000e-01,5.422583937999999604e-01,5.724174058000000009e-01
7.500000000000000000e+04,5.000000000000000000e+02,4.000000000000000222e-01,5.000000000000000000e-01,5.442646630999999902e-01,5.745926461999999457e-01
7.700000000000000000e+04,5.000000000000000000e+02,4.000000000000000222e-01,5.000000000000000000e-01,5.461804653999999815e-01,5.766702114999999740e-01
7.900000000000000000e+04,5.000000000000000000e+02,4.000000000000000222e-01,5.000000000000000000e-01,5.480117848000000125e-01,5.786565366999999460e-01
8.100000000000000000e+04,5.000000000000000000e+02,4.000000000000000222e-01,5.000000000000000000e-01,5.497640886000000338e-01,5.805575036000000244e-01
8.300000000000000000e+04,5.000000000000000000e+02,4.000000000000000222e-01,5.000000000000000000e-01,5.514423827000000111e-01,5.823784990000000494e-01
8.500000000000000000e+04,5.000000000000000000e+02,4.000000000000000222e-01,5.000000000000000000e-01,5.530512587999999452e-01,5.841244659000000006e-01
8.700000000000000000e+04,5.000000000000000000e+02,4.000000000000000222e-01,5.000000000000000000e-01,5.545949361999999994e-01,5.857999479000000065e-01
8.900000000000000000e+04,5.000000000000000000e+02,4.000000000000000222e-01,5.000000000000000000e-01,5.560772994999999552e-01,5.874091291999999909e-01
9.100000000000000000e+04,5.000000000000000000e+02,4.000000000000000222e-01,5.000000000000000000e-01,5.575019303999999565e-01,5.889558690999999735e-01
9.300000000000000000e+04,5.000000000000000000e+02,4.000000000000000222e-01,5.000000000000000000e-01,5.588721370000000466e-01,5.904437328999999623e-01
9.500000000000000000e+04,5.000000000000000000e+02,4.000000000000000222e-01,5.000000000000000000e-01,5.601909793999999554e-01,5.918760199999999472e-01
9.700000000000000000e+04,5.000000000000000000e+02,4.000000000000000222e-01,5.000000000000000000e-01,5.614612927000000031e-01,5.932557872000000510e-01
9.900000000000000000e+04,5.000000000000000000e+02,4.000000000000000222e-01,5.000000000000000000e-01,5.626857068999999711e-01,5.945858716999999904e-01
1.000000000000000000e+04,5.000000000000000000e+02,4.000000000000000222e-01,5.000000000000000000e-01,2.903801899999999825e-01,2.999665866999999819e-01
3.000000000000000000e+04,5.000000000000000000e+02,4.000000000000000222e-01,5.000000000000000000e-01,4.525882633000000155e-01,4.756123238000000142e-01
5.000000000000000000e+04,5.000000000000000000e+02,4.000000000000000222e-01,5.000000000000000000e-01,5.098390838999999897e-01,5.373277576999999638e-01
7.000000000000000000e+04,5.000000000000000000e+02,4.000000000000000222e-01,5.000000000000000000e-01,5.390648328999999572e-01,5.689557842000000365e-01
9.000000000000000000e+04,5.000000000000000000e+02,4.000000000000000222e-01,5.000000000000000000e-01,5.567966185999999595e-01,5.881900748999999706e-01
1.100000000000000000e+05,5.000000000000000000e+02,4.000000000000000222e-01,5.000000000000000000e-01,5.687006541000000359e-01,6.011223764999999997e-01
1.300000000000000000e+05,5.000000000000000000e+02,4.000000000000000222e-01,5.000000000000000000e-01,5.772444194000000417e-01,6.104140569999999544e-01
1.500000000000000000e+05,5.000000000000000000e+02,4.000000000000000222e-01,5.000000000000000000e-01,5.836747007999999459e-01,6.174128365000000063e-01
1.700000000000000000e+05,5.000000000000000000e+02,4.000000000000000222e-01,5.000000000000000000e-01,5.886893709999999613e-01,6.228742824999999872e-01
1.900000000000000000e+05,5.000000000000000000e+02,4.000000000000000222e-01,5.000000000000000000e-01,5.927095186999999932e-01,6.272548435000000477e-01
2.100000000000000000e+05,5.000000000000000000e+02,4.000000000000000222e-01,5.000000000000000000e-01,5.960042896999999673e-01,6.308465408000000219e-01
2.300000000000000000e+05,5.000000000000000000e+02,4.000000000000000222e-01,5.000000000000000000e-01,5.987537488999999935e-01,6.338448915000000072e-01
2.500000000000000000e+05,5.000000000000000000e+02,4.000000000000000222e-01,5.000000000000000000e-01,6.010829179000000133e-01,6.363857310999999628e-01
2.700000000000000000e+05,5.000000000000000000e+02,4.000000000000000222e-01,5.000000000000000000e-01,6.030813145000000208e-01,6.385663714000000546e-01
2.900000000000000000e+05,5.000000000000000000e+02,4.000000000000000222e-01,5.000000000000000000e-01,6.048147202000000444e-01,6.404583533000000051e-01
3.100000000000000000e+05,5.000000000000000000e+02,4.000000000000000222e-01,5.000000000000000000e-01,6.063325581999999825e-01,6.421154480999999858e-01
3.300000000000000000e+05,5.000000000000000000e+02,4.000000000000000222e-01,5.000000000000000000e-01,6.076726810000000478e-01,6.435788521999999956e-01
3.500000000000000000e+05,5.000000000000000000e+02,4.000000000000000222e-01,5.000000000000000000e-01,6.088645687999999501e-01,6.448806598999999862e-01
3.700000000000000000e+05,5.000000000000000000e+02,4.000000000000000222e-01,5.000000000000000000e-01,6.099315233000000003e-01,6.460462458000000296e-01
3.900000000000000000e+05,5.000000000000000000e+02,4.000000000000000222e-01,5.000000000000000000e-01,6.108922057000000239e-01,6.470959359000000299e-01
4.100000000000000000e+05,5.000000000000000000e+02,4.000000000000000222e-01,5.000000000000000000e-01,6.117617369000000194e-01,6.480462037999999980e-01
4.300000000000000000e+05,5.000000000000000000e+02,4.000000000000000222e-01,5.000000000000000000e-01,6.125524990999999808e-01,6.489105419999999791e-01
4.500000000000000000e+05,5.000000000000000000e+02,4.000000000000000222e-01,5.000000000000000000e-01,6.132747291000000267e-01,6.497001072000000432e-01
4.700000000000000000e+05,5.000000000000000000e+02,4.000000000000000222e-01,5.000000000000000000e-01,6.139369636000000519e-01,6.504242046999999527e-01
4.900000000000000000e+05,5.000000000000000000e+02,4.000000000000000222e-01,5.000000000000000000e-01,6.145463780000000042e-01,6.510906572000000336e-01
5.100000000000000000e+05,5.000000000000000000e+02,4.000000000000000222e-01,5.000000000000000000e-01,6.151090473000000447e-01,6.517060887000000191e-01
5.300000000000000000e+05,5.000000000000000000e+02,4.000000000000000222e-01,5.000000000000000000e-01,6.156301494999999457e-01,6.522761457000000318e-01
5.500000000000000000e+05,5.000000000000000000e+02,4.000000000000000222e-01,5.000000000000000000e-01,6.161141250999999652e-01,6.528056710999999845e-01
5.700000000000000000e+05,5.000000000000000000e+02,4.000000000000000222e-01,5.000000000000000000e-01,6.165648035999999887e-01,6.532988422000000073e-01
5.900000000000000000e+05,5.000000000000000000e+02,4.000000000000000222e-01,5.000000000000000000e-01,6.169855058000000003e-01,6.537592813000000502e-01
6.100000000000000000e+05,5.000000000000000000e+02,4.000000000000000222e-01,5.000000000000000000e-01,6.173791247000000038e-01,6.541901449000000479e-01
6.300000000000000000e+05,5.000000000000000000e+02,4.000000000000000222e-01,5.000000000000000000e-01,6.177481929999999455e-01,6.545941963000000419e-01
6.500000000000000000e+05,5.000000000000000000e+02,4.000000000000000222e-01,5.000000000000000000e-01,6.180949369999999554e-01,6.549738647999999719e-01
6.700000000000000000e+05,5.000000000000000000e+02,4.000000000000000222e-01,5.000000000000000000e-01,6.184213216999999707e-01,6.553312948999999721e-01
6.900000000000000000e+05,5.000000000000000000e+02,4.000000000000000222e-01,5.000000000000000000e-01,6.187290882999999519e-01,6.556683866000000416e-01
7.100000000000000000e+05,5.000000000000000000e+02,4.000000000000000222e-01,5.000000000000000000e-01,6.190197845999999560e-01,6.559868295999999876e-01
7.300000000000000000e+05,5.000000000000000000e+02,4.000000000000000222e-01,5.000000000000000000e-01,6.192947919000000301e-01,6.562881314999999827e-01
7.500000000000000000e+05,5.000000000000000000e+02,4.000000000000000222e-01,5.000000000000000000e-01,6.195553459999999513e-01,6.565736412999999549e-01
7.700000000000000000e+05,5.000000000000000000e+02,4.000000000000000222e-01,5.000000000000000000e-01,6.198025564000000376e-01,6.568445705000000023e-01
7.900000000000000000e+05,5.000000000000000000e+02,4.000000000000000222e-01,5.000000000000000000e-01,6.200374221000000130e-01,6.571020092999999562e-01
8.100000000000000000e+05,5.000000000000000000e+02,4.000000000000000222e-01,5.000000000000000000e-01,6.202608443999999555e-01,6.573469422000000062e-01
8.300000000000000000e+05,5.000000000000000000e+02,4.000000000000000222e-01,5.000000000000000000e-01,6.204736391999999823e-01,6.575802600000000275e-01
8.500000000000000000e+05,5.000000000000000000e+02,4.000000000000000222e-01,5.000000000000000000e-01,6.206765467000000536e-01,6.578027708000000473e-01
8.700000000000000000e+05,5.000000000000000000e+02,4.000000000000000222e-01,5.000000000000000000e-01,6.208702396999999928e-01,6.580152096000000395e-01
8.900000000000000000e+05,5.000000000000000000e+02,4.000000000000000222e-01,5.000000000000000000e-01,6.210553316000000379e-01,6.582182461000000151e-01
9.100000000000000000e+05,5.000000000000000000e+02,4.000000000000000222e-01,5.000000000000000000e-01,6.212323822999999967e-01,6.584124918000000548e-01
9.300000000000000000e+05,5.000000000000000000e+02,4.000000000000000222e-01,5.000000000000000000e-01,6.214019041999999660e-01,6.585985063999999500e-01
9.500000000000000000e+05,5.000000000000000000e+02,4.000000000000000222e-01,5.000000000000000000e-01,6.215643671999999675e-01,6.587768031999999829e-01
9.700000000000000000e+05,5.000000000000000000e+02,4.000000000000000222e-01,5.000000000000000000e-01,6.217202026999999465e-01,6.589478534999999582e-01
9.900000000000000000e+05,5.000000000000000000e+02,4.000000000000000222e-01,5.000000000000000000e-01,6.218698079000000156e-01,6.591120910000000110e-01
1.000000000000000000e+05,5.000000000000000000e+02,4.000000000000000222e-01,5.000000000000000000e-01,5.632814722000000218e-01,5.952331140000000076e-01
3.000000000000000000e+05,5.000000000000000000e+02,4.000000000000000222e-01,5.000000000000000000e-01,6.055979916999999491e-01,6.413134392999999545e-01
5.000000000000000000e+05,5.000000000000000000e+02,4.000000000000000222e-01,5.000000000000000000e-01,6.148332131999999506e-01,6.514043769999999789e-01
7.000000000000000000e+05,5.000000000000000000e+02,4.000000000000000222e-01,5.000000000000000000e-01,6.188764802999999759e-01,6.558298409999999690e-01
9.000000000000000000e+05,5.000000000000000000e+02,4.000000000000000222e-01,5.000000000000000000e-01,6.211448290000000094e-01,6.583164315999999738e-01
1.100000000000000000e+06,5.000000000000000000e+02,4.000000000000000222e-01,5.000000000000000000e-01,6.225962975000000066e-01,6.599100382999999459e-01
1.300000000000000000e+06,5.000000000000000000e+02,4.000000000000000222e-01,5.000000000000000000e-01,6.236046006000000030e-01,6.610188982000000379e-01
1.500000000000000000e+06,5.000000000000000000e+02,4.000000000000000222e-01,5.000000000000000000e-01,6.243456698999999555e-01,6.618352853000000202e-01
1.700000000000000000e+06,5.000000000000000000e+02,4.000000000000000222e-01,5.000000000000000000e-01,6.249132051000000354e-01,6.624616441999999772e-01
1.900000000000000000e+06,5.000000000000000000e+02,4.000000000000000222e-01,5.000000000000000000e-01,6.253616902999999949e-01,6.629575657999999816e-01
2.100000000000000000e+06,5.000000000000000000e+02,4.000000000000000222e-01,5.000000000000000000e-01,6.257249661999999546e-01,6.633600755999999876e-01
2.300000000000000000e+06,5.000000000000000000e+02,4.000000000000000222e-01,5.000000000000000000e-01,6.260251601999999860e-01,6.636933916999999683e-01
2.500000000000000000e+06,5.000000000000000000e+02,4.000000000000000222e-01,5.000000000000000000e-01,6.262773507000000128e-01,6.639740223000000219e-01
2.700000000000000000e+06,5.000000000000000000e+02,4.000000000000000222e-01,5.000000000000000000e-01,6.264921665999999556e-01,6.642136084999999968e-01
2.900000000000000000e+06,5.000000000000000000e+02,4.000000000000000222e-01,5.000000000000000000e-01,6.266773155999999512e-01,6.644205948000000417e-01
3.100000000000000000e+06,5.000000000000000000e+02,4.000000000000000222e-01,5.000000000000000000e-01,6.268385234000000139e-01,6.646012559999999736e-01
3.300000000000000000e+06,5.000000000000000000e+02,4.000000000000000222e-01,5.000000000000000000e-01,6.269801316999999985e-01,6.647603524999999847e-01
3.500000000000000000e+06,5.000000000000000000e+02,4.000000000000000222e-01,5.000000000000000000e-01,6.271054931999999749e-01,6.649015608999999660e-01
3.700000000000000000e+06,5.000000000000000000e+02,4.000000000000000222e-01,5.000000000000000000e-01,6.272172374000000161e-01,6.650277661000000284e-01
3.900000000000000000e+06,5.000000000000000000e+02,4.000000000000000222e-01,5.000000000000000000e-01,6.273174556999999707e-01,6.651412636000000322e-01
4.100000000000000000e+06,5.000000000000000000e+02,4.000000000000000222e-01,5.000000000000000000e-01,6.274078325999999928e-01,6.652439027000000005e-01
4.300000000000000000e+06,5.000000000000000000e+02,4.000000000000000222e-01,5.000000000000000000e-01,6.274897396999999932e-01,6.653371900000000227e-01
4.500000000000000000e+06,5.000000000000000000e+02,4.000000000000000222e-01,5.000000000000000000e-01,6.275643053999999665e-01,6.654223651999999767e-01
4.700000000000000000e+06,5.000000000000000000e+02,4.000000000000000222e-01,5.000000000000000000e-01,6.276324663000000248e-01,6.655004578000000004e-01
4.900000000000000000e+06,5.000000000000000000e+02,4.000000000000000222e-01,5.000000000000000000e-01,6.276950061999999608e-01,6.655723299000000370e-01
5.100000000000000000e+06,5.000000000000000000e+02,4.000000000000000222e-01,5.000000000000000000e-01,6.277525864999999872e-01,6.656387087999999785e-01
5.300000000000000000e+06,5.000000000000000000e+02,4.000000000000000222e-01,5.000000000000000000e-01,6.278057685000000276e-01,6.657002123999999910e-01
5.500000000000000000e+06,5.000000000000000000e+02,4.000000000000000222e-01,5.000000000000000000e-01,6.278550322000000516e-01,6.657573691999999488e-01
5.700000000000000000e+06,5.000000000000000000e+02,4.000000000000000222e-01,5.000000000000000000e-01,6.279007903000000113e-01,6.658106336000000347e-01
5.900000000000000000e+06,5.000000000000000000e+02,4.000000000000000222e-01,5.000000000000000000e-01,6.279433994999999991e-01,6.658603988000000307e-01
6.100000000000000000e+06,5.000000000000000000e+02,4.000000000000000222e-01,5.000000000000000000e-01,6.279831699000000267e-01,6.659070066000000176e-01
6.300000000000000000e+06,5.000000000000000000e+02,4.000000000000000222e-01,5.000000000000000000e-01,6.280203720999999462e-01,6.659507555000000467e-01
6.500000000000000000e+06,5.000000000000000000e+02,4.000000000000000222e-01,5.000000000000000000e-01,6.280552434999999711e-01,6.659919073000000189e-01
6.700000000000000000e+06,5.000000000000000000e+02,4.000000000000000222e-01,5.000000000000000000e-01,6.280879931999999721e-01,6.660306929999999515e-01
6.900000000000000000e+06,5.000000000000000000e+02,4.000000000000000222e-01,5.000000000000000000e-01,6.281188059000000212e-01,6.660673164999999507e-01
7.100000000000000000e+06,5.000000000000000000e+02,4.000000000000000222e-01,5.000000000000000000e-01,6.281478458000000487e-01,6.661019593000000460e-01
7.300000000000000000e+06,5.000000000000000000e+02,4.000000000000000222e-01,5.000000000000000000e-01,6.281752588000000248e-01,6.661347826000000305e-01
7.500000000000000000e+06,5.000000000000000000e+02,4.000000000000000222e-01,5.000000000000000000e-01,6.282011752999999699e-01,6.661659306999999641e-01
7.700000000000000000e+06,5.000000000000000000e+02,4.000000000000000222e-01,5.000000000000000000e-01,6.282257124000000248e-01,6.661955332000000229e-01
7.900000000000000000e+06,5.000000000000000000e+02,4.000000000000000222e-01,5.000000000000000000e-01,6.282489750999999956e-01,6.662237061000000349e-01
8.100000000000000000e+06,5.000000000000000000e+02,4.000000000000000222e-01,5.000000000000000000e-01,6.282710580000000489e-01,6.662505546000000445e-01
8.300000000000000000e+06,5.000000000000000000e+02,4.000000000000000222e-01,5.000000000000000000e-01,6.282920467999999481e-01,6.662761732999999964e-01
8.500000000000000000e+06,5.000000000000000000e+02,4.000000000000000222e-01,5.000000000000000000e-01,6.283120187999999828e-01,6.663006483000000202e-01
8.700000000000000000e+06,5.000000000000000000e+02,4.000000000000000222e-01,5.000000000000000000e-01,6.283310445999999994e-01,6.663240575000000110e-01
8.900000000000000000e+06,5.000000000000000000e+02,4.000000000000000222e-01,5.000000000000000000e-01,6.283491881999999640e-01,6.663464720999999757e-01
9.100000000000000000e+06,5.000000000000000000e+02,4.000000000000000222e-01,5.000000000000000000e-01,6.283665079000000375e-01,6.663679568999999470e-01
9.300000000000000000e+06,5.000000000000000000e+02,4.000000000000000222e-01,5.000000000000000000e-01,6.283830570999999754e-01,6.663885712999999544e-01
9.500000000000000000e+06,5.000000000000000000e+02,4.000000000000000222e-01,5.000000000000000000e-01,6.283988847999999461e-01,6.664083696000000501e-01
9.700000000000000000e+06,5.000000000000000000e+02,4.000000000000000222e-01,5.000000000000000000e-01,6.284140357999999926e-01,6.664274017000000327e-01
9.900000000000000000e+06,5.000000000000000000e+02,4.000000000000000222e-01,5.000000000000000000e-01,6.284285511999999629e-01,6.664457134000000282e-01
1.000000000000000000e+06,5.000000000000000000e+02,4.000000000000000222e-01,5.000000000000000000e-01,6.219423895000000257e-01,6.591917810999999849e-01
3.000000000000000000e+06,5.000000000000000000e+02,4.000000000000000222e-01,5.000000000000000000e-01,6.267606137000000244e-01,6.645138888999999605e-01
5.000000000000000000e+06,5.000000000000000000e+02,4.000000000000000222e-01,5.000000000000000000e-01,6.277243791000000073e-01,6.656061651000000357e-01
7.000000000000000000e+06,5.000000000000000000e+02,4.000000000000000222e-01,5.000000000000000000e-01,6.281335380000000468e-01,6.660848750000000207e-01
9.000000000000000000e+06,5.000000000000000000e+02,4.000000000000000222e-01,5.000000000000000000e-01,6.283579475999999664e-01,6.663573269000000465e-01
1.100000000000000000e+07,5.000000000000000000e+02,4.000000000000000222e-01,5.000000000000000000e-01,6.284985834999999854e-01,6.665352869999999763e-01
1.300000000000000000e+07,5.000000000000000000e+02,4.000000000000000222e-01,5.000000000000000000e-01,6.285942614999999734e-01,6.666619584999999848e-01
1.500000000000000000e+07,5.000000000000000000e+02,4.000000000000000222e-01,5.000000000000000000e-01,6.286630721999999505e-01,6.667575996000000282e-01
1.700000000000000000e+07,5.000000000000000000e+02,4.000000000000000222e-01,5.000000000000000000e-01,6.287145764999999553e-01,6.668329861999999775e-01
1.900000000000000000e+07,5.000000000000000000e+02,4.000000000000000222e-01,5.000000000000000000e-01,6.287542981000000530e-01,6.668943878999999963e-01
2.100000000000000000e+07,5.000000000000000000e+02,4.000000000000000222e-01,5.000000000000000000e-01,6.287856484999999607e-01,6.669457050999999526e-01
2.300000000000000000e+07,5.000000000000000000e+02,4.000000000000000222e-01,5.000000000000000000e-01,6.288108467999999895e-01,6.669894949000000350e-01
2.500000000000000000e+07,5.000000000000000000e+02,4.000000000000000222e-01,5.000000000000000000e-01,6.288313978999999776e-01,6.670275055000000064e-01
2.700000000000000000e+07,5.000000000000000000e+02,4.000000000000000222e-01,5.000000000000000000e-01,6.288483577000000269e-01,6.670609737999999567e-01
2.900000000000000000e+07,5.000000000000000000e+02,4.000000000000000222e-01,5.000000000000000000e-01,6.288624883000000221e-01,6.670908006000000334e-01
3.100000000000000000e+07,5.000000000000000000e+02,4.000000000000000222e-01,5.000000000000000000e-01,6.288743532999999664e-01,6.671176582000000188e-01
3.300000000000000000e+07,5.000000000000000000e+02,4.000000000000000222e-01,5.000000000000000000e-01,6.288843783999999992e-01,6.671420590000000095e-01
3.500000000000000000e+07,5.000000000000000000e+02,4.000000000000000222e-01,5.000000000000000000e-01,6.288928906999999846e-01,6.671644006000000404e-01
3.700000000000000000e+07,5.000000000000000000e+02,4.000000000000000222e-01,5.000000000000000000e-01,6.289001454999999519e-01,6.671849965999999688e-01
3.900000000000000000e+07,5.000000000000000000e+02,4.000000000000000222e-01,5.000000000000000000e-01,6.289063450999999860e-01,6.672040980000000232e-01
4.100000000000000000e+07,5.000000000000000000e+02,4.000000000000000222e-01,5.000000000000000000e-01,6.289116516999999629e-01,6.672219081000000385e-01
4.300000000000000000e+07,5.000000000000000000e+02,4.000000000000000222e-01,5.000000000000000000e-01,6.289161965999999770e-01,6.672385933000000158e-01
4.500000000000000000e+07,5.000000000000000000e+02,4.000000000000000222e-01,5.000000000000000000e-01,6.289200874999999469e-01,6.672542916000000490e-01
4.700000000000000000e+07,5.000000000000000000e+02,4.000000000000000222e-01,5.000000000000000000e-01,6.289234134000000198e-01,6.672691182000000110e-01
4.900000000000000000e+07,5.000000000000000000e+02,4.000000000000000222e-01,5.000000000000000000e-01,6.289262480999999738e-01,6.672831701000000448e-01
5.100000000000000000e+07,5.000000000000000000e+02,4.000000000000000222e-01,5.000000000000000000e-01,6.289286539999999759e-01,6.672965296999999740e-01
5.300000000000000000e+07,5.000000000000000000e+02,4.000000000000000222e-01,5.000000000000000000e-01,6.289306835000000317e-01,6.673092674999999696e-01
5.500000000000000000e+07,5.000000000000000000e+02,4.000000000000000222e-01,5.000000000000000000e-01,6.289323811999999458e-01,6.673214441000000496e-01
5.700000000000000000e+07,5.000000000000000000e+02,4.000000000000000222e-01,5.000000000000000000e-01,6.289337854000000005e-01,6.673331122000000226e-01
5.900000000000000000e+07,5.000000000000000000e+02,4.000000000000000222e-01,5.000000000000000000e-01,6.289349290000000314e-01,6.673443173999999978e-01
6.100000000000000000e+07,5.000000000000000000e+02,4.000000000000000222e-01,5.000000000000000000e-01,6.289358402000000403e-01,6.673550997999999623e-01
6.300000000000000000e+07,5.000000000000000000e+02,4.000000000000000222e-01,5.000000000000000000e-01,6.289365438999999780e-01,6.673654946999999504e-01
6.500000000000000000e+07,5.000000000000000000e+02,4.000000000000000222e-01,5.000000000000000000e-01,6.289370614000000526e-01,6.673755329999999653e-01
6.700000000000000000e+07,5.000000000000000000e+02,4.000000000000000222e-01,5.000000000000000000e-01,6.289374116999999487e-01,6.673852425999999838e-01
6.900000000000000000e+07,5.000000000000000000e+02,4.000000000000000222e-01,5.000000000000000000e-01,6.289376112000000241e-01,6.673946478000000182e-01
7.100000000000000000e+07,5.000000000000000000e+02,4.000000000000000222e-01,5.000000000000000000e-01,6.289376746000000518e-01,6.674037709000000262e-01
7.300000000000000000e+07,5.000000000000000000e+02,4.000000000000000222e-01,5.000000000000000000e-01,6.289376148999999971e-01,6.674126314999999643e-01
7.500000000000000000e+07,5.000000000000000000e+02,4.000000000000000222e-01,5.000000000000000000e-01,6.289374433000000097e-01,6.674212472999999646e-01
7.700000000000000000e+07,5.000000000000000000e+02,4.000000000000000222e-01,5.000000000000000000e-01,6.289371702999999592e-01,6.674296346000000435e-01
7.900000000000000000e+07,5.000000000000000000e+02,4.000000000000000222e-01,5.000000000000000000e-01,6.289368049000000349e-01,6.674378077000000520e-01
8.100000000000000000e+07,5.000000000000000000e+02,4.000000000000000222e-01,5.000000000000000000e-01,6.289363553000000273e-01,6.674457798999999802e-01
8.300000000000000000e+07,5.000000000000000000e+02,4.000000000000000222e-01,5.000000000000000000e-01,6.289358288999999935e-01,6.674535633000000523e-01
8.500000000000000000e+07,5.000000000000000000e+02,4.000000000000000222e-01,5.000000000000000000e-01,6.289352321000000190e-01,6.674611688999999570e-01
8.700000000000000000e+07,5.000000000000000000e+02,4.000000000000000222e-01,5.000000000000000000e-01,6.289345710999999506e-01,6.674686066999999667e-01
8.900000000000000000e+07,5.000000000000000000e+02,4.000000000000000222e-01,5.000000000000000000e-01,6.289338510999999965e-01,6.674758859999999627e-01
9.100000000000000000e+07,5.000000000000000000e+02,4.000000000000000222e-01,5.000000000000000000e-01,6.289330771000000153e-01,6.674830151999999739e-01
9.300000000000000000e+07,5.000000000000000000e+02,4.000000000000000222e-01,5.000000000000000000e-01,6.289322534000000298e-01,6.674900020999999795e-01
9.500000000000000000e+07,5.000000000000000000e+02,4.000000000000000222e-01,5.000000000000000000e-01,6.289313842000000543e-01,6.674968541000000366e-01
9.700000000000000000e+07,5.000000000000000000e+02,4.000000000000000222e-01,5.000000000000000000e-01,6.289304729000000371e-01,6.675035778000000253e-01
9.900000000000000000e+07,5.000000000000000000e+02,4.000000000000000222e-01,5.000000000000000000e-01,6.289295231000000541e-01,6.675101794000000144e-01
1.000000000000000000e+07,5.000000000000000000e+02,4.000000000000000222e-01,5.000000000000000000e-01,6.284355825999999867e-01,6.664546125000000432e-01
3.000000000000000000e+07,5.000000000000000000e+02,4.000000000000000222e-01,5.000000000000000000e-01,6.288686746999999633e-01,6.671045653999999603e-01
5.000000000000000000e+07,5.000000000000000000e+02,4.000000000000000222e-01,5.000000000000000000e-01,6.289275011999999609e-01,6.672899316999999497e-01
7.000000000000000000e+07,5.000000000000000000e+02,4.000000000000000222e-01,5.000000000000000000e-01,6.289376590999999905e-01,6.673992434000000085e-01
9.000000000000000000e+07,5.000000000000000000e+02,4.000000000000000222e-01,5.000000000000000000e-01,6.289334706000000441e-01,6.674794687999999754e-01
1.000000000000000000e+08,5.000000000000000000e+02,4.000000000000000222e-01,5.000000000000000000e-01,6.289290346000000476e-01,6.675134362000000321e-01
