# pressure,temperature,f1,f2,molkg1,molkg2
1.000000000000000000e+00,5.000000000000000000e+02,9.000000000000000222e-01,0.000000000000000000e+00,1.211351820000000027e-04,4.168475175999999721e-06
3.000000000000000000e+00,5.000000000000000000e+02,9.000000000000000222e-01,0.000000000000000000e+00,3.632764467999999888e-04,1.250287576000000034e-05
5.000000000000000000e+00,5.000000000000000000e+02,9.000000000000000222e-01,0.000000000000000000e+00,6.052457316999999837e-04,2.083387953000000062e-05
7.000000000000000000e+00,5.000000000000000000e+02,9.000000000000000222e-01,0.000000000000000000e+00,8.470432190000000069e-04,2.916148992999999907e-05
9.000000000000000000e+00,5.000000000000000000e+02,9.000000000000000222e-01,0.000000000000000000e+00,1.088669091000000078e-03,3.748571039999999970e-05
1.100000000000000000e+01,5.000000000000000000e+02,9.000000000000000222e-01,0.000000000000000000e+00,1.330123528999999950e-03,4.580654436999999991e-05
1.300000000000000000e+01,5.000000000000000000e+02,9.000000000000000222e-01,0.000000000000000000e+00,1.571406715999999976e-03,5.412399528000000034e-05
1.500000000000000000e+01,5.000000000000000000e+02,9.000000000000000222e-01,0.000000000000000000e+00,1.812518831000000091e-03,6.243806654000000551e-05
1.700000000000000000e+01,5.000000000000000000e+02,9.000000000000000222e-01,0.000000000000000000e+00,2.053460058000000209e-03,7.074876159000000248e-05
1.900000000000000000e+01,5.000000000000000000e+02,9.000000000000000222e-01,0.000000000000000000e+00,2.294230574999999838e-03,7.905608382999999937e-05
2.100000000000000000e+01,5.000000000000000000e+02,9.000000000000000222e-01,0.000000000000000000e+00,2.534830564999999980e-03,8.736003669000000035e-05
2.300000000000000000e+01,5.000000000000000000e+02,9.000000000000000222e-01,0.000000000000000000e+00,2.775260206999999920e-03,9.566062354999999354e-05
2.500000000000000000e+01,5.000000000000000000e+02,9.000000000000000222e-01,0.000000000000000000e+00,3.015519681999999802e-03,1.039578477999999974e-04
2.700000000000000000e+01,5.000000000000000000e+02,9.000000000000000222e-01,0.000000000000000000e+00,3.255609168000000216e-03,1.122517128999999986e-04
2.900000000000000000e+01,5.000000000000000000e+02,9.000000000000000222e-01,0.000000000000000000e+00,3.495528847000000001e-03,1.205422222000000028e-04
3.100000000000000000e+01,5.000000000000000000e+02,9.000000000000000222e-01,0.000000000000000000e+00,3.735278897000000181e-03,1.288293790999999909e-04
3.300000000000000000e+01,5.000000000000000000e+02,9.000000000000000222e-01,0.000000000000000000e+00,3.974859497000000040e-03,1.371131869999999981e-04
3.500000000000000000e+01,5.000000000000000000e+02,9.000000000000000222e-01,0.000000000000000000e+00,4.214270826000000164e-03,1.453936492000000005e-04
3.700000000000000000e+01,5.000000000000000000e+02,9.000000000000000222e-01,0.000000000000000000e+00,4.453513061999999842e-03,1.536707691000000061e-04
3.900000000000000000e+01,5.000000000000000000e+02,9.000000000000000222e-01,0.000000000000000000e+00,4.692586385000000089e-03,1.619445502000000010e-04
4.100000000000000000e+01,5.000000000000000000e+02,9.000000000000000222e-01,0.000000000000000000e+00,4.931490971999999764e-03,1.702149957000000102e-04
4.300000000000000000e+01,5.000000000000000000e+02,9.000000000000000222e-01,0.000000000000000000e+00,5.170227000999999892e-03,1.784821089999999878e-04
4.500000000000000000e+01,5.000000000000000000e+02,9.000000000000000222e-01,0.000000000000000000e+00,5.408794649000000197e-03,1.867458933999999909e-04
4.700000000000000000e+01,5.000000000000000000e+02,9.000000000000000222e-01,0.000000000000000000e+00,5.647194093999999970e-03,1.950063524000000055e-04
4.900000000000000000e+01,5.000000000000000000e+02,9.000000000000000222e-01,0.000000000000000000e+00,5.885425512999999803e-03,2.032634893000000078e-04
5.100000000000000000e+01,5.000000000000000000e+02,9.000000000000000222e-01,0.000000000000000000e+00,6.123489081999999861e-03,2.115173074000000007e-04
5.300000000000000000e+01,5.000000000000000000e+02,9.000000000000000222e-01,0.000000000000000000e+00,6.361384979000000300e-03,2.197678099999999873e-04
5.500000000000000000e+01,5.000000000000000000e+02,9.000000000000000222e-01,0.000000000000000000e+00,6.599113378999999988e-03,2.280150003999999978e-04
5.700000000000000000e+01,5.000000000000000000e+02,9.000000000000000222e-01,0.000000000000000000e+00,6.836674459000000384e-03,2.362588820999999911e-04
5.900000000000000000e+01,5.000000000000000000e+02,9.000000000000000222e-01,0.000000000000000000e+00,7.074068394000000357e-03,2.444994583000000194e-04
6.100000000000000000e+01,5.000000000000000000e+02,9.000000000000000222e-01,0.000000000000000000e+00,7.311295360999999632e-03,2.527367322999999775e-04
6.300000000000000000e+01,5.000000000000000000e+02,9.000000000000000222e-01,0.000000000000000000e+00,7.548355534000000117e-03,2.609707075000000090e-04
6.500000000000000000e+01,5.000000000000000000e+02,9.000000000000000222e-01,0.000000000000000000e+00,7.785249089000000240e-03,2.692013871000000034e-04
6.700000000000000000e+01,5.000000000000000000e+02,9.000000000000000222e-01,0.000000000000000000e+00,8.021976199999999307e-03,2.774287745000000231e-04
6.900000000000000000e+01,5.000000000000000000e+02,9.000000000000000222e-01,0.000000000000000000e+00,8.258537042000000522e-03,2.856528729000000120e-04
7.100000000000000000e+01,5.000000000000000000e+02,9.000000000000000222e-01,0.000000000000000000e+00,8.494931788999999719e-03,2.938736856999999781e-04
7.300000000000000000e+01,5.000000000000000000e+02,9.000000000000000222e-01,0.000000000000000000e+00,8.731160615999999236e-03,3.020912162000000058e-04
7.500000000000000000e+01,5.000000000000000000e+02,9.000000000000000222e-01,0.000000000000000000e+00,8.967223696000000549e-03,3.103054675000000069e-04
7.700000000000000000e+01,5.000000000000000000e+02,9.000000000000000222e-01,0.000000000000000000e+00,9.203121203000000361e-03,3.185164431000000215e-04
7.900000000000000000e+01,5.000000000000000000e+02,9.000000000000000222e-01,0.000000000000000000e+00,9.438853311000000579e-03,3.267241461999999936e-04
8.100000000000000000e+01,5.000000000000000000e+02,9.000000000000000222e-01,0.000000000000000000e+00,9.674420192000000515e-03,3.349285799999999753e-04
8.300000000000000000e+01,5.000000000000000000e+02,9.000000000000000222e-01,0.000000000000000000e+00,9.909822020000000342e-03,3.431297477999999969e-04
8.500000000000000000e+01,5.000000000000000000e+02,9.000000000000000222e-01,0.000000000000000000e+00,1.014505897000000066e-02,3.513276528999999802e-04
8.700000000000000000e+01,5.000000000000000000e+02,9.000000000000000222e-01,0.000000000000000000e+00,1.038013121000000080e-02,3.595222984999999773e-04
8.900000000000000000e+01,5.000000000000000000e+02,9.000000000000000222e-01,0.000000000000000000e+00,1.061503890999999922e-02,3.677136879999999964e-04
9.100000000000000000e+01,5.000000000000000000e+02,9.000000000000000222e-01,0.000000000000000000e+00,1.084978225000000039e-02,3.759018245000000035e-04
9.300000000000000000e+01,5.000000000000000000e+02,9.000000000000000222e-01,0.000000000000000000e+00,1.108436139000000022e-02,3.840867111999999965e-04
9.500000000000000000e+01,5.000000000000000000e+02,9.000000000000000222e-01,0.000000000000000000e+00,1.131877652000000054e-02,3.922683514999999836e-04
9.700000000000000000e+01,5.000000000000000000e+02,9.000000000000000222e-01,0.000000000000000000e+00,1.155302778999999988e-02,4.004467486000000171e-04
9.900000000000000000e+01,5.000000000000000000e+02,9.000000000000000222e-01,0.000000000000000000e+00,1.178711537999999927e-02,4.086219056000000086e-04
1.000000000000000000e+01,5.000000000000000000e+02,9.000000000000000222e-01,0.000000000000000000e+00,1.209417728000000084e-03,4.164655047999999690e-05
3.000000000000000000e+01,5.000000000000000000e+02,9.000000000000000222e-01,0.000000000000000000e+00,3.615425063999999980e-03,1.246862195000000091e-04
5.000000000000000000e+01,5.000000000000000000e+02,9.000000000000000222e-01,0.000000000000000000e+00,6.004478266999999959e-03,2.073908130000000089e-04
7.000000000000000000e+01,5.000000000000000000e+02,9.000000000000000222e-01,0.000000000000000000e+00,8.376755165999999822e-03,2.897636898000000081e-04
9.000000000000000000e+01,5.000000000000000000e+02,9.000000000000000222e-01,0.000000000000000000e+00,1.073243110999999930e-02,3.718081625999999809e-04
1.100000000000000000e+02,5.000000000000000000e+02,9.000000000000000222e-01,0.000000000000000000e+00,1.307167901999999916e-02,4.535274981000000038e-04
1.300000000000000000e+02,5.000000000000000000e+02,9.000000000000000222e-01,0.000000000000000000e+00,1.539466941000000068e-02,5.349249180000000079e-04
1.500000000000000000e+02,5.000000000000000000e+02,9.000000000000000222e-01,0.000000000000000000e+00,1.770157045999999970e-02,6.160036002000000019e-04
1.700000000000000000e+02,5.000000000000000000e+02,9.000000000000000222e-01,0.000000000000000000e+00,1.999254803000000136e-02,6.967666790000000276e-04
1.900000000000000000e+02,5.000000000000000000e+02,9.000000000000000222e-01,0.000000000000000000e+00,2.226776570000000080e-02,7.772172461000000478e-04
2.100000000000000000e+02,5.000000000000000000e+02,9.000000000000000222e-01,0.000000000000000000e+00,2.452738483999999941e-02,8.573583514000000403e-04
2.300000000000000000e+02,5.000000000000000000e+02,9.000000000000000222e-01,0.000000000000000000e+00,2.677156459999999877e-02,9.371930036999999523e-04
2.500000000000000000e+02,5.000000000000000000e+02,9.000000000000000222e-01,0.000000000000000000e+00,2.900046199000000033e-02,1.016724171000000067e-03
2.700000000000000000e+02,5.000000000000000000e+02,9.000000000000000222e-01,0.000000000000000000e+00,3.121423188999999931e-02,1.095954783000000019e-03
2.900000000000000000e+02,5.000000000000000000e+02,9.000000000000000222e-01,0.000000000000000000e+00,3.341302709999999926e-02,1.174887728000000020e-03
3.100000000000000000e+02,5.000000000000000000e+02,9.000000000000000222e-01,0.000000000000000000e+00,3.559699837000000061e-02,1.253525856999999953e-03
3.300000000000000000e+02,5.000000000000000000e+02,9.000000000000000222e-01,0.000000000000000000e+00,3.776629441999999892e-02,1.331871984000000068e-03
3.500000000000000000e+02,5.000000000000000000e+02,9.000000000000000222e-01,0.000000000000000000e+00,3.992106201000000104e-02,1.409928884999999896e-03
3.700000000000000000e+02,5.000000000000000000e+02,9.000000000000000222e-01,0.000000000000000000e+00,4.206144592999999654e-02,1.487699299999999981e-03
3.900000000000000000e+02,5.000000000000000000e+02,9.000000000000000222e-01,0.000000000000000000e+00,4.418758906999999819e-02,1.565185932999999929e-03
4.100000000000000000e+02,5.000000000000000000e+02,9.000000000000000222e-01,0.000000000000000000e+00,4.629963242000000034e-02,1.642391451999999918e-03
4.300000000000000000e+02,5.000000000000000000e+02,9.000000000000000222e-01,0.000000000000000000e+00,4.839771511999999692e-02,1.719318491000000051e-03
4.500000000000000000e+02,5.000000000000000000e+02,9.000000000000000222e-01,0.000000000000000000e+00,5.048197448999999781e-02,1.795969649999999912e-03
4.700000000000000000e+02,5.000000000000000000e+02,9.000000000000000222e-01,0.000000000000000000e+00,5.255254605000000273e-02,1.872347495000000091e-03
4.900000000000000000e+02,5.000000000000000000e+02,9.000000000000000222e-01,0.000000000000000000e+00,5.460956355999999762e-02,1.948454560000000002e-03
5.100000000000000000e+02,5.000000000000000000e+02,9.000000000000000222e-01,0.000000000000000000e+00,5.665315903999999791e-02,2.024293344999999848e-03
5.300000000000000000e+02,5.000000000000000000e+02,9.000000000000000222e-01,0.000000000000000000e+00,5.868346280000000248e-02,2.099866319000000172e-03
5.500000000000000000e+02,5.000000000000000000e+02,9.000000000000000222e-01,0.000000000000000000e+00,6.070060347000000300e-02,2.175175918999999909e-03
5.700000000000000000e+02,5.000000000000000000e+02,9.000000000000000222e-01,0.000000000000000000e+00,6.270470803000000037e-02,2.250224551999999850e-03
5.900000000000000000e+02,5.000000000000000000e+02,9.000000000000000222e-01,0.000000000000000000e+00,6.469590181999999856e-02,2.325014595000000038e-03
6.100000000000000000e+02,5.000000000000000000e+02,9.000000000000000222e-01,0.000000000000000000e+00,6.667430860999999653e-02,2.399548392000000214e-03
6.300000000000000000e+02,5.000000000000000000e+02,9.000000000000000222e-01,0.000000000000000000e+00,6.864005054999999800e-02,2.473828261999999785e-03
6.500000000000000000e+02,5.000000000000000000e+02,9.000000000000000222e-01,0.000000000000000000e+00,7.059324827000000580e-02,2.547856492000000021e-03
6.700000000000000000e+02,5.000000000000000000e+02,9.000000000000000222e-01,0.000000000000000000e+00,7.253402086000000637e-02,2.621635342000000132e-03
6.900000000000000000e+02,5.000000000000000000e+02,9.000000000000000222e-01,0.000000000000000000e+00,7.446248593000000249e-02,2.695167040999999885e-03
7.100000000000000000e+02,5.000000000000000000e+02,9.000000000000000222e-01,0.000000000000000000e+00,7.637875956999999605e-02,2.768453796000000001e-03
7.300000000000000000e+02,5.000000000000000000e+02,9.000000000000000222e-01,0.000000000000000000e+00,7.828295645999999719e-02,2.841497781000000035e-03
7.500000000000000000e+02,5.000000000000000000e+02,9.000000000000000222e-01,0.000000000000000000e+00,8.017518981000000544e-02,2.914301146000000068e-03
7.700000000000000000e+02,5.000000000000000000e+02,9.000000000000000222e-01,0.000000000000000000e+00,8.205557144000000247e-02,2.986866015999999849e-03
7.900000000000000000e+02,5.000000000000000000e+02,9.000000000000000222e-01,0.000000000000000000e+00,8.392421177999999371e-02,3.059194488000000108e-03
8.100000000000000000e+02,5.000000000000000000e+02,9.000000000000000222e-01,0.000000000000000000e+00,8.578121988999999614e-02,3.131288632999999939e-03
8.300000000000000000e+02,5.000000000000000000e+02,9.000000000000000222e-01,0.000000000000000000e+00,8.762670346999999749e-02,3.203150499999999831e-03
8.500000000000000000e+02,5.000000000000000000e+02,9.000000000000000222e-01,0.000000000000000000e+00,8.946076893000000363e-02,3.274782108999999952e-03
8.700000000000000000e+02,5.000000000000000000e+02,9.000000000000000222e-01,0.000000000000000000e+00,9.128352134000000673e-02,3.346185459000000119e-03
8.900000000000000000e+02,5.000000000000000000e+02,9.000000000000000222e-01,0.000000000000000000e+00,9.309506449000000405e-02,3.417362523999999818e-03
9.100000000000000000e+02,5.000000000000000000e+02,9.000000000000000222e-01,0.000000000000000000e+00,9.489550093000000131e-02,3.488315254999999927e-03
9.300000000000000000e+02,5.000000000000000000e+02,9.000000000000000222e-01,0.000000000000000000e+00,9.668493193999999624e-02,3.559045578000000123e-03
9.500000000000000000e+02,5.000000000000000000e+02,9.000000000000000222e-01,0.000000000000000000e+00,9.846345757999999670e-02,3.629555397000000169e-03
9.700000000000000000e+02,5.000000000000000000e+02,9.000000000000000222e-01,0.000000000000000000e+00,1.002311766999999937e-01,3.699846594999999915e-03
9.900000000000000000e+02,5.000000000000000000e+02,9.000000000000000222e-01,0.000000000000000000e+00,1.019881869999999940e-01,3.769921031000000172e-03
1.000000000000000000e+02,5.000000000000000000e+02,9.000000000000000222e-01,0.000000000000000000e+00,1.190409786000000067e-02,4.127082701000000034e-04
3.000000000000000000e+02,5.000000000000000000e+02,9.000000000000000222e-01,0.000000000000000000e+00,3.450685638999999999e-02,1.214243467999999914e-03
5.000000000000000000e+02,5.000000000000000000e+02,9.000000000000000222e-01,0.000000000000000000e+00,5.563303087000000258e-02,1.986407331999999904e-03
7.000000000000000000e+02,5.000000000000000000e+02,9.000000000000000222e-01,0.000000000000000000e+00,7.542213947999999724e-02,2.731840900000000009e-03
9.000000000000000000e+02,5.000000000000000000e+02,9.000000000000000222e-01,0.000000000000000000e+00,9.399666468999999525e-02,3.452866809999999981e-03
1.100000000000000000e+03,5.000000000000000000e+02,9.000000000000000222e-01,0.000000000000000000e+00,1.114645768000000065e-01,4.151536857999999983e-03
1.300000000000000000e+03,5.000000000000000000e+02,9.000000000000000222e-01,0.000000000000000000e+00,1.279214214000000127e-01,4.829671181999999931e-03
1.500000000000000000e+03,5.000000000000000000e+02,9.000000000000000222e-01,0.000000000000000000e+00,1.434520571000000022e-01,5.488890772999999688e-03
1.700000000000000000e+03,5.000000000000000000e+02,9.000000000000000222e-01,0.000000000000000000e+00,1.581321086999999959e-01,6.130644592999999996e-03
1.900000000000000000e+03,5.000000000000000000e+02,9.000000000000000222e-01,0.000000000000000000e+00,1.720291901000000068e-01,6.756232333000000007e-03
2.100000000000000000e+03,5.000000000000000000e+02,9.000000000000000222e-01,0.000000000000000000e+00,1.852039374999999988e-01,7.366823607000000385e-03
2.300000000000000000e+03,5.000000000000000000e+02,9.000000000000000222e-01,0.000000000000000000e+00,1.977108868999999935e-01,7.963474228000000724e-03
2.500000000000000000e+03,5.000000000000000000e+02,9.000000000000000222e-01,0.000000000000000000e+00,2.095992224000000070e-01,8.547140061000000136e-03
2.700000000000000000e+03,5.000000000000000000e+02,9.000000000000000222e-01,0.000000000000000000e+00,2.209134165999999955e-01,9.118688887999999715e-03
2.900000000000000000e+03,5.000000000000000000e+02,9.000000000000000222e-01,0.000000000000000000e+00,2.316937819999999870e-01,9.678910586999999593e-03
3.100000000000000000e+03,5.000000000000000000e+02,9.000000000000000222e-01,0.000000000000000000e+00,2.419769455999999930e-01,1.022852592000000026e-02
3.300000000000000000e+03,5.000000000000000000e+02,9.000000000000000222e-01,0.000000000000000000e+00,2.517962610999999740e-01,1.076819413999999947e-02
3.500000000000000000e+03,5.000000000000000000e+02,9.000000000000000222e-01,0.000000000000000000e+00,2.611821662000000099e-01,1.129851959999999926e-02
3.700000000000000000e+03,5.000000000000000000e+02,9.000000000000000222e-01,0.000000000000000000e+00,2.701624946000000249e-01,1.182005751999999979e-02
3.900000000000000000e+03,5.000000000000000000e+02,9.000000000000000222e-01,0.000000000000000000e+00,2.787627483999999822e-01,1.233331902999999959e-02
4.100000000000000000e+03,5.000000000000000000e+02,9.000000000000000222e-01,0.000000000000000000e+00,2.870063373000000251e-01,1.283877557999999960e-02
4.300000000000000000e+03,5.000000000000000000e+02,9.000000000000000222e-01,0.000000000000000000e+00,2.949147884000000164e-01,1.333686283999999979e-02
4.500000000000000000e+03,5.000000000000000000e+02,9.000000000000000222e-01,0.000000000000000000e+00,3.025079325000000208e-01,1.382798416000000086e-02
4.700000000000000000e+03,5.000000000000000000e+02,9.000000000000000222e-01,0.000000000000000000e+00,3.098040671000000246e-01,1.431251356999999926e-02
4.900000000000000000e+03,5.000000000000000000e+02,9.000000000000000222e-01,0.000000000000000000e+00,3.168201022000000089e-01,1.479079852999999958e-02
5.100000000000000000e+03,5.000000000000000000e+02,9.000000000000000222e-01,0.000000000000000000e+00,3.235716888999999874e-01,1.526316227999999914e-02
5.300000000000000000e+03,5.000000000000000000e+02,9.000000000000000222e-01,0.000000000000000000e+00,3.300733348000000067e-01,1.572990600999999919e-02
5.500000000000000000e+03,5.000000000000000000e+02,9.000000000000000222e-01,0.000000000000000000e+00,3.363385065999999757e-01,1.619131077999999904e-02
5.700000000000000000e+03,5.000000000000000000e+02,9.000000000000000222e-01,0.000000000000000000e+00,3.423797210000000257e-01,1.664763921999999965e-02
5.900000000000000000e+03,5.000000000000000000e+02,9.000000000000000222e-01,0.000000000000000000e+00,3.482086279000000117e-01,1.709913705999999839e-02
6.100000000000000000e+03,5.000000000000000000e+02,9.000000000000000222e-01,0.000000000000000000e+00,3.538360836000000176e-01,1.754603454999999895e-02
6.300000000000000000e+03,5.000000000000000000e+02,9.000000000000000222e-01,0.000000000000000000e+00,3.592722173999999824e-01,1.798854768000000132e-02
6.500000000000000000e+03,5.000000000000000000e+02,9.000000000000000222e-01,0.000000000000000000e+00,3.645264912999999773e-01,1.842687930000000071e-02
6.700000000000000000e+03,5.000000000000000000e+02,9.000000000000000222e-01,0.000000000000000000e+00,3.696077542000000271e-01,1.886122017999999900e-02
6.900000000000000000e+03,5.000000000000000000e+02,9.000000000000000222e-01,0.000000000000000000e+00,3.745242905000000233e-01,1.929174989000000118e-02
7.100000000000000000e+03,5.000000000000000000e+02,9.000000000000000222e-01,0.000000000000000000e+00,3.792838646999999730e-01,1.971863767000000059e-02
7.300000000000000000e+03,5.000000000000000000e+02,9.000000000000000222e-01,0.000000000000000000e+00,3.838937613999999776e-01,2.014204316999999855e-02
7.500000000000000000e+03,5.000000000000000000e+02,9.000000000000000222e-01,0.000000000000000000e+00,3.883608215000000086e-01,2.056211717000000147e-02
7.700000000000000000e+03,5.000000000000000000e+02,9.000000000000000222e-01,0.000000000000000000e+00,3.926914759999999838e-01,2.097900219999999927e-02
7.900000000000000000e+03,5.000000000000000000e+02,9.000000000000000222e-01,0.000000000000000000e+00,3.968917758000000129e-01,2.139283310999999868e-02
8.100000000000000000e+03,5.000000000000000000e+02,9.000000000000000222e-01,0.000000000000000000e+00,4.009674195999999857e-01,2.180373761999999938e-02
8.300000000000000000e+03,5.000000000000000000e+02,9.000000000000000222e-01,0.000000000000000000e+00,4.049237790999999920e-01,2.221183682000000062e-02
8.500000000000000000e+03,5.000000000000000000e+02,9.000000000000000222e-01,0.000000000000000000e+00,4.087659218999999955e-01,2.261724555000000150e-02
8.700000000000000000e+03,5.000000000000000000e+02,9.000000000000000222e-01,0.000000000000000000e+00,4.124986328999999952e-01,2.302007288999999984e-02
8.900000000000000000e+03,5.000000000000000000e+02,9.000000000000000222e-01,0.000000000000000000e+00,4.161264338999999812e-01,2.342042249999999950e-02
9.100000000000000000e+03,5.000000000000000000e+02,9.000000000000000222e-01,0.000000000000000000e+00,4.196536010999999955e-01,2.381839294999999954e-02
9.300000000000000000e+03,5.000000000000000000e+02,9.000000000000000222e-01,0.000000000000000000e+00,4.230841815999999977e-01,2.421407806999999884e-02
9.500000000000000000e+03,5.000000000000000000e+02,9.000000000000000222e-01,0.000000000000000000e+00,4.264220086000000132e-01,2.460756723999999937e-02
9.700000000000000000e+03,5.000000000000000000e+02,9.000000000000000222e-01,0.000000000000000000e+00,4.296707155999999750e-01,2.499894566000000068e-02
9.900000000000000000e+03,5.000000000000000000e+02,9.000000000000000222e-01,0.000000000000000000e+00,4.328337487000000205e-01,2.538829458999999900e-02
1.000000000000000000e+03,5.000000000000000000e+02,9.000000000000000222e-01,0.000000000000000000e+00,1.028627064999999979e-01,3.804877538999999927e-03
3.000000000000000000e+03,5.000000000000000000e+02,9.000000000000000222e-01,0.000000000000000000e+00,2.368953571000000091e-01,9.955001486000000441e-03
5.000000000000000000e+03,5.000000000000000000e+02,9.000000000000000222e-01,0.000000000000000000e+00,3.202280192999999997e-01,1.502770123999999999e-02
7.000000000000000000e+03,5.000000000000000000e+02,9.000000000000000222e-01,0.000000000000000000e+00,3.769232317999999804e-01,1.950563883000000151e-02
9.000000000000000000e+03,5.000000000000000000e+02,9.000000000000000222e-01,0.000000000000000000e+00,4.179023385999999785e-01,2.361969914999999948e-02
1.100000000000000000e+04,5.000000000000000000e+02,9.000000000000000222e-01,0.000000000000000000e+00,4.488372723999999869e-01,2.749673533000000086e-02
1.300000000000000000e+04,5.000000000000000000e+02,9.000000000000000222e-01,0.000000000000000000e+00,4.729653870000000149e-01,3.121343253000000151e-02
1.500000000000000000e+04,5.000000000000000000e+02,9.000000000000000222e-01,0.000000000000000000e+00,4.922686948000000173e-01,3.481951300000000332e-02
1.700000000000000000e+04,5.000000000000000000e+02,9.000000000000000222e-01,0.000000000000000000e+00,5.080283276999999487e-01,3.834898890999999949e-02
1.900000000000000000e+04,5.000000000000000000e+02,9.000000000000000222e-01,0.000000000000000000e+00,5.211090391999999571e-01,4.182612539999999712e-02
2.100000000000000000e+04,5.000000000000000000e+02,9.000000000000000222e-01,0.000000000000000000e+00,5.321155663000000091e-01,4.526882676999999938e-02
2.300000000000000000e+04,5.000000000000000000e+02,9.000000000000000222e-01,0.000000000000000000e+00,5.414834739999999647e-01,4.869066898999999810e-02
2.500000000000000000e+04,5.000000000000000000e+02,9.000000000000000222e-01,0.000000000000000000e+00,5.495344147999999818e-01,5.210217637000000290e-02
2.700000000000000000e+04,5.000000000000000000e+02,9.000000000000000222e-01,0.000000000000000000e+00,5.565110656999999739e-01,5.551165438999999813e-02
2.900000000000000000e+04,5.000000000000000000e+02,9.000000000000000222e-01,0.000000000000000000e+00,5.625999575000000252e-01,5.892575054000000201e-02
3.100000000000000000e+04,5.000000000000000000e+02,9.000000000000000222e-01,0.000000000000000000e+00,5.679468221000000261e-01,6.234984250000000228e-02
3.300000000000000000e+04,5.000000000000000000e+02,9.000000000000000222e-01,0.000000000000000000e+00,5.726671708999999666e-01,6.578831303000000352e-02
3.500000000000000000e+04,5.000000000000000000e+02,9.000000000000000222e-01,0.000000000000000000e+00,5.768537470000000278e-01,6.924474870999999809e-02
3.700000000000000000e+04,5.000000000000000000e+02,9.000000000000000222e-01,0.000000000000000000e+00,5.805818782999999650e-01,7.272208614000000293e-02
3.900000000000000000e+04,5.000000000000000000e+02,9.000000000000000222e-01,0.000000000000000000e+00,5.839133898999999683e-01,7.622272116000000652e-02
4.100000000000000000e+04,5.000000000000000000e+02,9.000000000000000222e-01,0.000000000000000000e+00,5.868995085999999528e-01,7.974859158000000003e-02
4.300000000000000000e+04,5.000000000000000000e+02,9.000000000000000222e-01,0.000000000000000000e+00,5.895830504000000305e-01,8.330124064999999689e-02
4.500000000000000000e+04,5.000000000000000000e+02,9.000000000000000222e-01,0.000000000000000000e+00,5.920000882999999492e-01,8.688186624999999497e-02
4.700000000000000000e+04,5.000000000000000000e+02,9.000000000000000222e-01,0.000000000000000000e+00,5.941812394000000053e-01,9.049135955999999814e-02
4.900000000000000000e+04,5.000000000000000000e+02,9.000000000000000222e-01,0.000000000000000000e+00,5.961526689999999684e-01,9.413033568999999712e-02
5.100000000000000000e+04,5.000000000000000000e+02,9.000000000000000222e-01,0.000000000000000000e+00,5.979368814000000087e-01,9.779915828000000644e-02
5.300000000000000000e+04,5.000000000000000000e+02,9.000000000000000222e-01,0.000000000000000000e+00,5.995533481999999470e-01,1.014979596000000067e-01
5.500000000000000000e+04,5.000000000000000000e+02,9.000000000000000222e-01,0.000000000000000000e+00,6.010190119999999636e-01,1.052266567999999985e-01
5.700000000000000000e+04,5.000000000000000000e+02,9.000000000000000222e-01,0.000000000000000000e+00,6.023486933999999682e-01,1.089849663999999940e-01
5.900000000000000000e+04,5.000000000000000000e+02,9.000000000000000222e-01,0.000000000000000000e+00,6.035554222000000246e-01,1.127724155000000006e-01
6.100000000000000000e+04,5.000000000000000000e+02,9.000000000000000222e-01,0.000000000000000000e+00,6.046507076999999564e-01,1.165883526999999947e-01
6.300000000000000000e+04,5.000000000000000000e+02,9.000000000000000222e-01,0.000000000000000000e+00,6.056447627000000056e-01,1.204319576000000003e-01
6.500000000000000000e+04,5.000000000000000000e+02,9.000000000000000222e-01,0.000000000000000000e+00,6.065466881000000088e-01,1.243022490000000035e-01
6.700000000000000000e+04,5.000000000000000000e+02,9.000000000000000222e-01,0.000000000000000000e+00,6.073646272999999596e-01,1.281980936000000071e-01
6.900000000000000000e+04,5.000000000000000000e+02,9.000000000000000222e-01,0.000000000000000000e+00,6.081058950000000074e-01,1.321182137999999950e-01
7.100000000000000000e+04,5.000000000000000000e+02,9.000000000000000222e-01,0.000000000000000000e+00,6.087770858000000063e-01,1.360611956999999983e-01
7.300000000000000000e+04,5.000000000000000000e+02,9.000000000000000222e-01,0.000000000000000000e+00,6.093841657999999883e-01,1.400254968000000100e-01
7.500000000000000000e+04,5.000000000000000000e+02,9.000000000000000222e-01,0.000000000000000000e+00,6.099325501000000260e-01,1.440094543999999865e-01
7.700000000000000000e+04,5.000000000000000000e+02,9.000000000000000222e-01,0.000000000000000000e+00,6.104271690000000472e-01,1.480112936000000101e-01
7.900000000000000000e+04,5.000000000000000000e+02,9.000000000000000222e-01,0.000000000000000000e+00,6.108725245999999665e-01,1.520291361999999979e-01
8.100000000000000000e+04,5.000000000000000000e+02,9.000000000000000222e-01,0.000000000000000000e+00,6.112727385999999763e-01,1.560610091999999893e-01
8.300000000000000000e+04,5.000000000000000000e+02,9.000000000000000222e-01,0.000000000000000000e+00,6.116315942000000172e-01,1.601048540999999992e-01
8.500000000000000000e+04,5.000000000000000000e+02,9.000000000000000222e-01,0.000000000000000000e+00,6.119525716999999476e-01,1.641585366999999962e-01
8.700000000000000000e+04,5.000000000000000000e+02,9.000000000000000222e-01,0.000000000000000000e+00,6.122388792999999829e-01,1.682198562999999980e-01
8.900000000000000000e+04,5.000000000000000000e+02,9.000000000000000222e-01,0.000000000000000000e+00,6.124934798000000180e-01,1.722865558999999991e-01
9.100000000000000000e+04,5.000000000000000000e+02,9.000000000000000222e-01,0.000000000000000000e+00,6.127191139000000009e-01,1.763563327999999875e-01
9.300000000000000000e+04,5.000000000000000000e+02,9.000000000000000222e-01,0.000000000000000000e+00,6.129183204000000496e-01,1.804268484000000061e-01
9.500000000000000000e+04,5.000000000000000000e+02,9.000000000000000222e-01,0.000000000000000000e+00,6.130934536000000046e-01,1.844957389000000114e-01
9.700000000000000000e+04,5.000000000000000000e+02,9.000000000000000222e-01,0.000000000000000000e+00,6.132466989000000535e-01,1.885606260000000090e-01
9.900000000000000000e+04,5.000000000000000000e+02,9.000000000000000222e-01,0.000000000000000000e+00,6.133800865999999852e-01,1.926191268999999928e-01
1.000000000000000000e+04,5.000000000000000000e+02,9.000000000000000222e-01,0.000000000000000000e+00,4.343841662999999853e-01,2.558223236999999928e-02
3.000000000000000000e+04,5.000000000000000000e+02,9.000000000000000222e-01,0.000000000000000000e+00,5.653583151000000084e-01,6.063625244000000331e-02
5.000000000000000000e+04,5.000000000000000000e+02,9.000000000000000222e-01,0.000000000000000000e+00,5.970668958000000526e-01,9.596100270000000598e-02
7.000000000000000000e+04,5.000000000000000000e+02,9.000000000000000222e-01,0.000000000000000000e+00,6.084498633999999573e-01,1.340869406000000097e-01
9.000000000000000000e+04,5.000000000000000000e+02,9.000000000000000222e-01,0.000000000000000000e+00,6.126097544999999922e-01,1.743212051999999956e-01
1.100000000000000000e+05,5.000000000000000000e+02,9.000000000000000222e-01,0.000000000000000000e+00,6.138367148000000162e-01,2.147216866999999973e-01
1.300000000000000000e+05,5.000000000000000000e+02,9.000000000000000222e-01,0.000000000000000000e+00,6.140129026999999740e-01,2.530458431000000008e-01
1.500000000000000000e+05,5.000000000000000000e+02,9.000000000000000222e-01,0.000000000000000000e+00,6.140056914000000532e-01,2.876127028000000085e-01
1.700000000000000000e+05,5.000000000000000000e+02,9.000000000000000222e-01,0.000000000000000000e+00,6.141479828999999446e-01,3.176983921000000044e-01
1.900000000000000000e+05,5.000000000000000000e+02,9.000000000000000222e-01,0.000000000000000000e+00,6.145024071000000365e-01,3.433948199999999895e-01
2.100000000000000000e+05,5.000000000000000000e+02,9.000000000000000222e-01,0.000000000000000000e+00,6.150239709999999471e-01,3.652384486999999957e-01
2.300000000000000000e+05,5.000000000000000000e+02,9.000000000000000222e-01,0.000000000000000000e+00,6.156447817000000322e-01,3.838945195999999838e-01
2.500000000000000000e+05,5.000000000000000000e+02,9.000000000000000222e-01,0.000000000000000000e+00,6.163073506999999784e-01,3.999842256999999734e-01
2.700000000000000000e+05,5.000000000000000000e+02,9.000000000000000222e-01,0.000000000000000000e+00,6.169720462000000127e-01,4.140224384000000257e-01
2.900000000000000000e+05,5.000000000000000000e+02,9.000000000000000222e-01,0.000000000000000000e+00,6.176148259999999501e-01,4.264128969000000047e-01
3.100000000000000000e+05,5.000000000000000000e+02,9.000000000000000222e-01,0.000000000000000000e+00,6.182227871000000041e-01,4.374649957000000255e-01
3.300000000000000000e+05,5.000000000000000000e+02,9.000000000000000222e-01,0.000000000000000000e+00,6.187902177999999864e-01,4.474146947000000041e-01
3.500000000000000000e+05,5.000000000000000000e+02,9.000000000000000222e-01,0.000000000000000000e+00,6.193157388000000152e-01,4.564429705999999975e-01
3.700000000000000000e+05,5.000000000000000000e+02,9.000000000000000222e-01,0.000000000000000000e+00,6.198004206999999655e-01,4.646902328999999998e-01
3.900000000000000000e+05,5.000000000000000000e+02,9.000000000000000222e-01,0.000000000000000000e+00,6.202466084000000102e-01,4.722669978999999851e-01
4.100000000000000000e+05,5.000000000000000000e+02,9.000000000000000222e-01,0.000000000000000000e+00,6.206572162000000281e-01,4.792616062999999760e-01
4.300000000000000000e+05,5.000000000000000000e+02,9.000000000000000222e-01,0.000000000000000000e+00,6.210353202999999711e-01,4.857457620000000253e-01
4.500000000000000000e+05,5.000000000000000000e+02,9.000000000000000222e-01,0.000000000000000000e+00,6.213839330999999522e-01,4.917785142000000165e-01
4.700000000000000000e+05,5.000000000000000000e+02,9.000000000000000222e-01,0.000000000000000000e+00,6.217058870999999654e-01,4.974091414999999849e-01
4.900000000000000000e+05,5.000000000000000000e+02,9.000000000000000222e-01,0.000000000000000000e+00,6.220037832999999461e-01,5.026792629999999873e-01
5.100000000000000000e+05,5.000000000000000000e+02,9.000000000000000222e-01,0.000000000000000000e+00,6.222799760999999652e-01,5.076244048000000397e-01
5.300000000000000000e+05,5.000000000000000000e+02,9.000000000000000222e-01,0.000000000000000000e+00,6.225365775000000212e-01,5.122751771000000343e-01
5.500000000000000000e+05,5.000000000000000000e+02,9.000000000000000222e-01,0.000000000000000000e+00,6.227754726999999990e-01,5.166581729000000456e-01
5.700000000000000000e+05,5.000000000000000000e+02,9.000000000000000222e-01,0.000000000000000000e+00,6.229983396999999590e-01,5.207966630999999458e-01
5.900000000000000000e+05,5.000000000000000000e+02,9.000000000000000222e-01,0.000000000000000000e+00,6.232066703999999957e-01,5.247111415999999862e-01
6.100000000000000000e+05,5.000000000000000000e+02,9.000000000000000222e-01,0.000000000000000000e+00,6.234017908000000219e-01,5.284197589000000361e-01
6.300000000000000000e+05,5.000000000000000000e+02,9.000000000000000222e-01,0.000000000000000000e+00,6.235848805000000494e-01,5.319386708000000130e-01
6.500000000000000000e+05,5.000000000000000000e+02,9.000000000000000222e-01,0.000000000000000000e+00,6.237569900999999639e-01,5.352823219000000243e-01
6.700000000000000000e+05,5.000000000000000000e+02,9.000000000000000222e-01,0.000000000000000000e+00,6.239190569000000464e-01,5.384636793999999504e-01
6.900000000000000000e+05,5.000000000000000000e+02,9.000000000000000222e-01,0.000000000000000000e+00,6.240719183999999808e-01,5.414944259999999732e-01
7.100000000000000000e+05,5.000000000000000000e+02,9.000000000000000222e-01,0.000000000000000000e+00,6.242163242999999584e-01,5.443851226999999460e-01
7.300000000000000000e+05,5.000000000000000000e+02,9.000000000000000222e-01,0.000000000000000000e+00,6.243529477000000494e-01,5.471453451000000134e-01
7.500000000000000000e+05,5.000000000000000000e+02,9.000000000000000222e-01,0.000000000000000000e+00,6.244823935000000104e-01,5.497837997000000199e-01
7.700000000000000000e+05,5.000000000000000000e+02,9.000000000000000222e-01,0.000000000000000000e+00,6.246052069999999956e-01,5.523084232999999621e-01
7.900000000000000000e+05,5.000000000000000000e+02,9.000000000000000222e-01,0.000000000000000000e+00,6.247218804999999930e-01,5.547264683999999502e-01
8.100000000000000000e+05,5.000000000000000000e+02,9.000000000000000222e-01,0.000000000000000000e+00,6.248328596000000124e-01,5.570445770999999935e-01
8.300000000000000000e+05,5.000000000000000000e+02,9.000000000000000222e-01,0.000000000000000000e+00,6.249385483999999602e-01,5.592688455000000003e-01
8.500000000000000000e+05,5.000000000000000000e+02,9.000000000000000222e-01,0.000000000000000000e+00,6.250393141000000208e-01,5.614048793000000481e-01
8.700000000000000000e+05,5.000000000000000000e+02,9.000000000000000222e-01,0.000000000000000000e+00,6.251354908999999793e-01,5.634578430000000138e-01
8.900000000000000000e+05,5.000000000000000000e+02,9.000000000000000222e-01,0.000000000000000000e+00,6.252273839999999971e-01,5.654325032000000473e-01
9.100000000000000000e+05,5.000000000000000000e+02,9.000000000000000222e-01,0.000000000000000000e+00,6.253152721000000414e-01,5.673332666999999496e-01
9.300000000000000000e+05,5.000000000000000000e+02,9.000000000000000222e-01,0.000000000000000000e+00,6.253994105000000303e-01,5.691642138000000406e-01
9.500000000000000000e+05,5.000000000000000000e+02,9.000000000000000222e-01,0.000000000000000000e+00,6.254800333000000157e-01,5.709291289000000269e-01
9.700000000000000000e+05,5.000000000000000000e+02,9.000000000000000222e-01,0.000000000000000000e+00,6.255573558999999451e-01,5.726315263000000266e-01
9.900000000000000000e+05,5.000000000000000000e+02,9.000000000000000222e-01,0.000000000000000000e+00,6.256315761999999836e-01,5.742746745000000264e-01
1.000000000000000000e+05,5.000000000000000000e+02,9.000000000000000222e-01,0.000000000000000000e+00,6.134399286999999701e-01,1.946452392999999947e-01
3.000000000000000000e+05,5.000000000000000000e+02,9.000000000000000222e-01,0.000000000000000000e+00,6.179236455000000072e-01,4.320900078000000089e-01
5.000000000000000000e+05,5.000000000000000000e+02,9.000000000000000222e-01,0.000000000000000000e+00,6.221444551000000489e-01,5.051904396999999936e-01
7.000000000000000000e+05,5.000000000000000000e+02,9.000000000000000222e-01,0.000000000000000000e+00,6.241451344999999762e-01,5.429566605000000212e-01
9.000000000000000000e+05,5.000000000000000000e+02,9.000000000000000222e-01,0.000000000000000000e+00,6.252718122000000545e-01,5.663918597000000554e-01
1.100000000000000000e+06,5.000000000000000000e+02,9.000000000000000222e-01,0.000000000000000000e+00,6.259918353000000213e-01,5.823791850999999742e-01
1.300000000000000000e+06,5.000000000000000000e+02,9.000000000000000222e-01,0.000000000000000000e+00,6.264913995999999985e-01,5.939852611000000504e-01
1.500000000000000000e+06,5.000000000000000000e+02,9.000000000000000222e-01,0.000000000000000000e+00,6.268582592000000453e-01,6.027945108000000163e-01
1.700000000000000000e+06,5.000000000000000000e+02,9.000000000000000222e-01,0.000000000000000000e+00,6.271390769000000365e-01,6.097092889999999876e-01
1.900000000000000000e+06,5.000000000000000000e+02,9.000000000000000222e-01,0.000000000000000000e+00,6.273609391000000146e-01,6.152814151000000065e-01
2.100000000000000000e+06,5.000000000000000000e+02,9.000000000000000222e-01,0.000000000000000000e+00,6.275406438999999725e-01,6.198673514000000440e-01
2.300000000000000000e+06,5.000000000000000000e+02,9.000000000000000222e-01,0.000000000000000000e+00,6.276891618000000062e-01,6.237076324000000449e-01
2.500000000000000000e+06,5.000000000000000000e+02,9.000000000000000222e-01,0.000000000000000000e+00,6.278139609999999760e-01,6.269704498999999487e-01
2.700000000000000000e+06,5.000000000000000000e+02,9.000000000000000222e-01,0.000000000000000000e+00,6.279203013999999916e-01,6.297769491000000386e-01
2.900000000000000000e+06,5.000000000000000000e+02,9.000000000000000222e-01,0.000000000000000000e+00,6.280119948000000285e-01,6.322166031000000519e-01
3.100000000000000000e+06,5.000000000000000000e+02,9.000000000000000222e-01,0.000000000000000000e+00,6.280918712999999931e-01,6.343569286000000362e-01
3.300000000000000000e+06,5.000000000000000000e+02,9.000000000000000222e-01,0.000000000000000000e+00,6.281620758000000526e-01,6.362498316000000376e-01
3.500000000000000000e+06,5.000000000000000000e+02,9.000000000000000222e-01,0.000000000000000000e+00,6.282242638999999684e-01,6.379358726999999618e-01
3.700000000000000000e+06,5.000000000000000000e+02,9.000000000000000222e-01,0.000000000000000000e+00,6.282797337000000093e-01,6.394472059000000375e-01
3.900000000000000000e+06,5.000000000000000000e+02,9.000000000000000222e-01,0.000000000000000000e+00,6.283295173999999816e-01,6.408096500000000084e-01
4.100000000000000000e+06,5.000000000000000000e+02,9.000000000000000222e-01,0.000000000000000000e+00,6.283744461000000392e-01,6.420441746999999699e-01
4.300000000000000000e+06,5.000000000000000000e+02,9.000000000000000222e-01,0.000000000000000000e+00,6.284151964999999951e-01,6.431679887000000262e-01
4.500000000000000000e+06,5.000000000000000000e+02,9.000000000000000222e-01,0.000000000000000000e+00,6.284523250000000338e-01,6.441953463999999796e-01
4.700000000000000000e+06,5.000000000000000000e+02,9.000000000000000222e-01,0.000000000000000000e+00,6.284862934999999595e-01,6.451381556999999933e-01
4.900000000000000000e+06,5.000000000000000000e+02,9.000000000000000222e-01,0.000000000000000000e+00,6.285174887000000155e-01,6.460064419000000058e-01
5.100000000000000000e+06,5.000000000000000000e+02,9.000000000000000222e-01,0.000000000000000000e+00,6.285462363999999580e-01,6.468087057000000417e-01
5.300000000000000000e+06,5.000000000000000000e+02,9.000000000000000222e-01,0.000000000000000000e+00,6.285728135999999466e-01,6.475522018999999574e-01
5.500000000000000000e+06,5.000000000000000000e+02,9.000000000000000222e-01,0.000000000000000000e+00,6.285974568000000096e-01,6.482431603999999625e-01
5.700000000000000000e+06,5.000000000000000000e+02,9.000000000000000222e-01,0.000000000000000000e+00,6.286203694999999980e-01,6.488869602000000292e-01
5.900000000000000000e+06,5.000000000000000000e+02,9.000000000000000222e-01,0.000000000000000000e+00,6.286417275000000249e-01,6.494882705000000200e-01
6.100000000000000000e+06,5.000000000000000000e+02,9.000000000000000222e-01,0.000000000000000000e+00,6.286616835999999653e-01,6.500511636000000371e-01
6.300000000000000000e+06,5.000000000000000000e+02,9.000000000000000222e-01,0.000000000000000000e+00,6.286803713999999932e-01,6.505792074999999786e-01
6.500000000000000000e+06,5.000000000000000000e+02,9.000000000000000222e-01,0.000000000000000000e+00,6.286979077000000027e-01,6.510755418000000461e-01
6.700000000000000000e+06,5.000000000000000000e+02,9.000000000000000222e-01,0.000000000000000000e+00,6.287143956999999839e-01,6.515429397999999983e-01
6.900000000000000000e+06,5.000000000000000000e+02,9.000000000000000222e-01,0.000000000000000000e+00,6.287299264000000276e-01,6.519838607000000286e-01
7.100000000000000000e+06,5.000000000000000000e+02,9.000000000000000222e-01,0.000000000000000000e+00,6.287445807999999525e-01,6.524004923999999761e-01
7.300000000000000000e+06,5.000000000000000000e+02,9.000000000000000222e-01,0.000000000000000000e+00,6.287584309000000538e-01,6.527947885999999533e-01
7.500000000000000000e+06,5.000000000000000000e+02,9.000000000000000222e-01,0.000000000000000000e+00,6.287715407999999728e-01,6.531684988000000525e-01
7.700000000000000000e+06,5.000000000000000000e+02,9.000000000000000222e-01,0.000000000000000000e+00,6.287839684999999568e-01,6.535231942000000460e-01
7.900000000000000000e+06,5.000000000000000000e+02,9.000000000000000222e-01,0.000000000000000000e+00,6.287957655000000479e-01,6.538602903000000355e-01
8.100000000000000000e+06,5.000000000000000000e+02,9.000000000000000222e-01,0.000000000000000000e+00,6.288069786000000105e-01,6.541810656000000002e-01
8.300000000000000000e+06,5.000000000000000000e+02,9.000000000000000222e-01,0.000000000000000000e+00,6.288176501000000140e-01,6.544866773999999943e-01
8.500000000000000000e+06,5.000000000000000000e+02,9.000000000000000222e-01,0.000000000000000000e+00,6.288278181999999994e-01,6.547781763000000144e-01
8.700000000000000000e+06,5.000000000000000000e+02,9.000000000000000222e-01,0.000000000000000000e+00,6.288375175000000539e-01,6.550565179999999765e-01
8.900000000000000000e+06,5.000000000000000000e+02,9.000000000000000222e-01,0.000000000000000000e+00,6.288467796000000165e-01,6.553225738000000300e-01
9.100000000000000000e+06,5.000000000000000000e+02,9.000000000000000222e-01,0.000000000000000000e+00,6.288556334999999553e-01,6.555771396999999778e-01
9.300000000000000000e+06,5.000000000000000000e+02,9.000000000000000222e-01,0.000000000000000000e+00,6.288641054000000397e-01,6.558209444999999471e-01
9.500000000000000000e+06,5.000000000000000000e+02,9.000000000000000222e-01,0.000000000000000000e+00,6.288722194000000432e-01,6.560546564000000469e-01
9.700000000000000000e+06,5.000000000000000000e+02,9.000000000000000222e-01,0.000000000000000000e+00,6.288799978000000346e-01,6.562788898000000426e-01
9.900000000000000000e+06,5.000000000000000000e+02,9.000000000000000222e-01,0.000000000000000000e+00,6.288874607000000116e-01,6.564942097000000532e-01
1.000000000000000000e+06,5.000000000000000000e+02,9.000000000000000222e-01,0.000000000000000000e+00,6.256675806000000506e-01,5.750749898000000471e-01
3.000000000000000000e+06,5.000000000000000000e+02,9.000000000000000222e-01,0.000000000000000000e+00,6.280532627999999562e-01,6.333206298000000345e-01
5.000000000000000000e+06,5.000000000000000000e+02,9.000000000000000222e-01,0.000000000000000000e+00,6.285321500999999644e-01,6.464153468000000125e-01
7.000000000000000000e+06,5.000000000000000000e+02,9.000000000000000222e-01,0.000000000000000000e+00,6.287373585000000098e-01,6.521950855000000491e-01
9.000000000000000000e+06,5.000000000000000000e+02,9.000000000000000222e-01,0.000000000000000000e+00,6.288512559000000168e-01,6.554512460000000429e-01
1.100000000000000000e+07,5.000000000000000000e+02,9.000000000000000222e-01,0.000000000000000000e+00,6.289236388000000177e-01,6.575405570000000255e-01
1.300000000000000000e+07,5.000000000000000000e+02,9.000000000000000222e-01,0.000000000000000000e+00,6.289736689999999575e-01,6.589949970999999795e-01
1.500000000000000000e+07,5.000000000000000000e+02,9.000000000000000222e-01,0.000000000000000000e+00,6.290102906000000216e-01,6.600658217000000549e-01
1.700000000000000000e+07,5.000000000000000000e+02,9.000000000000000222e-01,0.000000000000000000e+00,6.290382388999999907e-01,6.608871533000000298e-01
1.900000000000000000e+07,5.000000000000000000e+02,9.000000000000000222e-01,0.000000000000000000e+00,6.290602553999999902e-01,6.615371147999999923e-01
2.100000000000000000e+07,5.000000000000000000e+02,9.000000000000000222e-01,0.000000000000000000e+00,6.290780366999999540e-01,6.620642941000000059e-01
2.300000000000000000e+07,5.000000000000000000e+02,9.000000000000000222e-01,0.000000000000000000e+00,6.290926893999999603e-01,6.625004960999999470e-01
2.500000000000000000e+07,5.000000000000000000e+02,9.000000000000000222e-01,0.000000000000000000e+00,6.291049656999999629e-01,6.628674135000000023e-01
2.700000000000000000e+07,5.000000000000000000e+02,9.000000000000000222e-01,0.000000000000000000e+00,6.291153948000000051e-01,6.631803498999999658e-01
2.900000000000000000e+07,5.000000000000000000e+02,9.000000000000000222e-01,0.000000000000000000e+00,6.291243599000000408e-01,6.634504102999999597e-01
3.100000000000000000e+07,5.000000000000000000e+02,9.000000000000000222e-01,0.000000000000000000e+00,6.291321450000000315e-01,6.636858490999999471e-01
3.300000000000000000e+07,5.000000000000000000e+02,9.000000000000000222e-01,0.000000000000000000e+00,6.291389655000000358e-01,6.638929292999999898e-01
3.500000000000000000e+07,5.000000000000000000e+02,9.000000000000000222e-01,0.000000000000000000e+00,6.291449873000000137e-01,6.640764890999999448e-01
3.700000000000000000e+07,5.000000000000000000e+02,9.000000000000000222e-01,0.000000000000000000e+00,6.291503403999999522e-01,6.642403249999999648e-01
3.900000000000000000e+07,5.000000000000000000e+02,9.000000000000000222e-01,0.000000000000000000e+00,6.291551281999999690e-01,6.643874582000000029e-01
4.100000000000000000e+07,5.000000000000000000e+02,9.000000000000000222e-01,0.000000000000000000e+00,6.291594337000000481e-01,6.645203227000000545e-01
4.300000000000000000e+07,5.000000000000000000e+02,9.000000000000000222e-01,0.000000000000000000e+00,6.291633247000000262e-01,6.646409013999999837e-01
4.500000000000000000e+07,5.000000000000000000e+02,9.000000000000000222e-01,0.000000000000000000e+00,6.291668567000000545e-01,6.647508259000000086e-01
4.700000000000000000e+07,5.000000000000000000e+02,9.000000000000000222e-01,0.000000000000000000e+00,6.291700757999999505e-01,6.648514513000000070e-01
4.900000000000000000e+07,5.000000000000000000e+02,9.000000000000000222e-01,0.000000000000000000e+00,6.291730205000000131e-01,6.649439119000000176e-01
5.100000000000000000e+07,5.000000000000000000e+02,9.000000000000000222e-01,0.000000000000000000e+00,6.291757234999999504e-01,6.650291647999999611e-01
5.300000000000000000e+07,5.000000000000000000e+02,9.000000000000000222e-01,0.000000000000000000e+00,6.291782122000000310e-01,6.651080230999999454e-01
5.500000000000000000e+07,5.000000000000000000e+02,9.000000000000000222e-01,0.000000000000000000e+00,6.291805102999999955e-01,6.651811820999999902e-01
5.700000000000000000e+07,5.000000000000000000e+02,9.000000000000000222e-01,0.000000000000000000e+00,6.291826378999999525e-01,6.652492397000000501e-01
5.900000000000000000e+07,5.000000000000000000e+02,9.000000000000000222e-01,0.000000000000000000e+00,6.291846126000000261e-01,6.653127128000000390e-01
6.100000000000000000e+07,5.000000000000000000e+02,9.000000000000000222e-01,0.000000000000000000e+00,6.291864495000000224e-01,6.653720510999999727e-01
6.300000000000000000e+07,5.000000000000000000e+02,9.000000000000000222e-01,0.000000000000000000e+00,6.291881619000000425e-01,6.654276469000000027e-01
6.500000000000000000e+07,5.000000000000000000e+02,9.000000000000000222e-01,0.000000000000000000e+00,6.291897615000000554e-01,6.654798447999999977e-01
6.700000000000000000e+07,5.000000000000000000e+02,9.000000000000000222e-01,0.000000000000000000e+00,6.291912583000000003e-01,6.655289478999999453e-01
6.900000000000000000e+07,5.000000000000000000e+02,9.000000000000000222e-01,0.000000000000000000e+00,6.291926615999999806e-01,6.655752246999999677e-01
7.100000000000000000e+07,5.000000000000000000e+02,9.000000000000000222e-01,0.000000000000000000e+00,6.291939791999999754e-01,6.656189130999999870e-01
7.300000000000000000e+07,5.000000000000000000e+02,9.000000000000000222e-01,0.000000000000000000e+00,6.291952183000000254e-01,6.656602254000000274e-01
7.500000000000000000e+07,5.000000000000000000e+02,9.000000000000000222e-01,0.000000000000000000e+00,6.291963852999999940e-01,6.656993509999999947e-01
7.700000000000000000e+07,5.000000000000000000e+02,9.000000000000000222e-01,0.000000000000000000e+00,6.291974858000000115e-01,6.657364597999999578e-01
7.900000000000000000e+07,5.000000000000000000e+02,9.000000000000000222e-01,0.000000000000000000e+00,6.291985249999999530e-01,6.657717046000000138e-01
8.100000000000000000e+07,5.000000000000000000e+02,9.000000000000000222e-01,0.000000000000000000e+00,6.291995075999999854e-01,6.658052228999999933e-01
8.300000000000000000e+07,5.000000000000000000e+02,9.000000000000000222e-01,0.000000000000000000e+00,6.292004375999999954e-01,6.658371391999999833e-01
8.500000000000000000e+07,5.000000000000000000e+02,9.000000000000000222e-01,0.000000000000000000e+00,6.292013187999999646e-01,6.658675663999999994e-01
8.700000000000000000e+07,5.000000000000000000e+02,9.000000000000000222e-01,0.000000000000000000e+00,6.292021546999999604e-01,6.658966066999999489e-01
8.900000000000000000e+07,5.000000000000000000e+02,9.000000000000000222e-01,0.000000000000000000e+00,6.292029484000000172e-01,6.659243532999999937e-01
9.100000000000000000e+07,5.000000000000000000e+02,9.000000000000000222e-01,0.000000000000000000e+00,6.292037026000000255e-01,6.659508913999999669e-01
9.300000000000000000e+07,5.000000000000000000e+02,9.000000000000000222e-01,0.000000000000000000e+00,6.292044200999999948e-01,6.659762986999999690e-01
9.500000000000000000e+07,5.000000000000000000e+02,9.000000000000000222e-01,0.000000000000000000e+00,6.292051030999999961e-01,6.660006464000000070e-01
9.700000000000000000e+07,5.000000000000000000e+02,9.000000000000000222e-01,0.000000000000000000e+00,6.292057538999999977e-01,6.660239998000000439e-01
9.900000000000000000e+07,5.000000000000000000e+02,9.000000000000000222e-01,0.000000000000000000e+00,6.292063744000000458e-01,6.660464189999999451e-01
1.000000000000000000e+07,5.000000000000000000e+02,9.000000000000000222e-01,0.000000000000000000e+00,6.288910799000000384e-01,6.565986916999999590e-01
3.000000000000000000e+07,5.000000000000000000e+02,9.000000000000000222e-01,0.000000000000000000e+00,6.291283851000000205e-01,6.635720270999999615e-01
5.000000000000000000e+07,5.000000000000000000e+02,9.000000000000000222e-01,0.000000000000000000e+00,6.291744003999999446e-01,6.649873854000000195e-01
7.000000000000000000e+07,5.000000000000000000e+02,9.000000000000000222e-01,0.000000000000000000e+00,6.291933306000000448e-01,6.655973786000000114e-01
9.000000000000000000e+07,5.000000000000000000e+02,9.000000000000000222e-01,0.000000000000000000e+00,6.292033302999999744e-01,6.659377683999999631e-01
1.000000000000000000e+08,5.000000000000000000e+02,9.000000000000000222e-01,0.000000000000000000e+00,6.292066738999999576e-01,6.660572957000000516e-01
