# pressure,temperature,f1,f2,molkg1,molkg2
1.000000000000000000e+00,5.000000000000000000e+02,2.999999999999999889e-01,5.999999999999999778e-01,4.164282441999999886e-05,6.981947533000000051e-05
3.000000000000000000e+00,5.000000000000000000e+02,2.999999999999999889e-01,5.999999999999999778e-01,1.248997233999999887e-04,2.094008302999999995e-04
5.000000000000000000e+00,5.000000000000000000e+02,2.999999999999999889e-01,5.999999999999999778e-01,2.081183289999999884e-04,3.489054749000000157e-04
7.000000000000000000e+00,5.000000000000000000e+02,2.999999999999999889e-01,5.999999999999999778e-01,2.912986887000000255e-04,4.883335095999999766e-04
9.000000000000000000e+00,5.000000000000000000e+02,2.999999999999999889e-01,5.999999999999999778e-01,3.744408499000000134e-04,6.276850348999999957e-04
1.100000000000000000e+01,5.000000000000000000e+02,2.999999999999999889e-01,5.999999999999999778e-01,4.575448599999999743e-04,7.669601509999999546e-04
1.300000000000000000e+01,5.000000000000000000e+02,2.999999999999999889e-01,5.999999999999999778e-01,5.406107662999999793e-04,9.061589578999999957e-04
1.500000000000000000e+01,5.000000000000000000e+02,2.999999999999999889e-01,5.999999999999999778e-01,6.236386161000000454e-04,1.045281555000000069e-03
1.700000000000000000e+01,5.000000000000000000e+02,2.999999999999999889e-01,5.999999999999999778e-01,7.066284563000000069e-04,1.184328042999999945e-03
1.900000000000000000e+01,5.000000000000000000e+02,2.999999999999999889e-01,5.999999999999999778e-01,7.895803342000000434e-04,1.323298520999999965e-03
2.100000000000000000e+01,5.000000000000000000e+02,2.999999999999999889e-01,5.999999999999999778e-01,8.724942965000000335e-04,1.462193088999999948e-03
2.300000000000000000e+01,5.000000000000000000e+02,2.999999999999999889e-01,5.999999999999999778e-01,9.553703902999999839e-04,1.601011843999999937e-03
2.500000000000000000e+01,5.000000000000000000e+02,2.999999999999999889e-01,5.999999999999999778e-01,1.038208662000000056e-03,1.739754887999999961e-03
2.700000000000000000e+01,5.000000000000000000e+02,2.999999999999999889e-01,5.999999999999999778e-01,1.121009159000000083e-03,1.878422317000000069e-03
2.900000000000000000e+01,5.000000000000000000e+02,2.999999999999999889e-01,5.999999999999999778e-01,1.203771927999999942e-03,2.017014232000000074e-03
3.100000000000000000e+01,5.000000000000000000e+02,2.999999999999999889e-01,5.999999999999999778e-01,1.286497014000000105e-03,2.155530730999999801e-03
3.300000000000000000e+01,5.000000000000000000e+02,2.999999999999999889e-01,5.999999999999999778e-01,1.369184465999999942e-03,2.293971910999999947e-03
3.500000000000000000e+01,5.000000000000000000e+02,2.999999999999999889e-01,5.999999999999999778e-01,1.451834327999999927e-03,2.432337872000000113e-03
3.700000000000000000e+01,5.000000000000000000e+02,2.999999999999999889e-01,5.999999999999999778e-01,1.534446647000000091e-03,2.570628711999999906e-03
3.900000000000000000e+01,5.000000000000000000e+02,2.999999999999999889e-01,5.999999999999999778e-01,1.617021471000000023e-03,2.708844526999999811e-03
4.100000000000000000e+01,5.000000000000000000e+02,2.999999999999999889e-01,5.999999999999999778e-01,1.699558842999999986e-03,2.846985416999999862e-03
4.300000000000000000e+01,5.000000000000000000e+02,2.999999999999999889e-01,5.999999999999999778e-01,1.782058812000000001e-03,2.985051478000000109e-03
4.500000000000000000e+01,5.000000000000000000e+02,2.999999999999999889e-01,5.999999999999999778e-01,1.864521423000000105e-03,3.123042808000000160e-03
4.700000000000000000e+01,5.000000000000000000e+02,2.999999999999999889e-01,5.999999999999999778e-01,1.946946720999999901e-03,3.260959504000000061e-03
4.900000000000000000e+01,5.000000000000000000e+02,2.999999999999999889e-01,5.999999999999999778e-01,2.029334752999999852e-03,3.398801662999999858e-03
5.100000000000000000e+01,5.000000000000000000e+02,2.999999999999999889e-01,5.999999999999999778e-01,2.111685564000000213e-03,3.536569382000000032e-03
5.300000000000000000e+01,5.000000000000000000e+02,2.999999999999999889e-01,5.999999999999999778e-01,2.193999199999999931e-03,3.674262758000000195e-03
5.500000000000000000e+01,5.000000000000000000e+02,2.999999999999999889e-01,5.999999999999999778e-01,2.276275707000000124e-03,3.811881887999999958e-03
5.700000000000000000e+01,5.000000000000000000e+02,2.999999999999999889e-01,5.999999999999999778e-01,2.358515130000000178e-03,3.949426867000000244e-03
5.900000000000000000e+01,5.000000000000000000e+02,2.999999999999999889e-01,5.999999999999999778e-01,2.440717513999999914e-03,4.086897792999999793e-03
6.100000000000000000e+01,5.000000000000000000e+02,2.999999999999999889e-01,5.999999999999999778e-01,2.522882906000000012e-03,4.224294760999999961e-03
6.300000000000000000e+01,5.000000000000000000e+02,2.999999999999999889e-01,5.999999999999999778e-01,2.605011348999999865e-03,4.361617867000000363e-03
6.500000000000000000e+01,5.000000000000000000e+02,2.999999999999999889e-01,5.999999999999999778e-01,2.687102891000000150e-03,4.498867206999999750e-03
6.700000000000000000e+01,5.000000000000000000e+02,2.999999999999999889e-01,5.999999999999999778e-01,2.769157573999999830e-03,4.636042875999999910e-03
6.900000000000000000e+01,5.000000000000000000e+02,2.999999999999999889e-01,5.999999999999999778e-01,2.851175446000000016e-03,4.773144969999999591e-03
7.100000000000000000e+01,5.000000000000000000e+02,2.999999999999999889e-01,5.999999999999999778e-01,2.933156550000000102e-03,4.910173585000000146e-03
7.300000000000000000e+01,5.000000000000000000e+02,2.999999999999999889e-01,5.999999999999999778e-01,3.015100931999999904e-03,5.047128815000000331e-03
7.500000000000000000e+01,5.000000000000000000e+02,2.999999999999999889e-01,5.999999999999999778e-01,3.097008636000000113e-03,5.184010755000000199e-03
7.700000000000000000e+01,5.000000000000000000e+02,2.999999999999999889e-01,5.999999999999999778e-01,3.178879708000000113e-03,5.320819501000000236e-03
7.900000000000000000e+01,5.000000000000000000e+02,2.999999999999999889e-01,5.999999999999999778e-01,3.260714191000000164e-03,5.457555145999999635e-03
8.100000000000000000e+01,5.000000000000000000e+02,2.999999999999999889e-01,5.999999999999999778e-01,3.342512130000000088e-03,5.594217785999999748e-03
8.300000000000000000e+01,5.000000000000000000e+02,2.999999999999999889e-01,5.999999999999999778e-01,3.424273571000000134e-03,5.730807513999999769e-03
8.500000000000000000e+01,5.000000000000000000e+02,2.999999999999999889e-01,5.999999999999999778e-01,3.505998557000000130e-03,5.867324424999999753e-03
8.700000000000000000e+01,5.000000000000000000e+02,2.999999999999999889e-01,5.999999999999999778e-01,3.587687132999999896e-03,6.003768613000000191e-03
8.900000000000000000e+01,5.000000000000000000e+02,2.999999999999999889e-01,5.999999999999999778e-01,3.669339343000000125e-03,6.140140171999999841e-03
9.100000000000000000e+01,5.000000000000000000e+02,2.999999999999999889e-01,5.999999999999999778e-01,3.750955231000000206e-03,6.276439194999999631e-03
9.300000000000000000e+01,5.000000000000000000e+02,2.999999999999999889e-01,5.999999999999999778e-01,3.832534840999999963e-03,6.412665776000000054e-03
9.500000000000000000e+01,5.000000000000000000e+02,2.999999999999999889e-01,5.999999999999999778e-01,3.914078217999999651e-03,6.548820008000000303e-03
9.700000000000000000e+01,5.000000000000000000e+02,2.999999999999999889e-01,5.999999999999999778e-01,3.995585406000000395e-03,6.684901985000000005e-03
9.900000000000000000e+01,5.000000000000000000e+02,2.999999999999999889e-01,5.999999999999999778e-01,4.077056447999999854e-03,6.820911800000000087e-03
1.000000000000000000e+01,5.000000000000000000e+02,2.999999999999999889e-01,5.999999999999999778e-01,4.159976209000000157e-04,6.973321378999999560e-04
3.000000000000000000e+01,5.000000000000000000e+02,2.999999999999999889e-01,5.999999999999999778e-01,1.245139178000000081e-03,2.086281902000000025e-03
5.000000000000000000e+01,5.000000000000000000e+02,2.999999999999999889e-01,5.999999999999999778e-01,2.070514808000000102e-03,3.467694821000000087e-03
7.000000000000000000e+01,5.000000000000000000e+02,2.999999999999999889e-01,5.999999999999999778e-01,2.892170591000000138e-03,4.841668456999999835e-03
9.000000000000000000e+01,5.000000000000000000e+02,2.999999999999999889e-01,5.999999999999999778e-01,3.710151823999999817e-03,6.208298745000000174e-03
1.100000000000000000e+02,5.000000000000000000e+02,2.999999999999999889e-01,5.999999999999999778e-01,4.524503031000000342e-03,7.567680020000000160e-03
1.300000000000000000e+02,5.000000000000000000e+02,2.999999999999999889e-01,5.999999999999999778e-01,5.335267979999999861e-03,8.919905038999999952e-03
1.500000000000000000e+02,5.000000000000000000e+02,2.999999999999999889e-01,5.999999999999999778e-01,6.142489695999999930e-03,1.026506500000000030e-02
1.700000000000000000e+02,5.000000000000000000e+02,2.999999999999999889e-01,5.999999999999999778e-01,6.946210474000000246e-03,1.160324958000000066e-02
1.900000000000000000e+02,5.000000000000000000e+02,2.999999999999999889e-01,5.999999999999999778e-01,7.746471894999999892e-03,1.293454693999999960e-02
2.100000000000000000e+02,5.000000000000000000e+02,2.999999999999999889e-01,5.999999999999999778e-01,8.543314838000000758e-03,1.425904373999999954e-02
2.300000000000000000e+02,5.000000000000000000e+02,2.999999999999999889e-01,5.999999999999999778e-01,9.336779491999999681e-03,1.557682519999999994e-02
2.500000000000000000e+02,5.000000000000000000e+02,2.999999999999999889e-01,5.999999999999999778e-01,1.012690536999999967e-02,1.688797507999999920e-02
2.700000000000000000e+02,5.000000000000000000e+02,2.999999999999999889e-01,5.999999999999999778e-01,1.091373131999999989e-02,1.819257574000000127e-02
2.900000000000000000e+02,5.000000000000000000e+02,2.999999999999999889e-01,5.999999999999999778e-01,1.169729553999999949e-02,1.949070811000000111e-02
3.100000000000000000e+02,5.000000000000000000e+02,2.999999999999999889e-01,5.999999999999999778e-01,1.247763558999999932e-02,2.078245177000000166e-02
3.300000000000000000e+02,5.000000000000000000e+02,2.999999999999999889e-01,5.999999999999999778e-01,1.325478840999999922e-02,2.206788493000000004e-02
3.500000000000000000e+02,5.000000000000000000e+02,2.999999999999999889e-01,5.999999999999999778e-01,1.402879029999999985e-02,2.334708446000000048e-02
3.700000000000000000e+02,5.000000000000000000e+02,2.999999999999999889e-01,5.999999999999999778e-01,1.479967696999999992e-02,2.462012593000000027e-02
3.900000000000000000e+02,5.000000000000000000e+02,2.999999999999999889e-01,5.999999999999999778e-01,1.556748355999999951e-02,2.588708359999999931e-02
4.100000000000000000e+02,5.000000000000000000e+02,2.999999999999999889e-01,5.999999999999999778e-01,1.633224457999999865e-02,2.714803047000000080e-02
4.300000000000000000e+02,5.000000000000000000e+02,2.999999999999999889e-01,5.999999999999999778e-01,1.709399401999999943e-02,2.840303825999999920e-02
4.500000000000000000e+02,5.000000000000000000e+02,2.999999999999999889e-01,5.999999999999999778e-01,1.785276526000000030e-02,2.965217747999999987e-02
4.700000000000000000e+02,5.000000000000000000e+02,2.999999999999999889e-01,5.999999999999999778e-01,1.860859117000000090e-02,3.089551741000000004e-02
4.900000000000000000e+02,5.000000000000000000e+02,2.999999999999999889e-01,5.999999999999999778e-01,1.936150404999999880e-02,3.213312613000000179e-02
5.100000000000000000e+02,5.000000000000000000e+02,2.999999999999999889e-01,5.999999999999999778e-01,2.011153569000000141e-02,3.336507056000000138e-02
5.300000000000000000e+02,5.000000000000000000e+02,2.999999999999999889e-01,5.999999999999999778e-01,2.085871735000000005e-02,3.459141644000000154e-02
5.500000000000000000e+02,5.000000000000000000e+02,2.999999999999999889e-01,5.999999999999999778e-01,2.160307977999999934e-02,3.581222837999999825e-02
5.700000000000000000e+02,5.000000000000000000e+02,2.999999999999999889e-01,5.999999999999999778e-01,2.234465323000000073e-02,3.702756984999999723e-02
5.900000000000000000e+02,5.000000000000000000e+02,2.999999999999999889e-01,5.999999999999999778e-01,2.308346745999999977e-02,3.823750324999999894e-02
6.100000000000000000e+02,5.000000000000000000e+02,2.999999999999999889e-01,5.999999999999999778e-01,2.381955174000000008e-02,3.944208986000000139e-02
6.300000000000000000e+02,5.000000000000000000e+02,2.999999999999999889e-01,5.999999999999999778e-01,2.455293486000000025e-02,4.064138988999999730e-02
6.500000000000000000e+02,5.000000000000000000e+02,2.999999999999999889e-01,5.999999999999999778e-01,2.528364517000000061e-02,4.183546252999999909e-02
6.700000000000000000e+02,5.000000000000000000e+02,2.999999999999999889e-01,5.999999999999999778e-01,2.601171052999999914e-02,4.302436588999999922e-02
6.900000000000000000e+02,5.000000000000000000e+02,2.999999999999999889e-01,5.999999999999999778e-01,2.673715836999999984e-02,4.420815711000000009e-02
7.100000000000000000e+02,5.000000000000000000e+02,2.999999999999999889e-01,5.999999999999999778e-01,2.746001568000000156e-02,4.538689228000000048e-02
7.300000000000000000e+02,5.000000000000000000e+02,2.999999999999999889e-01,5.999999999999999778e-01,2.818030900000000061e-02,4.656062653999999690e-02
7.500000000000000000e+02,5.000000000000000000e+02,2.999999999999999889e-01,5.999999999999999778e-01,2.889806447999999917e-02,4.772941405000000192e-02
7.700000000000000000e+02,5.000000000000000000e+02,2.999999999999999889e-01,5.999999999999999778e-01,2.961330780999999954e-02,4.889330800999999727e-02
7.900000000000000000e+02,5.000000000000000000e+02,2.999999999999999889e-01,5.999999999999999778e-01,3.032606430000000033e-02,5.005236068999999871e-02
8.100000000000000000e+02,5.000000000000000000e+02,2.999999999999999889e-01,5.999999999999999778e-01,3.103635884000000011e-02,5.120662344000000143e-02
8.300000000000000000e+02,5.000000000000000000e+02,2.999999999999999889e-01,5.999999999999999778e-01,3.174421594000000069e-02,5.235614669000000082e-02
8.500000000000000000e+02,5.000000000000000000e+02,2.999999999999999889e-01,5.999999999999999778e-01,3.244965972000000282e-02,5.350097999999999659e-02
8.700000000000000000e+02,5.000000000000000000e+02,2.999999999999999889e-01,5.999999999999999778e-01,3.315271389999999846e-02,5.464117203999999811e-02
8.900000000000000000e+02,5.000000000000000000e+02,2.999999999999999889e-01,5.999999999999999778e-01,3.385340184999999918e-02,5.577677062999999991e-02
9.100000000000000000e+02,5.000000000000000000e+02,2.999999999999999889e-01,5.999999999999999778e-01,3.455174656999999983e-02,5.690782272000000086e-02
9.300000000000000000e+02,5.000000000000000000e+02,2.999999999999999889e-01,5.999999999999999778e-01,3.524777067999999847e-02,5.803437445000000222e-02
9.500000000000000000e+02,5.000000000000000000e+02,2.999999999999999889e-01,5.999999999999999778e-01,3.594149645999999976e-02,5.915647113999999984e-02
9.700000000000000000e+02,5.000000000000000000e+02,2.999999999999999889e-01,5.999999999999999778e-01,3.663294585000000103e-02,6.027415730999999971e-02
9.900000000000000000e+02,5.000000000000000000e+02,2.999999999999999889e-01,5.999999999999999778e-01,3.732214041999999676e-02,6.138747666000000242e-02
1.000000000000000000e+02,5.000000000000000000e+02,2.999999999999999889e-01,5.999999999999999778e-01,4.117778427999999914e-03,6.888889674999999942e-03
3.000000000000000000e+02,5.000000000000000000e+02,2.999999999999999889e-01,5.999999999999999778e-01,1.208786627000000072e-02,2.013737360999999851e-02
5.000000000000000000e+02,5.000000000000000000e+02,2.999999999999999889e-01,5.999999999999999778e-01,1.973687806000000086e-02,3.274980225000000134e-02
7.000000000000000000e+02,5.000000000000000000e+02,2.999999999999999889e-01,5.999999999999999778e-01,2.709890917000000107e-02,4.479815322999999849e-02
9.000000000000000000e+02,5.000000000000000000e+02,2.999999999999999889e-01,5.999999999999999778e-01,3.420286569000000054e-02,5.634286208000000018e-02
1.100000000000000000e+03,5.000000000000000000e+02,2.999999999999999889e-01,5.999999999999999778e-01,4.107333928999999662e-02,6.743455772999999709e-02
1.300000000000000000e+03,5.000000000000000000e+02,2.999999999999999889e-01,5.999999999999999778e-01,4.773132623000000269e-02,7.811558820000000236e-02
1.500000000000000000e+03,5.000000000000000000e+02,2.999999999999999889e-01,5.999999999999999778e-01,5.419481847999999685e-02,8.842135342000000120e-02
1.700000000000000000e+03,5.000000000000000000e+02,2.999999999999999889e-01,5.999999999999999778e-01,6.047929048000000307e-02,9.838146209999999725e-02
1.900000000000000000e+03,5.000000000000000000e+02,2.999999999999999889e-01,5.999999999999999778e-01,6.659810088999999766e-02,1.080207293000000068e-01
2.100000000000000000e+03,5.000000000000000000e+02,2.999999999999999889e-01,5.999999999999999778e-01,7.256282527000000593e-02,1.173600307000000065e-01
2.300000000000000000e+03,5.000000000000000000e+02,2.999999999999999889e-01,5.999999999999999778e-01,7.838353251000000632e-02,1.264170279000000063e-01
2.500000000000000000e+03,5.000000000000000000e+02,2.999999999999999889e-01,5.999999999999999778e-01,8.406901553999999999e-02,1.352067808999999898e-01
2.700000000000000000e+03,5.000000000000000000e+02,2.999999999999999889e-01,5.999999999999999778e-01,8.962698448000000484e-02,1.437422583999999892e-01
2.900000000000000000e+03,5.000000000000000000e+02,2.999999999999999889e-01,5.999999999999999778e-01,9.506422900000000009e-02,1.520347616000000124e-01
3.100000000000000000e+03,5.000000000000000000e+02,2.999999999999999889e-01,5.999999999999999778e-01,1.003867551999999969e-01,1.600942703000000078e-01
3.300000000000000000e+03,5.000000000000000000e+02,2.999999999999999889e-01,5.999999999999999778e-01,1.055999016000000040e-01,1.679297240000000024e-01
3.500000000000000000e+03,5.000000000000000000e+02,2.999999999999999889e-01,5.999999999999999778e-01,1.107084366999999958e-01,1.755492466999999945e-01
3.700000000000000000e+03,5.000000000000000000e+02,2.999999999999999889e-01,5.999999999999999778e-01,1.157166428000000052e-01,1.829603247999999904e-01
3.900000000000000000e+03,5.000000000000000000e+02,2.999999999999999889e-01,5.999999999999999778e-01,1.206283862000000068e-01,1.901699457999999898e-01
4.100000000000000000e+03,5.000000000000000000e+02,2.999999999999999889e-01,5.999999999999999778e-01,1.254471773999999984e-01,1.971847046000000103e-01
4.300000000000000000e+03,5.000000000000000000e+02,2.999999999999999889e-01,5.999999999999999778e-01,1.301762218999999998e-01,2.040108837000000064e-01
4.500000000000000000e+03,5.000000000000000000e+02,2.999999999999999889e-01,5.999999999999999778e-01,1.348184637000000019e-01,2.106545125000000018e-01
4.700000000000000000e+03,5.000000000000000000e+02,2.999999999999999889e-01,5.999999999999999778e-01,1.393766214999999919e-01,2.171214100999999952e-01
4.900000000000000000e+03,5.000000000000000000e+02,2.999999999999999889e-01,5.999999999999999778e-01,1.438532201000000121e-01,2.234172154000000077e-01
5.100000000000000000e+03,5.000000000000000000e+02,2.999999999999999889e-01,5.999999999999999778e-01,1.482506165999999959e-01,2.295474070000000089e-01
5.300000000000000000e+03,5.000000000000000000e+02,2.999999999999999889e-01,5.999999999999999778e-01,1.525710222999999977e-01,2.355173167000000067e-01
5.500000000000000000e+03,5.000000000000000000e+02,2.999999999999999889e-01,5.999999999999999778e-01,1.568165216999999889e-01,2.413321367000000051e-01
5.700000000000000000e+03,5.000000000000000000e+02,2.999999999999999889e-01,5.999999999999999778e-01,1.609890878000000136e-01,2.469969241999999954e-01
5.900000000000000000e+03,5.000000000000000000e+02,2.999999999999999889e-01,5.999999999999999778e-01,1.650905958999999978e-01,2.525166027999999896e-01
6.100000000000000000e+03,5.000000000000000000e+02,2.999999999999999889e-01,5.999999999999999778e-01,1.691228344000000050e-01,2.578959626999999810e-01
6.300000000000000000e+03,5.000000000000000000e+02,2.999999999999999889e-01,5.999999999999999778e-01,1.730875139999999979e-01,2.631396603000000223e-01
6.500000000000000000e+03,5.000000000000000000e+02,2.999999999999999889e-01,5.999999999999999778e-01,1.769862761000000062e-01,2.682522170000000150e-01
6.700000000000000000e+03,5.000000000000000000e+02,2.999999999999999889e-01,5.999999999999999778e-01,1.808206990000000014e-01,2.732380185000000128e-01
6.900000000000000000e+03,5.000000000000000000e+02,2.999999999999999889e-01,5.999999999999999778e-01,1.845923034999999990e-01,2.781013139999999884e-01
7.100000000000000000e+03,5.000000000000000000e+02,2.999999999999999889e-01,5.999999999999999778e-01,1.883025580000000088e-01,2.828462160999999919e-01
7.300000000000000000e+03,5.000000000000000000e+02,2.999999999999999889e-01,5.999999999999999778e-01,1.919528819000000108e-01,2.874767013000000260e-01
7.500000000000000000e+03,5.000000000000000000e+02,2.999999999999999889e-01,5.999999999999999778e-01,1.955446496000000089e-01,2.919966104000000229e-01
7.700000000000000000e+03,5.000000000000000000e+02,2.999999999999999889e-01,5.999999999999999778e-01,1.990791929999999876e-01,2.964096500999999773e-01
7.900000000000000000e+03,5.000000000000000000e+02,2.999999999999999889e-01,5.999999999999999778e-01,2.025578041999999968e-01,3.007193948999999922e-01
8.100000000000000000e+03,5.000000000000000000e+02,2.999999999999999889e-01,5.999999999999999778e-01,2.059817375000000117e-01,3.049292891000000005e-01
8.300000000000000000e+03,5.000000000000000000e+02,2.999999999999999889e-01,5.999999999999999778e-01,2.093522113999999879e-01,3.090426495999999967e-01
8.500000000000000000e+03,5.000000000000000000e+02,2.999999999999999889e-01,5.999999999999999778e-01,2.126704103000000012e-01,3.130626689000000074e-01
8.700000000000000000e+03,5.000000000000000000e+02,2.999999999999999889e-01,5.999999999999999778e-01,2.159374856000000065e-01,3.169924181000000063e-01
8.900000000000000000e+03,5.000000000000000000e+02,2.999999999999999889e-01,5.999999999999999778e-01,2.191545575999999940e-01,3.208348504999999906e-01
9.100000000000000000e+03,5.000000000000000000e+02,2.999999999999999889e-01,5.999999999999999778e-01,2.223227161999999923e-01,3.245928053000000091e-01
9.300000000000000000e+03,5.000000000000000000e+02,2.999999999999999889e-01,5.999999999999999778e-01,2.254430222999999900e-01,3.282690112000000160e-01
9.500000000000000000e+03,5.000000000000000000e+02,2.999999999999999889e-01,5.999999999999999778e-01,2.285165083000000041e-01,3.318660901000000107e-01
9.700000000000000000e+03,5.000000000000000000e+02,2.999999999999999889e-01,5.999999999999999778e-01,2.315441796000000108e-01,3.353865612999999968e-01
9.900000000000000000e+03,5.000000000000000000e+02,2.999999999999999889e-01,5.999999999999999778e-01,2.345270151999999941e-01,3.388328448999999853e-01
1.000000000000000000e+03,5.000000000000000000e+02,2.999999999999999889e-01,5.999999999999999778e-01,3.766589881000000084e-02,6.194251223999999723e-02
3.000000000000000000e+03,5.000000000000000000e+02,2.999999999999999889e-01,5.999999999999999778e-01,9.773948383000000129e-02,1.560930600999999862e-01
5.000000000000000000e+03,5.000000000000000000e+02,2.999999999999999889e-01,5.999999999999999778e-01,1.460616771999999897e-01,2.265026763999999915e-01
7.000000000000000000e+03,5.000000000000000000e+02,2.999999999999999889e-01,5.999999999999999778e-01,1.864550097000000073e-01,2.804883125000000033e-01
9.000000000000000000e+03,5.000000000000000000e+02,2.999999999999999889e-01,5.999999999999999778e-01,2.207446841000000048e-01,3.227242144999999951e-01
1.100000000000000000e+04,5.000000000000000000e+02,2.999999999999999889e-01,5.999999999999999778e-01,2.501725523000000173e-01,3.565607262000000111e-01
1.300000000000000000e+04,5.000000000000000000e+02,2.999999999999999889e-01,5.999999999999999778e-01,2.756765161999999991e-01,3.842760151999999874e-01
1.500000000000000000e+04,5.000000000000000000e+02,2.999999999999999889e-01,5.999999999999999778e-01,2.979791411000000112e-01,4.074087452999999859e-01
1.700000000000000000e+04,5.000000000000000000e+02,2.999999999999999889e-01,5.999999999999999778e-01,3.176416154999999741e-01,4.270206970000000046e-01
1.900000000000000000e+04,5.000000000000000000e+02,2.999999999999999889e-01,5.999999999999999778e-01,3.351038256000000159e-01,4.438660899999999909e-01
2.100000000000000000e+04,5.000000000000000000e+02,2.999999999999999889e-01,5.999999999999999778e-01,3.507142522000000207e-01,4.584958391999999772e-01
2.300000000000000000e+04,5.000000000000000000e+02,2.999999999999999889e-01,5.999999999999999778e-01,3.647520101000000237e-01,4.713223518999999917e-01
2.500000000000000000e+04,5.000000000000000000e+02,2.999999999999999889e-01,5.999999999999999778e-01,3.774430541000000083e-01,4.826609125999999916e-01
2.700000000000000000e+04,5.000000000000000000e+02,2.999999999999999889e-01,5.999999999999999778e-01,3.889721519000000072e-01,4.927569384000000108e-01
2.900000000000000000e+04,5.000000000000000000e+02,2.999999999999999889e-01,5.999999999999999778e-01,3.994918096000000252e-01,5.018044592999999498e-01
3.100000000000000000e+04,5.000000000000000000e+02,2.999999999999999889e-01,5.999999999999999778e-01,4.091289940999999764e-01,5.099589776999999824e-01
3.300000000000000000e+04,5.000000000000000000e+02,2.999999999999999889e-01,5.999999999999999778e-01,4.179902522999999759e-01,5.173466222000000503e-01
3.500000000000000000e+04,5.000000000000000000e+02,2.999999999999999889e-01,5.999999999999999778e-01,4.261656511999999952e-01,5.240707951999999947e-01
3.700000000000000000e+04,5.000000000000000000e+02,2.999999999999999889e-01,5.999999999999999778e-01,4.337318427999999892e-01,5.302170846000000548e-01
3.900000000000000000e+04,5.000000000000000000e+02,2.999999999999999889e-01,5.999999999999999778e-01,4.407544695000000234e-01,5.358569493999999489e-01
4.100000000000000000e+04,5.000000000000000000e+02,2.999999999999999889e-01,5.999999999999999778e-01,4.472900718999999747e-01,5.410505246000000268e-01
4.300000000000000000e+04,5.000000000000000000e+02,2.999999999999999889e-01,5.999999999999999778e-01,4.533876126999999978e-01,5.458487810000000051e-01
4.500000000000000000e+04,5.000000000000000000e+02,2.999999999999999889e-01,5.999999999999999778e-01,4.590897046999999898e-01,5.502952091999999684e-01
4.700000000000000000e+04,5.000000000000000000e+02,2.999999999999999889e-01,5.999999999999999778e-01,4.644336076000000202e-01,5.544271437000000136e-01
4.900000000000000000e+04,5.000000000000000000e+02,2.999999999999999889e-01,5.999999999999999778e-01,4.694520434000000186e-01,5.582768155999999760e-01
5.100000000000000000e+04,5.000000000000000000e+02,2.999999999999999889e-01,5.999999999999999778e-01,4.741738657999999829e-01,5.618721965999999846e-01
5.300000000000000000e+04,5.000000000000000000e+02,2.999999999999999889e-01,5.999999999999999778e-01,4.786246163000000275e-01,5.652376796000000425e-01
5.500000000000000000e+04,5.000000000000000000e+02,2.999999999999999889e-01,5.999999999999999778e-01,4.828269855999999804e-01,5.683946342000000262e-01
5.700000000000000000e+04,5.000000000000000000e+02,2.999999999999999889e-01,5.999999999999999778e-01,4.868012005999999836e-01,5.713618607999999544e-01
5.900000000000000000e+04,5.000000000000000000e+02,2.999999999999999889e-01,5.999999999999999778e-01,4.905653502000000277e-01,5.741559654000000235e-01
6.100000000000000000e+04,5.000000000000000000e+02,2.999999999999999889e-01,5.999999999999999778e-01,4.941356604000000097e-01,5.767916710999999585e-01
6.300000000000000000e+04,5.000000000000000000e+02,2.999999999999999889e-01,5.999999999999999778e-01,4.975267277000000044e-01,5.792820771000000146e-01
6.500000000000000000e+04,5.000000000000000000e+02,2.999999999999999889e-01,5.999999999999999778e-01,5.007517194999999699e-01,5.816388772999999679e-01
6.700000000000000000e+04,5.000000000000000000e+02,2.999999999999999889e-01,5.999999999999999778e-01,5.038225438000000223e-01,5.838725432000000382e-01
6.900000000000000000e+04,5.000000000000000000e+02,2.999999999999999889e-01,5.999999999999999778e-01,5.067499970000000076e-01,5.859924799000000295e-01
7.100000000000000000e+04,5.000000000000000000e+02,2.999999999999999889e-01,5.999999999999999778e-01,5.095438905000000407e-01,5.880071583999999518e-01
7.300000000000000000e+04,5.000000000000000000e+02,2.999999999999999889e-01,5.999999999999999778e-01,5.122131601999999617e-01,5.899242289999999667e-01
7.500000000000000000e+04,5.000000000000000000e+02,2.999999999999999889e-01,5.999999999999999778e-01,5.147659624000000544e-01,5.917506177000000367e-01
7.700000000000000000e+04,5.000000000000000000e+02,2.999999999999999889e-01,5.999999999999999778e-01,5.172097567000000229e-01,5.934926108000000422e-01
7.900000000000000000e+04,5.000000000000000000e+02,2.999999999999999889e-01,5.999999999999999778e-01,5.195513792000000519e-01,5.951559264000000349e-01
8.100000000000000000e+04,5.000000000000000000e+02,2.999999999999999889e-01,5.999999999999999778e-01,5.217971058999999467e-01,5.967457776000000269e-01
8.300000000000000000e+04,5.000000000000000000e+02,2.999999999999999889e-01,5.999999999999999778e-01,5.239527093000000413e-01,5.982669268000000429e-01
8.500000000000000000e+04,5.000000000000000000e+02,2.999999999999999889e-01,5.999999999999999778e-01,5.260235075000000426e-01,5.997237333999999587e-01
8.700000000000000000e+04,5.000000000000000000e+02,2.999999999999999889e-01,5.999999999999999778e-01,5.280144084000000237e-01,6.011201956999999707e-01
8.900000000000000000e+04,5.000000000000000000e+02,2.999999999999999889e-01,5.999999999999999778e-01,5.299299482999999533e-01,6.024599873999999522e-01
9.100000000000000000e+04,5.000000000000000000e+02,2.999999999999999889e-01,5.999999999999999778e-01,5.317743265000000052e-01,6.037464900000000245e-01
9.300000000000000000e+04,5.000000000000000000e+02,2.999999999999999889e-01,5.999999999999999778e-01,5.335514359999999900e-01,6.049828211000000122e-01
9.500000000000000000e+04,5.000000000000000000e+02,2.999999999999999889e-01,5.999999999999999778e-01,5.352648907999999484e-01,6.061718598999999985e-01
9.700000000000000000e+04,5.000000000000000000e+02,2.999999999999999889e-01,5.999999999999999778e-01,5.369180507999999907e-01,6.073162693000000445e-01
9.900000000000000000e+04,5.000000000000000000e+02,2.999999999999999889e-01,5.999999999999999778e-01,5.385140432999999671e-01,6.084185158999999565e-01
1.000000000000000000e+04,5.000000000000000000e+02,2.999999999999999889e-01,5.999999999999999778e-01,2.360019184999999908e-01,3.405288964000000029e-01
3.000000000000000000e+04,5.000000000000000000e+02,2.999999999999999889e-01,5.999999999999999778e-01,4.044136242999999964e-01,5.059848603000000056e-01
5.000000000000000000e+04,5.000000000000000000e+02,2.999999999999999889e-01,5.999999999999999778e-01,4.718483631000000011e-01,5.601046911000000517e-01
7.000000000000000000e+04,5.000000000000000000e+02,2.999999999999999889e-01,5.999999999999999778e-01,5.081630608999999632e-01,5.870124802999999725e-01
9.000000000000000000e+04,5.000000000000000000e+02,2.999999999999999889e-01,5.999999999999999778e-01,5.308607825000000169e-01,6.031096991000000074e-01
1.100000000000000000e+05,5.000000000000000000e+02,2.999999999999999889e-01,5.999999999999999778e-01,5.463911355999999664e-01,6.138217704999999746e-01
1.300000000000000000e+05,5.000000000000000000e+02,2.999999999999999889e-01,5.999999999999999778e-01,5.576860251999999907e-01,6.214639482999999576e-01
1.500000000000000000e+05,5.000000000000000000e+02,2.999999999999999889e-01,5.999999999999999778e-01,5.662701319999999816e-01,6.271906293000000243e-01
1.700000000000000000e+05,5.000000000000000000e+02,2.999999999999999889e-01,5.999999999999999778e-01,5.730147385999999621e-01,6.316418756999999662e-01
1.900000000000000000e+05,5.000000000000000000e+02,2.999999999999999889e-01,5.999999999999999778e-01,5.784538731999999683e-01,6.352011559000000362e-01
2.100000000000000000e+05,5.000000000000000000e+02,2.999999999999999889e-01,5.999999999999999778e-01,5.829330915999999529e-01,6.381122144999999968e-01
2.300000000000000000e+05,5.000000000000000000e+02,2.999999999999999889e-01,5.999999999999999778e-01,5.866858816000000143e-01,6.405373981999999966e-01
2.500000000000000000e+05,5.000000000000000000e+02,2.999999999999999889e-01,5.999999999999999778e-01,5.898756870000000374e-01,6.425890162999999822e-01
2.700000000000000000e+05,5.000000000000000000e+02,2.999999999999999889e-01,5.999999999999999778e-01,5.926203406000000173e-01,6.443472395999999547e-01
2.900000000000000000e+05,5.000000000000000000e+02,2.999999999999999889e-01,5.999999999999999778e-01,5.950069369999999580e-01,6.458708286000000021e-01
3.100000000000000000e+05,5.000000000000000000e+02,2.999999999999999889e-01,5.999999999999999778e-01,5.971012420000000320e-01,6.472038341000000417e-01
3.300000000000000000e+05,5.000000000000000000e+02,2.999999999999999889e-01,5.999999999999999778e-01,5.989538450000000402e-01,6.483799284000000274e-01
3.500000000000000000e+05,5.000000000000000000e+02,2.999999999999999889e-01,5.999999999999999778e-01,6.006042976000000033e-01,6.494252925000000287e-01
3.700000000000000000e+05,5.000000000000000000e+02,2.999999999999999889e-01,5.999999999999999778e-01,6.020839686000000190e-01,6.503605892999999583e-01
3.900000000000000000e+05,5.000000000000000000e+02,2.999999999999999889e-01,5.999999999999999778e-01,6.034180559999999804e-01,6.512023446000000382e-01
4.100000000000000000e+05,5.000000000000000000e+02,2.999999999999999889e-01,5.999999999999999778e-01,6.046270331999999970e-01,6.519639334000000286e-01
4.300000000000000000e+05,5.000000000000000000e+02,2.999999999999999889e-01,5.999999999999999778e-01,6.057277063999999545e-01,6.526562966000000188e-01
4.500000000000000000e+05,5.000000000000000000e+02,2.999999999999999889e-01,5.999999999999999778e-01,6.067340011999999838e-01,6.532884705999999486e-01
4.700000000000000000e+05,5.000000000000000000e+02,2.999999999999999889e-01,5.999999999999999778e-01,6.076575537999999721e-01,6.538679843000000380e-01
4.900000000000000000e+05,5.000000000000000000e+02,2.999999999999999889e-01,5.999999999999999778e-01,6.085081629999999908e-01,6.544011613000000338e-01
5.100000000000000000e+05,5.000000000000000000e+02,2.999999999999999889e-01,5.999999999999999778e-01,6.092941394999999982e-01,6.548933514000000455e-01
5.300000000000000000e+05,5.000000000000000000e+02,2.999999999999999889e-01,5.999999999999999778e-01,6.100225774999999961e-01,6.553491111000000480e-01
5.500000000000000000e+05,5.000000000000000000e+02,2.999999999999999889e-01,5.999999999999999778e-01,6.106995696000000473e-01,6.557723458999999977e-01
5.700000000000000000e+05,5.000000000000000000e+02,2.999999999999999889e-01,5.999999999999999778e-01,6.113303780000000076e-01,6.561664219999999714e-01
5.900000000000000000e+05,5.000000000000000000e+02,2.999999999999999889e-01,5.999999999999999778e-01,6.119195704000000013e-01,6.565342563999999603e-01
6.100000000000000000e+05,5.000000000000000000e+02,2.999999999999999889e-01,5.999999999999999778e-01,6.124711318000000126e-01,6.568783898000000177e-01
6.300000000000000000e+05,5.000000000000000000e+02,2.999999999999999889e-01,5.999999999999999778e-01,6.129885540999999716e-01,6.572010448999999754e-01
6.500000000000000000e+05,5.000000000000000000e+02,2.999999999999999889e-01,5.999999999999999778e-01,6.134749099999999844e-01,6.575041749000000157e-01
6.700000000000000000e+05,5.000000000000000000e+02,2.999999999999999889e-01,5.999999999999999778e-01,6.139329143999999738e-01,6.577895030000000531e-01
6.900000000000000000e+05,5.000000000000000000e+02,2.999999999999999889e-01,5.999999999999999778e-01,6.143649746999999550e-01,6.580585556000000391e-01
7.100000000000000000e+05,5.000000000000000000e+02,2.999999999999999889e-01,5.999999999999999778e-01,6.147732335000000159e-01,6.583126890999999592e-01
7.300000000000000000e+05,5.000000000000000000e+02,2.999999999999999889e-01,5.999999999999999778e-01,6.151596033999999769e-01,6.585531135000000091e-01
7.500000000000000000e+05,5.000000000000000000e+02,2.999999999999999889e-01,5.999999999999999778e-01,6.155257978999999491e-01,6.587809111000000328e-01
7.700000000000000000e+05,5.000000000000000000e+02,2.999999999999999889e-01,5.999999999999999778e-01,6.158733559000000302e-01,6.589970535000000407e-01
7.900000000000000000e+05,5.000000000000000000e+02,2.999999999999999889e-01,5.999999999999999778e-01,6.162036637000000150e-01,6.592024146999999612e-01
8.100000000000000000e+05,5.000000000000000000e+02,2.999999999999999889e-01,5.999999999999999778e-01,6.165179737000000548e-01,6.593977837000000175e-01
8.300000000000000000e+05,5.000000000000000000e+02,2.999999999999999889e-01,5.999999999999999778e-01,6.168174197000000358e-01,6.595838741999999755e-01
8.500000000000000000e+05,5.000000000000000000e+02,2.999999999999999889e-01,5.999999999999999778e-01,6.171030307999999520e-01,6.597613335999999995e-01
8.700000000000000000e+05,5.000000000000000000e+02,2.999999999999999889e-01,5.999999999999999778e-01,6.173757436000000265e-01,6.599307502000000270e-01
8.900000000000000000e+05,5.000000000000000000e+02,2.999999999999999889e-01,5.999999999999999778e-01,6.176364115000000377e-01,6.600926603000000226e-01
9.100000000000000000e+05,5.000000000000000000e+02,2.999999999999999889e-01,5.999999999999999778e-01,6.178858148000000439e-01,6.602475531999999481e-01
9.300000000000000000e+05,5.000000000000000000e+02,2.999999999999999889e-01,5.999999999999999778e-01,6.181246674999999469e-01,6.603958769000000117e-01
9.500000000000000000e+05,5.000000000000000000e+02,2.999999999999999889e-01,5.999999999999999778e-01,6.183536244999999765e-01,6.605380418999999836e-01
9.700000000000000000e+05,5.000000000000000000e+02,2.999999999999999889e-01,5.999999999999999778e-01,6.185732876999999741e-01,6.606744250999999624e-01
9.900000000000000000e+05,5.000000000000000000e+02,2.999999999999999889e-01,5.999999999999999778e-01,6.187842113000000532e-01,6.608053732999999985e-01
1.000000000000000000e+05,5.000000000000000000e+02,2.999999999999999889e-01,5.999999999999999778e-01,5.392915204999999546e-01,6.089545497999999668e-01
3.000000000000000000e+05,5.000000000000000000e+02,2.999999999999999889e-01,5.999999999999999778e-01,5.960871645999999968e-01,6.465588458000000038e-01
5.000000000000000000e+05,5.000000000000000000e+02,2.999999999999999889e-01,5.999999999999999778e-01,6.089087612000000371e-01,6.546520781000000344e-01
7.000000000000000000e+05,5.000000000000000000e+02,2.999999999999999889e-01,5.999999999999999778e-01,6.145719547000000338e-01,6.581874084000000069e-01
9.000000000000000000e+05,5.000000000000000000e+02,2.999999999999999889e-01,5.999999999999999778e-01,6.177624752000000496e-01,6.601709550000000037e-01
1.100000000000000000e+06,5.000000000000000000e+02,2.999999999999999889e-01,5.999999999999999778e-01,6.198090582999999931e-01,6.614415634000000432e-01
1.300000000000000000e+06,5.000000000000000000e+02,2.999999999999999889e-01,5.999999999999999778e-01,6.212330767000000531e-01,6.623257056000000365e-01
1.500000000000000000e+06,5.000000000000000000e+02,2.999999999999999889e-01,5.999999999999999778e-01,6.222808760000000383e-01,6.629768740999999466e-01
1.700000000000000000e+06,5.000000000000000000e+02,2.999999999999999889e-01,5.999999999999999778e-01,6.230839902000000485e-01,6.634767549000000209e-01
1.900000000000000000e+06,5.000000000000000000e+02,2.999999999999999889e-01,5.999999999999999778e-01,6.237190457000000299e-01,6.638728251000000080e-01
2.100000000000000000e+06,5.000000000000000000e+02,2.999999999999999889e-01,5.999999999999999778e-01,6.242337033000000535e-01,6.641945661000000500e-01
2.300000000000000000e+06,5.000000000000000000e+02,2.999999999999999889e-01,5.999999999999999778e-01,6.246591625999999842e-01,6.644612530000000294e-01
2.500000000000000000e+06,5.000000000000000000e+02,2.999999999999999889e-01,5.999999999999999778e-01,6.250167034000000399e-01,6.646860209999999602e-01
2.700000000000000000e+06,5.000000000000000000e+02,2.999999999999999889e-01,5.999999999999999778e-01,6.253213372000000492e-01,6.648781299999999561e-01
2.900000000000000000e+06,5.000000000000000000e+02,2.999999999999999889e-01,5.999999999999999778e-01,6.255839571000000321e-01,6.650442962999999486e-01
3.100000000000000000e+06,5.000000000000000000e+02,2.999999999999999889e-01,5.999999999999999778e-01,6.258126591999999544e-01,6.651895101999999449e-01
3.300000000000000000e+06,5.000000000000000000e+02,2.999999999999999889e-01,5.999999999999999778e-01,6.260135859000000025e-01,6.653175570999999566e-01
3.500000000000000000e+06,5.000000000000000000e+02,2.999999999999999889e-01,5.999999999999999778e-01,6.261914818999999577e-01,6.654313604999999576e-01
3.700000000000000000e+06,5.000000000000000000e+02,2.999999999999999889e-01,5.999999999999999778e-01,6.263500698999999727e-01,6.655332147000000420e-01
3.900000000000000000e+06,5.000000000000000000e+02,2.999999999999999889e-01,5.999999999999999778e-01,6.264923119999999956e-01,6.656249450000000234e-01
4.100000000000000000e+06,5.000000000000000000e+02,2.999999999999999889e-01,5.999999999999999778e-01,6.266205944999999611e-01,6.657080221000000186e-01
4.300000000000000000e+06,5.000000000000000000e+02,2.999999999999999889e-01,5.999999999999999778e-01,6.267368608000000174e-01,6.657836442000000243e-01
4.500000000000000000e+06,5.000000000000000000e+02,2.999999999999999889e-01,5.999999999999999778e-01,6.268427101000000334e-01,6.658527974000000293e-01
4.700000000000000000e+06,5.000000000000000000e+02,2.999999999999999889e-01,5.999999999999999778e-01,6.269394702999999680e-01,6.659163006999999634e-01
4.900000000000000000e+06,5.000000000000000000e+02,2.999999999999999889e-01,5.999999999999999778e-01,6.270282527999999633e-01,6.659748398000000513e-01
5.100000000000000000e+06,5.000000000000000000e+02,2.999999999999999889e-01,5.999999999999999778e-01,6.271099951999999922e-01,6.660289936000000077e-01
5.300000000000000000e+06,5.000000000000000000e+02,2.999999999999999889e-01,5.999999999999999778e-01,6.271854940000000100e-01,6.660792537999999929e-01
5.500000000000000000e+06,5.000000000000000000e+02,2.999999999999999889e-01,5.999999999999999778e-01,6.272554299000000499e-01,6.661260409000000493e-01
5.700000000000000000e+06,5.000000000000000000e+02,2.999999999999999889e-01,5.999999999999999778e-01,6.273203884000000397e-01,6.661697169000000418e-01
5.900000000000000000e+06,5.000000000000000000e+02,2.999999999999999889e-01,5.999999999999999778e-01,6.273808757000000069e-01,6.662105945999999834e-01
6.100000000000000000e+06,5.000000000000000000e+02,2.999999999999999889e-01,5.999999999999999778e-01,6.274373316000000367e-01,6.662489462999999779e-01
6.300000000000000000e+06,5.000000000000000000e+02,2.999999999999999889e-01,5.999999999999999778e-01,6.274901403999999516e-01,6.662850098000000498e-01
6.500000000000000000e+06,5.000000000000000000e+02,2.999999999999999889e-01,5.999999999999999778e-01,6.275396389999999824e-01,6.663189937000000285e-01
6.700000000000000000e+06,5.000000000000000000e+02,2.999999999999999889e-01,5.999999999999999778e-01,6.275861241000000312e-01,6.663510819000000307e-01
6.900000000000000000e+06,5.000000000000000000e+02,2.999999999999999889e-01,5.999999999999999778e-01,6.276298581999999460e-01,6.663814370999999737e-01
7.100000000000000000e+06,5.000000000000000000e+02,2.999999999999999889e-01,5.999999999999999778e-01,6.276710738999999872e-01,6.664102038000000450e-01
7.300000000000000000e+06,5.000000000000000000e+02,2.999999999999999889e-01,5.999999999999999778e-01,6.277099787000000042e-01,6.664375107000000131e-01
7.500000000000000000e+06,5.000000000000000000e+02,2.999999999999999889e-01,5.999999999999999778e-01,6.277467579000000075e-01,6.664634729999999729e-01
7.700000000000000000e+06,5.000000000000000000e+02,2.999999999999999889e-01,5.999999999999999778e-01,6.277815773999999571e-01,6.664881937000000089e-01
7.900000000000000000e+06,5.000000000000000000e+02,2.999999999999999889e-01,5.999999999999999778e-01,6.278145863999999854e-01,6.665117657000000362e-01
8.100000000000000000e+06,5.000000000000000000e+02,2.999999999999999889e-01,5.999999999999999778e-01,6.278459195000000159e-01,6.665342727999999939e-01
8.300000000000000000e+06,5.000000000000000000e+02,2.999999999999999889e-01,5.999999999999999778e-01,6.278756980999999904e-01,6.665557907000000393e-01
8.500000000000000000e+06,5.000000000000000000e+02,2.999999999999999889e-01,5.999999999999999778e-01,6.279040323000000257e-01,6.665763878999999559e-01
8.700000000000000000e+06,5.000000000000000000e+02,2.999999999999999889e-01,5.999999999999999778e-01,6.279310220999999581e-01,6.665961268000000217e-01
8.900000000000000000e+06,5.000000000000000000e+02,2.999999999999999889e-01,5.999999999999999778e-01,6.279567583999999814e-01,6.666150642999999487e-01
9.100000000000000000e+06,5.000000000000000000e+02,2.999999999999999889e-01,5.999999999999999778e-01,6.279813241999999684e-01,6.666332522000000260e-01
9.300000000000000000e+06,5.000000000000000000e+02,2.999999999999999889e-01,5.999999999999999778e-01,6.280047952999999739e-01,6.666507377999999484e-01
9.500000000000000000e+06,5.000000000000000000e+02,2.999999999999999889e-01,5.999999999999999778e-01,6.280272412999999831e-01,6.666675646999999927e-01
9.700000000000000000e+06,5.000000000000000000e+02,2.999999999999999889e-01,5.999999999999999778e-01,6.280487257000000323e-01,6.666837728000000185e-01
9.900000000000000000e+06,5.000000000000000000e+02,2.999999999999999889e-01,5.999999999999999778e-01,6.280693071999999821e-01,6.666993986999999455e-01
1.000000000000000000e+06,5.000000000000000000e+02,2.999999999999999889e-01,5.999999999999999778e-01,6.188865569000000511e-01,6.608689102000000481e-01
3.000000000000000000e+06,5.000000000000000000e+02,2.999999999999999889e-01,5.999999999999999778e-01,6.257021257999999531e-01,6.651192621999999499e-01
5.000000000000000000e+06,5.000000000000000000e+02,2.999999999999999889e-01,5.999999999999999778e-01,6.270699512999999836e-01,6.660024323000000024e-01
7.000000000000000000e+06,5.000000000000000000e+02,2.999999999999999889e-01,5.999999999999999778e-01,6.276507673000000231e-01,6.663960105999999772e-01
9.000000000000000000e+06,5.000000000000000000e+02,2.999999999999999889e-01,5.999999999999999778e-01,6.279691827000000171e-01,6.666242489000000493e-01
1.100000000000000000e+07,5.000000000000000000e+02,2.999999999999999889e-01,5.999999999999999778e-01,6.281685772999999751e-01,6.667763247000000337e-01
1.300000000000000000e+07,5.000000000000000000e+02,2.999999999999999889e-01,5.999999999999999778e-01,6.283040938999999714e-01,6.668868078999999893e-01
1.500000000000000000e+07,5.000000000000000000e+02,2.999999999999999889e-01,5.999999999999999778e-01,6.284014388999999978e-01,6.669719608999999938e-01
1.700000000000000000e+07,5.000000000000000000e+02,2.999999999999999889e-01,5.999999999999999778e-01,6.284741995999999498e-01,6.670404647000000020e-01
1.900000000000000000e+07,5.000000000000000000e+02,2.999999999999999889e-01,5.999999999999999778e-01,6.285302261999999862e-01,6.670973888000000240e-01
2.100000000000000000e+07,5.000000000000000000e+02,2.999999999999999889e-01,5.999999999999999778e-01,6.285743668000000062e-01,6.671458998000000529e-01
2.300000000000000000e+07,5.000000000000000000e+02,2.999999999999999889e-01,5.999999999999999778e-01,6.286097749000000290e-01,6.671880823000000404e-01
2.500000000000000000e+07,5.000000000000000000e+02,2.999999999999999889e-01,5.999999999999999778e-01,6.286385889000000171e-01,6.672253675999999523e-01
2.700000000000000000e+07,5.000000000000000000e+02,2.999999999999999889e-01,5.999999999999999778e-01,6.286623088999999664e-01,6.672587728000000107e-01
2.900000000000000000e+07,5.000000000000000000e+02,2.999999999999999889e-01,5.999999999999999778e-01,6.286820174999999677e-01,6.672890422999999682e-01
3.100000000000000000e+07,5.000000000000000000e+02,2.999999999999999889e-01,5.999999999999999778e-01,6.286985152999999826e-01,6.673167339000000142e-01
3.300000000000000000e+07,5.000000000000000000e+02,2.999999999999999889e-01,5.999999999999999778e-01,6.287124066000000511e-01,6.673422749999999848e-01
3.500000000000000000e+07,5.000000000000000000e+02,2.999999999999999889e-01,5.999999999999999778e-01,6.287241558999999702e-01,6.673659988000000265e-01
3.700000000000000000e+07,5.000000000000000000e+02,2.999999999999999889e-01,5.999999999999999778e-01,6.287341255999999712e-01,6.673881695000000169e-01
3.900000000000000000e+07,5.000000000000000000e+02,2.999999999999999889e-01,5.999999999999999778e-01,6.287426029999999555e-01,6.674089994999999886e-01
4.100000000000000000e+07,5.000000000000000000e+02,2.999999999999999889e-01,5.999999999999999778e-01,6.287498178999999521e-01,6.674286615000000200e-01
4.300000000000000000e+07,5.000000000000000000e+02,2.999999999999999889e-01,5.999999999999999778e-01,6.287559567999999599e-01,6.674472981000000305e-01
4.500000000000000000e+07,5.000000000000000000e+02,2.999999999999999889e-01,5.999999999999999778e-01,6.287611723999999569e-01,6.674650276000000382e-01
4.700000000000000000e+07,5.000000000000000000e+02,2.999999999999999889e-01,5.999999999999999778e-01,6.287655907000000433e-01,6.674819496999999657e-01
4.900000000000000000e+07,5.000000000000000000e+02,2.999999999999999889e-01,5.999999999999999778e-01,6.287693166000000167e-01,6.674981484999999992e-01
5.100000000000000000e+07,5.000000000000000000e+02,2.999999999999999889e-01,5.999999999999999778e-01,6.287724381999999501e-01,6.675136958999999814e-01
5.300000000000000000e+07,5.000000000000000000e+02,2.999999999999999889e-01,5.999999999999999778e-01,6.287750297999999960e-01,6.675286539000000463e-01
5.500000000000000000e+07,5.000000000000000000e+02,2.999999999999999889e-01,5.999999999999999778e-01,6.287771548999999682e-01,6.675430758000000520e-01
5.700000000000000000e+07,5.000000000000000000e+02,2.999999999999999889e-01,5.999999999999999778e-01,6.287788672999999884e-01,6.675570081999999683e-01
5.900000000000000000e+07,5.000000000000000000e+02,2.999999999999999889e-01,5.999999999999999778e-01,6.287802136000000264e-01,6.675704919999999598e-01
6.100000000000000000e+07,5.000000000000000000e+02,2.999999999999999889e-01,5.999999999999999778e-01,6.287812339999999667e-01,6.675835628999999827e-01
6.300000000000000000e+07,5.000000000000000000e+02,2.999999999999999889e-01,5.999999999999999778e-01,6.287819634000000324e-01,6.675962525999999952e-01
6.500000000000000000e+07,5.000000000000000000e+02,2.999999999999999889e-01,5.999999999999999778e-01,6.287824320999999550e-01,6.676085892999999993e-01
6.700000000000000000e+07,5.000000000000000000e+02,2.999999999999999889e-01,5.999999999999999778e-01,6.287826667999999453e-01,6.676205981999999706e-01
6.900000000000000000e+07,5.000000000000000000e+02,2.999999999999999889e-01,5.999999999999999778e-01,6.287826908000000437e-01,6.676323015999999777e-01
7.100000000000000000e+07,5.000000000000000000e+02,2.999999999999999889e-01,5.999999999999999778e-01,6.287825246999999562e-01,6.676437199000000433e-01
7.300000000000000000e+07,5.000000000000000000e+02,2.999999999999999889e-01,5.999999999999999778e-01,6.287821868999999841e-01,6.676548711999999997e-01
7.500000000000000000e+07,5.000000000000000000e+02,2.999999999999999889e-01,5.999999999999999778e-01,6.287816935000000163e-01,6.676657720999999990e-01
7.700000000000000000e+07,5.000000000000000000e+02,2.999999999999999889e-01,5.999999999999999778e-01,6.287810589000000228e-01,6.676764374000000446e-01
7.900000000000000000e+07,5.000000000000000000e+02,2.999999999999999889e-01,5.999999999999999778e-01,6.287802958999999525e-01,6.676868809999999543e-01
8.100000000000000000e+07,5.000000000000000000e+02,2.999999999999999889e-01,5.999999999999999778e-01,6.287794160999999882e-01,6.676971150999999605e-01
8.300000000000000000e+07,5.000000000000000000e+02,2.999999999999999889e-01,5.999999999999999778e-01,6.287784298999999910e-01,6.677071512000000153e-01
8.500000000000000000e+07,5.000000000000000000e+02,2.999999999999999889e-01,5.999999999999999778e-01,6.287773464999999451e-01,6.677169996999999801e-01
8.700000000000000000e+07,5.000000000000000000e+02,2.999999999999999889e-01,5.999999999999999778e-01,6.287761741999999821e-01,6.677266701999999832e-01
8.900000000000000000e+07,5.000000000000000000e+02,2.999999999999999889e-01,5.999999999999999778e-01,6.287749206999999618e-01,6.677361716999999919e-01
9.100000000000000000e+07,5.000000000000000000e+02,2.999999999999999889e-01,5.999999999999999778e-01,6.287735929000000112e-01,6.677455123000000103e-01
9.300000000000000000e+07,5.000000000000000000e+02,2.999999999999999889e-01,5.999999999999999778e-01,6.287721967999999606e-01,6.677546994999999930e-01
9.500000000000000000e+07,5.000000000000000000e+02,2.999999999999999889e-01,5.999999999999999778e-01,6.287707381999999567e-01,6.677637404999999804e-01
9.700000000000000000e+07,5.000000000000000000e+02,2.999999999999999889e-01,5.999999999999999778e-01,6.287692221999999775e-01,6.677726416000000498e-01
9.900000000000000000e+07,5.000000000000000000e+02,2.999999999999999889e-01,5.999999999999999778e-01,6.287676533999999595e-01,6.677814090999999452e-01
1.000000000000000000e+07,5.000000000000000000e+02,2.999999999999999889e-01,5.999999999999999778e-01,6.280792764000000528e-01,6.667070040000000475e-01
3.000000000000000000e+07,5.000000000000000000e+02,2.999999999999999889e-01,5.999999999999999778e-01,6.286906261000000384e-01,6.673031809999999675e-01
5.000000000000000000e+07,5.000000000000000000e+02,2.999999999999999889e-01,5.999999999999999778e-01,6.287709479999999962e-01,6.675059995000000024e-01
7.000000000000000000e+07,5.000000000000000000e+02,2.999999999999999889e-01,5.999999999999999778e-01,6.287826303000000339e-01,6.676380452000000298e-01
9.000000000000000000e+07,5.000000000000000000e+02,2.999999999999999889e-01,5.999999999999999778e-01,6.287742656999999458e-01,6.677408616000000130e-01
1.000000000000000000e+08,5.000000000000000000e+02,2.999999999999999889e-01,5.999999999999999778e-01,6.287668507000000462e-01,6.677857444999999448e-01
