# pressure,temperature,f1,f2,molkg1,molkg2
1.000000000000000000e+00,5.000000000000000000e+02,1.000000000000000056e-01,8.000000000000000444e-01,1.766698626999999911e-05,8.961806594999999957e-05
3.000000000000000000e+00,5.000000000000000000e+02,1.000000000000000056e-01,8.000000000000000444e-01,5.299076412000000038e-05,2.687744929000000023e-04
5.000000000000000000e+00,5.000000000000000000e+02,1.000000000000000056e-01,8.000000000000000444e-01,8.830096865000000507e-05,4.478247464000000076e-04
7.000000000000000000e+00,5.000000000000000000e+02,1.000000000000000056e-01,8.000000000000000444e-01,1.235976233999999999e-04,6.267689459000000234e-04
9.000000000000000000e+00,5.000000000000000000e+02,1.000000000000000056e-01,8.000000000000000444e-01,1.588807518999999955e-04,8.056072108000000278e-04
1.100000000000000000e+01,5.000000000000000000e+02,1.000000000000000056e-01,8.000000000000000444e-01,1.941503774000000074e-04,9.843396602000000113e-04
1.300000000000000000e+01,5.000000000000000000e+02,1.000000000000000056e-01,8.000000000000000444e-01,2.294065236000000058e-04,1.162966412999999954e-03
1.500000000000000000e+01,5.000000000000000000e+02,1.000000000000000056e-01,8.000000000000000444e-01,2.646492135999999854e-04,1.341487587999999967e-03
1.700000000000000000e+01,5.000000000000000000e+02,1.000000000000000056e-01,8.000000000000000444e-01,2.998784708000000097e-04,1.519903304000000052e-03
1.900000000000000000e+01,5.000000000000000000e+02,1.000000000000000056e-01,8.000000000000000444e-01,3.350943185000000019e-04,1.698213679999999951e-03
2.100000000000000000e+01,5.000000000000000000e+02,1.000000000000000056e-01,8.000000000000000444e-01,3.702967798999999885e-04,1.876418833000000064e-03
2.300000000000000000e+01,5.000000000000000000e+02,1.000000000000000056e-01,8.000000000000000444e-01,4.054858782999999742e-04,2.054518880999999918e-03
2.500000000000000000e+01,5.000000000000000000e+02,1.000000000000000056e-01,8.000000000000000444e-01,4.406616366999999753e-04,2.232513943999999903e-03
2.700000000000000000e+01,5.000000000000000000e+02,1.000000000000000056e-01,8.000000000000000444e-01,4.758240781999999863e-04,2.410404136999999992e-03
2.900000000000000000e+01,5.000000000000000000e+02,1.000000000000000056e-01,8.000000000000000444e-01,5.109732261000000117e-04,2.588189580000000139e-03
3.100000000000000000e+01,5.000000000000000000e+02,1.000000000000000056e-01,8.000000000000000444e-01,5.461091032000000038e-04,2.765870387999999885e-03
3.300000000000000000e+01,5.000000000000000000e+02,1.000000000000000056e-01,8.000000000000000444e-01,5.812317325999999569e-04,2.943446680000000055e-03
3.500000000000000000e+01,5.000000000000000000e+02,1.000000000000000056e-01,8.000000000000000444e-01,6.163411372000000181e-04,3.120918572000000186e-03
3.700000000000000000e+01,5.000000000000000000e+02,1.000000000000000056e-01,8.000000000000000444e-01,6.514373399999999871e-04,3.298286181999999806e-03
3.900000000000000000e+01,5.000000000000000000e+02,1.000000000000000056e-01,8.000000000000000444e-01,6.865203638000000330e-04,3.475549625000000191e-03
4.100000000000000000e+01,5.000000000000000000e+02,1.000000000000000056e-01,8.000000000000000444e-01,7.215902313999999996e-04,3.652709019000000001e-03
4.300000000000000000e+01,5.000000000000000000e+02,1.000000000000000056e-01,8.000000000000000444e-01,7.566469655999999476e-04,3.829764479000000079e-03
4.500000000000000000e+01,5.000000000000000000e+02,1.000000000000000056e-01,8.000000000000000444e-01,7.916905892000000462e-04,4.006716121999999956e-03
4.700000000000000000e+01,5.000000000000000000e+02,1.000000000000000056e-01,8.000000000000000444e-01,8.267211250000000306e-04,4.183564063000000041e-03
4.900000000000000000e+01,5.000000000000000000e+02,1.000000000000000056e-01,8.000000000000000444e-01,8.617385954000000500e-04,4.360308420000000296e-03
5.100000000000000000e+01,5.000000000000000000e+02,1.000000000000000056e-01,8.000000000000000444e-01,8.967430233000000346e-04,4.536949305999999835e-03
5.300000000000000000e+01,5.000000000000000000e+02,1.000000000000000056e-01,8.000000000000000444e-01,9.317344311000000249e-04,4.713486836999999929e-03
5.500000000000000000e+01,5.000000000000000000e+02,1.000000000000000056e-01,8.000000000000000444e-01,9.667128414999999952e-04,4.889921129000000116e-03
5.700000000000000000e+01,5.000000000000000000e+02,1.000000000000000056e-01,8.000000000000000444e-01,1.001678276999999964e-03,5.066252297000000369e-03
5.900000000000000000e+01,5.000000000000000000e+02,1.000000000000000056e-01,8.000000000000000444e-01,1.036630759999999972e-03,5.242480455999999796e-03
6.100000000000000000e+01,5.000000000000000000e+02,1.000000000000000056e-01,8.000000000000000444e-01,1.071570313000000038e-03,5.418605719999999674e-03
6.300000000000000000e+01,5.000000000000000000e+02,1.000000000000000056e-01,8.000000000000000444e-01,1.106496958000000074e-03,5.594628203999999980e-03
6.500000000000000000e+01,5.000000000000000000e+02,1.000000000000000056e-01,8.000000000000000444e-01,1.141410717999999987e-03,5.770548022000000256e-03
6.700000000000000000e+01,5.000000000000000000e+02,1.000000000000000056e-01,8.000000000000000444e-01,1.176311614999999908e-03,5.946365288000000048e-03
6.900000000000000000e+01,5.000000000000000000e+02,1.000000000000000056e-01,8.000000000000000444e-01,1.211199670999999964e-03,6.122080117000000196e-03
7.100000000000000000e+01,5.000000000000000000e+02,1.000000000000000056e-01,8.000000000000000444e-01,1.246074908000000068e-03,6.297692621999999817e-03
7.300000000000000000e+01,5.000000000000000000e+02,1.000000000000000056e-01,8.000000000000000444e-01,1.280937349999999907e-03,6.473202917999999750e-03
7.500000000000000000e+01,5.000000000000000000e+02,1.000000000000000056e-01,8.000000000000000444e-01,1.315787017000000052e-03,6.648611115999999988e-03
7.700000000000000000e+01,5.000000000000000000e+02,1.000000000000000056e-01,8.000000000000000444e-01,1.350623931999999977e-03,6.823917330999999635e-03
7.900000000000000000e+01,5.000000000000000000e+02,1.000000000000000056e-01,8.000000000000000444e-01,1.385448117000000028e-03,6.999121676999999972e-03
8.100000000000000000e+01,5.000000000000000000e+02,1.000000000000000056e-01,8.000000000000000444e-01,1.420259593999999900e-03,7.174224265000000121e-03
8.300000000000000000e+01,5.000000000000000000e+02,1.000000000000000056e-01,8.000000000000000444e-01,1.455058385999999935e-03,7.349225208000000065e-03
8.500000000000000000e+01,5.000000000000000000e+02,1.000000000000000056e-01,8.000000000000000444e-01,1.489844513000000053e-03,7.524124620000000215e-03
8.700000000000000000e+01,5.000000000000000000e+02,1.000000000000000056e-01,8.000000000000000444e-01,1.524617997999999945e-03,7.698922613000000123e-03
8.900000000000000000e+01,5.000000000000000000e+02,1.000000000000000056e-01,8.000000000000000444e-01,1.559378862999999957e-03,7.873619299000000210e-03
9.100000000000000000e+01,5.000000000000000000e+02,1.000000000000000056e-01,8.000000000000000444e-01,1.594127130000000002e-03,8.048214789999999161e-03
9.300000000000000000e+01,5.000000000000000000e+02,1.000000000000000056e-01,8.000000000000000444e-01,1.628862819999999994e-03,8.222709197999999997e-03
9.500000000000000000e+01,5.000000000000000000e+02,1.000000000000000056e-01,8.000000000000000444e-01,1.663585956000000060e-03,8.397102634000000107e-03
9.700000000000000000e+01,5.000000000000000000e+02,1.000000000000000056e-01,8.000000000000000444e-01,1.698296557999999902e-03,8.571395211999999902e-03
9.900000000000000000e+01,5.000000000000000000e+02,1.000000000000000056e-01,8.000000000000000444e-01,1.732994650000000076e-03,8.745587040999999381e-03
1.000000000000000000e+01,5.000000000000000000e+02,1.000000000000000056e-01,8.000000000000000444e-01,1.765172510000000041e-04,8.949866550000000519e-04
3.000000000000000000e+01,5.000000000000000000e+02,1.000000000000000056e-01,8.000000000000000444e-01,5.285428220999999552e-04,2.677043055999999820e-03
5.000000000000000000e+01,5.000000000000000000e+02,1.000000000000000056e-01,8.000000000000000444e-01,8.792424383000000494e-04,4.448641788999999590e-03
7.000000000000000000e+01,5.000000000000000000e+02,1.000000000000000056e-01,8.000000000000000444e-01,1.228638889999999909e-03,6.209899153000000317e-03
9.000000000000000000e+01,5.000000000000000000e+02,1.000000000000000056e-01,8.000000000000000444e-01,1.576754569999999980e-03,7.960929687000000560e-03
1.100000000000000000e+02,5.000000000000000000e+02,1.000000000000000056e-01,8.000000000000000444e-01,1.923611476000000034e-03,9.701846191000000619e-03
1.300000000000000000e+02,5.000000000000000000e+02,1.000000000000000056e-01,8.000000000000000444e-01,2.269231217000000026e-03,1.143275975000000028e-02
1.500000000000000000e+02,5.000000000000000000e+02,1.000000000000000056e-01,8.000000000000000444e-01,2.613635019999999923e-03,1.315377975999999956e-02
1.700000000000000000e+02,5.000000000000000000e+02,1.000000000000000056e-01,8.000000000000000444e-01,2.956843732999999905e-03,1.486501393999999955e-02
1.900000000000000000e+02,5.000000000000000000e+02,1.000000000000000056e-01,8.000000000000000444e-01,3.298877833000000113e-03,1.656656835000000147e-02
2.100000000000000000e+02,5.000000000000000000e+02,1.000000000000000056e-01,8.000000000000000444e-01,3.639757427000000004e-03,1.825854744999999904e-02
2.300000000000000000e+02,5.000000000000000000e+02,1.000000000000000056e-01,8.000000000000000444e-01,3.979502260000000041e-03,1.994105405000000039e-02
2.500000000000000000e+02,5.000000000000000000e+02,1.000000000000000056e-01,8.000000000000000444e-01,4.318131719999999951e-03,2.161418941999999899e-02
2.700000000000000000e+02,5.000000000000000000e+02,1.000000000000000056e-01,8.000000000000000444e-01,4.655664841999999568e-03,2.327805322000000079e-02
2.900000000000000000e+02,5.000000000000000000e+02,1.000000000000000056e-01,8.000000000000000444e-01,4.992120315000000107e-03,2.493274360999999870e-02
3.100000000000000000e+02,5.000000000000000000e+02,1.000000000000000056e-01,8.000000000000000444e-01,5.327516481999999831e-03,2.657835718000000139e-02
3.300000000000000000e+02,5.000000000000000000e+02,1.000000000000000056e-01,8.000000000000000444e-01,5.661871352000000072e-03,2.821498907000000167e-02
3.500000000000000000e+02,5.000000000000000000e+02,1.000000000000000056e-01,8.000000000000000444e-01,5.995202598000000035e-03,2.984273289000000107e-02
3.700000000000000000e+02,5.000000000000000000e+02,1.000000000000000056e-01,8.000000000000000444e-01,6.327527567999999790e-03,3.146168082999999810e-02
3.900000000000000000e+02,5.000000000000000000e+02,1.000000000000000056e-01,8.000000000000000444e-01,6.658863285000000271e-03,3.307192361999999886e-02
4.100000000000000000e+02,5.000000000000000000e+02,1.000000000000000056e-01,8.000000000000000444e-01,6.989226452999999784e-03,3.467355057999999685e-02
4.300000000000000000e+02,5.000000000000000000e+02,1.000000000000000056e-01,8.000000000000000444e-01,7.318633463999999617e-03,3.626664962000000075e-02
4.500000000000000000e+02,5.000000000000000000e+02,1.000000000000000056e-01,8.000000000000000444e-01,7.647100401000000124e-03,3.785130728999999694e-02
4.700000000000000000e+02,5.000000000000000000e+02,1.000000000000000056e-01,8.000000000000000444e-01,7.974643038999999420e-03,3.942760876999999720e-02
4.900000000000000000e+02,5.000000000000000000e+02,1.000000000000000056e-01,8.000000000000000444e-01,8.301276858999999397e-03,4.099563789999999958e-02
5.100000000000000000e+02,5.000000000000000000e+02,1.000000000000000056e-01,8.000000000000000444e-01,8.627017043000000107e-03,4.255547721999999866e-02
5.300000000000000000e+02,5.000000000000000000e+02,1.000000000000000056e-01,8.000000000000000444e-01,8.951878482000000595e-03,4.410720795999999860e-02
5.500000000000000000e+02,5.000000000000000000e+02,1.000000000000000056e-01,8.000000000000000444e-01,9.275875782000000611e-03,4.565091007000000173e-02
5.700000000000000000e+02,5.000000000000000000e+02,1.000000000000000056e-01,8.000000000000000444e-01,9.599023268999999289e-03,4.718666225999999797e-02
5.900000000000000000e+02,5.000000000000000000e+02,1.000000000000000056e-01,8.000000000000000444e-01,9.921334986999999495e-03,4.871454197999999791e-02
6.100000000000000000e+02,5.000000000000000000e+02,1.000000000000000056e-01,8.000000000000000444e-01,1.024282471000000083e-02,5.023462548000000305e-02
6.300000000000000000e+02,5.000000000000000000e+02,1.000000000000000056e-01,8.000000000000000444e-01,1.056350594999999962e-02,5.174698779999999804e-02
6.500000000000000000e+02,5.000000000000000000e+02,1.000000000000000056e-01,8.000000000000000444e-01,1.088339192999999983e-02,5.325170279000000090e-02
6.700000000000000000e+02,5.000000000000000000e+02,1.000000000000000056e-01,8.000000000000000444e-01,1.120249564999999982e-02,5.474884316999999861e-02
6.900000000000000000e+02,5.000000000000000000e+02,1.000000000000000056e-01,8.000000000000000444e-01,1.152082981999999999e-02,5.623848048999999932e-02
7.100000000000000000e+02,5.000000000000000000e+02,1.000000000000000056e-01,8.000000000000000444e-01,1.183840692000000076e-02,5.772068518000000176e-02
7.300000000000000000e+02,5.000000000000000000e+02,1.000000000000000056e-01,8.000000000000000444e-01,1.215523917000000016e-02,5.919552657999999773e-02
7.500000000000000000e+02,5.000000000000000000e+02,1.000000000000000056e-01,8.000000000000000444e-01,1.247133855000000062e-02,6.066307291999999823e-02
7.700000000000000000e+02,5.000000000000000000e+02,1.000000000000000056e-01,8.000000000000000444e-01,1.278671680999999942e-02,6.212339137999999678e-02
7.900000000000000000e+02,5.000000000000000000e+02,1.000000000000000056e-01,8.000000000000000444e-01,1.310138544000000009e-02,6.357654807000000241e-02
8.100000000000000000e+02,5.000000000000000000e+02,1.000000000000000056e-01,8.000000000000000444e-01,1.341535571999999919e-02,6.502260810000000391e-02
8.300000000000000000e+02,5.000000000000000000e+02,1.000000000000000056e-01,8.000000000000000444e-01,1.372863870000000028e-02,6.646163552000000641e-02
8.500000000000000000e+02,5.000000000000000000e+02,1.000000000000000056e-01,8.000000000000000444e-01,1.404124518999999918e-02,6.789369341999999807e-02
8.700000000000000000e+02,5.000000000000000000e+02,1.000000000000000056e-01,8.000000000000000444e-01,1.435318579999999948e-02,6.931884387999999453e-02
8.900000000000000000e+02,5.000000000000000000e+02,1.000000000000000056e-01,8.000000000000000444e-01,1.466447090000000050e-02,7.073714804000000300e-02
9.100000000000000000e+02,5.000000000000000000e+02,1.000000000000000056e-01,8.000000000000000444e-01,1.497511066999999974e-02,7.214866608000000681e-02
9.300000000000000000e+02,5.000000000000000000e+02,1.000000000000000056e-01,8.000000000000000444e-01,1.528511507000000075e-02,7.355345723999999474e-02
9.500000000000000000e+02,5.000000000000000000e+02,1.000000000000000056e-01,8.000000000000000444e-01,1.559449385999999924e-02,7.495157987000000688e-02
9.700000000000000000e+02,5.000000000000000000e+02,1.000000000000000056e-01,8.000000000000000444e-01,1.590325658000000045e-02,7.634309140999999410e-02
9.900000000000000000e+02,5.000000000000000000e+02,1.000000000000000056e-01,8.000000000000000444e-01,1.621141259999999903e-02,7.772804839999999937e-02
1.000000000000000000e+02,5.000000000000000000e+02,1.000000000000000056e-01,8.000000000000000444e-01,1.750339010000000022e-03,8.832645208999999678e-03
3.000000000000000000e+02,5.000000000000000000e+02,1.000000000000000056e-01,8.000000000000000444e-01,5.159949678000000373e-03,2.575667901999999926e-02
5.000000000000000000e+02,5.000000000000000000e+02,1.000000000000000056e-01,8.000000000000000444e-01,8.464257718000000805e-03,4.177657617999999684e-02
7.000000000000000000e+02,5.000000000000000000e+02,1.000000000000000056e-01,8.000000000000000444e-01,1.167971224000000086e-02,5.698050755999999745e-02
9.000000000000000000e+02,5.000000000000000000e+02,1.000000000000000056e-01,8.000000000000000444e-01,1.481987082000000081e-02,7.144375159999999392e-02
1.100000000000000000e+03,5.000000000000000000e+02,1.000000000000000056e-01,8.000000000000000444e-01,1.789582552999999937e-02,8.523059602999999429e-02
1.300000000000000000e+03,5.000000000000000000e+02,1.000000000000000056e-01,8.000000000000000444e-01,2.091658542000000148e-02,9.839607414999999857e-02
1.500000000000000000e+03,5.000000000000000000e+02,1.000000000000000056e-01,8.000000000000000444e-01,2.388941554000000023e-02,1.109875121999999992e-01
1.700000000000000000e+03,5.000000000000000000e+02,1.000000000000000056e-01,8.000000000000000444e-01,2.682013347000000020e-02,1.230458764999999982e-01
1.900000000000000000e+03,5.000000000000000000e+02,1.000000000000000056e-01,8.000000000000000444e-01,2.971336574000000078e-02,1.346069200999999993e-01
2.100000000000000000e+03,5.000000000000000000e+02,1.000000000000000056e-01,8.000000000000000444e-01,3.257276720999999903e-02,1.457021400000000078e-01
2.300000000000000000e+03,5.000000000000000000e+02,1.000000000000000056e-01,8.000000000000000444e-01,3.540120685999999933e-02,1.563595613000000051e-01
2.500000000000000000e+03,5.000000000000000000e+02,1.000000000000000056e-01,8.000000000000000444e-01,3.820092348999999665e-02,1.666043690000000022e-01
2.700000000000000000e+03,5.000000000000000000e+02,1.000000000000000056e-01,8.000000000000000444e-01,4.097365504000000103e-02,1.764594104999999968e-01
2.900000000000000000e+03,5.000000000000000000e+02,1.000000000000000056e-01,8.000000000000000444e-01,4.372074502000000001e-02,1.859455902000000105e-01
3.100000000000000000e+03,5.000000000000000000e+02,1.000000000000000056e-01,8.000000000000000444e-01,4.644322926000000323e-02,1.950821768999999872e-01
3.300000000000000000e+03,5.000000000000000000e+02,1.000000000000000056e-01,8.000000000000000444e-01,4.914190599999999909e-02,2.038870419999999906e-01
3.500000000000000000e+03,5.000000000000000000e+02,1.000000000000000056e-01,8.000000000000000444e-01,5.181739211999999983e-02,2.123768443000000061e-01
3.700000000000000000e+03,5.000000000000000000e+02,1.000000000000000056e-01,8.000000000000000444e-01,5.447016766999999982e-02,2.205671723000000028e-01
3.900000000000000000e+03,5.000000000000000000e+02,1.000000000000000056e-01,8.000000000000000444e-01,5.710061100000000250e-02,2.284726572999999927e-01
4.100000000000000000e+03,5.000000000000000000e+02,1.000000000000000056e-01,8.000000000000000444e-01,5.970902608999999889e-02,2.361070620000000064e-01
4.300000000000000000e+03,5.000000000000000000e+02,1.000000000000000056e-01,8.000000000000000444e-01,6.229566373999999990e-02,2.434833523000000111e-01
4.500000000000000000e+03,5.000000000000000000e+02,1.000000000000000056e-01,8.000000000000000444e-01,6.486073762999999825e-02,2.506137575999999867e-01
4.700000000000000000e+03,5.000000000000000000e+02,1.000000000000000056e-01,8.000000000000000444e-01,6.740443656000000283e-02,2.575098209000000193e-01
4.900000000000000000e+03,5.000000000000000000e+02,1.000000000000000056e-01,8.000000000000000444e-01,6.992693352999999890e-02,2.641824434999999749e-01
5.100000000000000000e+03,5.000000000000000000e+02,1.000000000000000056e-01,8.000000000000000444e-01,7.242839236999999708e-02,2.706419239000000254e-01
5.300000000000000000e+03,5.000000000000000000e+02,1.000000000000000056e-01,8.000000000000000444e-01,7.490897255999999504e-02,2.768979932999999782e-01
5.500000000000000000e+03,5.000000000000000000e+02,1.000000000000000056e-01,8.000000000000000444e-01,7.736883256000000320e-02,2.829598495000000269e-01
5.700000000000000000e+03,5.000000000000000000e+02,1.000000000000000056e-01,8.000000000000000444e-01,7.980813205999999493e-02,2.888361863999999724e-01
5.900000000000000000e+03,5.000000000000000000e+02,1.000000000000000056e-01,8.000000000000000444e-01,8.222703346000000135e-02,2.945352238000000233e-01
6.100000000000000000e+03,5.000000000000000000e+02,1.000000000000000056e-01,8.000000000000000444e-01,8.462570267999999785e-02,3.000647343000000244e-01
6.300000000000000000e+03,5.000000000000000000e+02,1.000000000000000056e-01,8.000000000000000444e-01,8.700430956000000660e-02,3.054320689999999727e-01
6.500000000000000000e+03,5.000000000000000000e+02,1.000000000000000056e-01,8.000000000000000444e-01,8.936302798999999630e-02,3.106441822000000075e-01
6.700000000000000000e+03,5.000000000000000000e+02,1.000000000000000056e-01,8.000000000000000444e-01,9.170203573000000608e-02,3.157076549000000232e-01
6.900000000000000000e+03,5.000000000000000000e+02,1.000000000000000056e-01,8.000000000000000444e-01,9.402151415999999984e-02,3.206287159000000275e-01
7.100000000000000000e+03,5.000000000000000000e+02,1.000000000000000056e-01,8.000000000000000444e-01,9.632164787999999978e-02,3.254132634999999940e-01
7.300000000000000000e+03,5.000000000000000000e+02,1.000000000000000056e-01,8.000000000000000444e-01,9.860262432999999938e-02,3.300668847000000072e-01
7.500000000000000000e+03,5.000000000000000000e+02,1.000000000000000056e-01,8.000000000000000444e-01,1.008646333000000062e-01,3.345948738999999783e-01
7.700000000000000000e+03,5.000000000000000000e+02,1.000000000000000056e-01,8.000000000000000444e-01,1.031078666000000005e-01,3.390022502999999743e-01
7.900000000000000000e+03,5.000000000000000000e+02,1.000000000000000056e-01,8.000000000000000444e-01,1.053325172999999976e-01,3.432937743000000208e-01
8.100000000000000000e+03,5.000000000000000000e+02,1.000000000000000056e-01,8.000000000000000444e-01,1.075387797999999978e-01,3.474739631000000051e-01
8.300000000000000000e+03,5.000000000000000000e+02,1.000000000000000056e-01,8.000000000000000444e-01,1.097268489000000069e-01,3.515471050999999791e-01
8.500000000000000000e+03,5.000000000000000000e+02,1.000000000000000056e-01,8.000000000000000444e-01,1.118969199999999969e-01,3.555172737000000249e-01
8.700000000000000000e+03,5.000000000000000000e+02,1.000000000000000056e-01,8.000000000000000444e-01,1.140491881999999985e-01,3.593883397000000035e-01
8.900000000000000000e+03,5.000000000000000000e+02,1.000000000000000056e-01,8.000000000000000444e-01,1.161838485000000060e-01,3.631639837000000259e-01
9.100000000000000000e+03,5.000000000000000000e+02,1.000000000000000056e-01,8.000000000000000444e-01,1.183010951000000033e-01,3.668477069000000146e-01
9.300000000000000000e+03,5.000000000000000000e+02,1.000000000000000056e-01,8.000000000000000444e-01,1.204011214000000052e-01,3.704428419999999944e-01
9.500000000000000000e+03,5.000000000000000000e+02,1.000000000000000056e-01,8.000000000000000444e-01,1.224841200000000019e-01,3.739525624000000215e-01
9.700000000000000000e+03,5.000000000000000000e+02,1.000000000000000056e-01,8.000000000000000444e-01,1.245502819999999983e-01,3.773798922000000111e-01
9.900000000000000000e+03,5.000000000000000000e+02,1.000000000000000056e-01,8.000000000000000444e-01,1.265997970999999944e-01,3.807277137999999783e-01
1.000000000000000000e+03,5.000000000000000000e+02,1.000000000000000056e-01,8.000000000000000444e-01,1.636526596000000000e-02,7.841808638000000165e-02
3.000000000000000000e+03,5.000000000000000000e+02,1.000000000000000056e-01,8.000000000000000444e-01,4.508500811999999885e-02,1.905564352999999933e-01
5.000000000000000000e+03,5.000000000000000000e+02,1.000000000000000056e-01,8.000000000000000444e-01,7.118028268999999908e-02,2.674382054000000175e-01
7.000000000000000000e+03,5.000000000000000000e+02,1.000000000000000056e-01,8.000000000000000444e-01,9.517398744999999716e-02,3.230376976000000067e-01
9.000000000000000000e+03,5.000000000000000000e+02,1.000000000000000056e-01,8.000000000000000444e-01,1.172446364000000046e-01,3.650171233000000237e-01
1.100000000000000000e+04,5.000000000000000000e+02,1.000000000000000056e-01,8.000000000000000444e-01,1.375828913000000098e-01,3.978363201999999821e-01
1.300000000000000000e+04,5.000000000000000000e+02,1.000000000000000056e-01,8.000000000000000444e-01,1.563739093000000024e-01,4.242082649999999733e-01
1.500000000000000000e+04,5.000000000000000000e+02,1.000000000000000056e-01,8.000000000000000444e-01,1.737839397000000008e-01,4.458686412000000265e-01
1.700000000000000000e+04,5.000000000000000000e+02,1.000000000000000056e-01,8.000000000000000444e-01,1.899584360000000083e-01,4.639793742000000165e-01
1.900000000000000000e+04,5.000000000000000000e+02,1.000000000000000056e-01,8.000000000000000444e-01,2.050238822999999877e-01,4.793482723999999973e-01
2.100000000000000000e+04,5.000000000000000000e+02,1.000000000000000056e-01,8.000000000000000444e-01,2.190903486000000122e-01,4.925547979000000076e-01
2.300000000000000000e+04,5.000000000000000000e+02,1.000000000000000056e-01,8.000000000000000444e-01,2.322539151999999940e-01,5.040256327000000036e-01
2.500000000000000000e+04,5.000000000000000000e+02,1.000000000000000056e-01,8.000000000000000444e-01,2.445987689999999937e-01,5.140820147000000340e-01
2.700000000000000000e+04,5.000000000000000000e+02,1.000000000000000056e-01,8.000000000000000444e-01,2.561989655999999949e-01,5.229704606999999728e-01
2.900000000000000000e+04,5.000000000000000000e+02,1.000000000000000056e-01,8.000000000000000444e-01,2.671198994999999798e-01,5.308833197000000226e-01
3.100000000000000000e+04,5.000000000000000000e+02,1.000000000000000056e-01,8.000000000000000444e-01,2.774195300000000253e-01,5.379728867999999942e-01
3.300000000000000000e+04,5.000000000000000000e+02,1.000000000000000056e-01,8.000000000000000444e-01,2.871494070000000232e-01,5.443613181999999995e-01
3.500000000000000000e+04,5.000000000000000000e+02,1.000000000000000056e-01,8.000000000000000444e-01,2.963555319000000243e-01,5.501477381999999583e-01
3.700000000000000000e+04,5.000000000000000000e+02,1.000000000000000056e-01,8.000000000000000444e-01,3.050790844999999862e-01,5.554134243999999665e-01
3.900000000000000000e+04,5.000000000000000000e+02,1.000000000000000056e-01,8.000000000000000444e-01,3.133570379999999767e-01,5.602256517999999463e-01
4.100000000000000000e+04,5.000000000000000000e+02,1.000000000000000056e-01,8.000000000000000444e-01,3.212226829000000006e-01,5.646405845999999951e-01
4.300000000000000000e+04,5.000000000000000000e+02,1.000000000000000056e-01,8.000000000000000444e-01,3.287060741999999758e-01,5.687054787999999972e-01
4.500000000000000000e+04,5.000000000000000000e+02,1.000000000000000056e-01,8.000000000000000444e-01,3.358344152000000138e-01,5.724603815000000040e-01
4.700000000000000000e+04,5.000000000000000000e+02,1.000000000000000056e-01,8.000000000000000444e-01,3.426323877999999934e-01,5.759394549999999890e-01
4.900000000000000000e+04,5.000000000000000000e+02,1.000000000000000056e-01,8.000000000000000444e-01,3.491224378000000184e-01,5.791720192999999517e-01
5.100000000000000000e+04,5.000000000000000000e+02,1.000000000000000056e-01,8.000000000000000444e-01,3.553250230000000176e-01,5.821833811000000081e-01
5.300000000000000000e+04,5.000000000000000000e+02,1.000000000000000056e-01,8.000000000000000444e-01,3.612588280999999846e-01,5.849954976000000251e-01
5.500000000000000000e+04,5.000000000000000000e+02,1.000000000000000056e-01,8.000000000000000444e-01,3.669409529000000059e-01,5.876275128000000292e-01
5.700000000000000000e+04,5.000000000000000000e+02,1.000000000000000056e-01,8.000000000000000444e-01,3.723870766999999860e-01,5.900961944000000514e-01
5.900000000000000000e+04,5.000000000000000000e+02,1.000000000000000056e-01,8.000000000000000444e-01,3.776116031000000262e-01,5.924162909000000310e-01
6.100000000000000000e+04,5.000000000000000000e+02,1.000000000000000056e-01,8.000000000000000444e-01,3.826277867000000277e-01,5.946008273999999760e-01
6.300000000000000000e+04,5.000000000000000000e+02,1.000000000000000056e-01,8.000000000000000444e-01,3.874478459999999846e-01,5.966613494000000406e-01
6.500000000000000000e+04,5.000000000000000000e+02,1.000000000000000056e-01,8.000000000000000444e-01,3.920830623000000070e-01,5.986081277000000478e-01
6.700000000000000000e+04,5.000000000000000000e+02,1.000000000000000056e-01,8.000000000000000444e-01,3.965438678000000050e-01,6.004503291999999659e-01
6.900000000000000000e+04,5.000000000000000000e+02,1.000000000000000056e-01,8.000000000000000444e-01,4.008399242999999834e-01,6.021961616000000017e-01
7.100000000000000000e+04,5.000000000000000000e+02,1.000000000000000056e-01,8.000000000000000444e-01,4.049801928999999800e-01,6.038529956000000531e-01
7.300000000000000000e+04,5.000000000000000000e+02,1.000000000000000056e-01,8.000000000000000444e-01,4.089729965000000189e-01,6.054274687999999793e-01
7.500000000000000000e+04,5.000000000000000000e+02,1.000000000000000056e-01,8.000000000000000444e-01,4.128260751999999756e-01,6.069255746999999701e-01
7.700000000000000000e+04,5.000000000000000000e+02,1.000000000000000056e-01,8.000000000000000444e-01,4.165466371000000056e-01,6.083527391999999923e-01
7.900000000000000000e+04,5.000000000000000000e+02,1.000000000000000056e-01,8.000000000000000444e-01,4.201414025999999913e-01,6.097138857999999662e-01
8.100000000000000000e+04,5.000000000000000000e+02,1.000000000000000056e-01,8.000000000000000444e-01,4.236166453999999915e-01,6.110134929999999631e-01
8.300000000000000000e+04,5.000000000000000000e+02,1.000000000000000056e-01,8.000000000000000444e-01,4.269782288000000259e-01,6.122556429000000078e-01
8.500000000000000000e+04,5.000000000000000000e+02,1.000000000000000056e-01,8.000000000000000444e-01,4.302316387999999825e-01,6.134440644999999970e-01
8.700000000000000000e+04,5.000000000000000000e+02,1.000000000000000056e-01,8.000000000000000444e-01,4.333820138000000211e-01,6.145821707999999939e-01
8.900000000000000000e+04,5.000000000000000000e+02,1.000000000000000056e-01,8.000000000000000444e-01,4.364341721000000174e-01,6.156730917999999608e-01
9.100000000000000000e+04,5.000000000000000000e+02,1.000000000000000056e-01,8.000000000000000444e-01,4.393926358999999948e-01,6.167197032000000245e-01
9.300000000000000000e+04,5.000000000000000000e+02,1.000000000000000056e-01,8.000000000000000444e-01,4.422616541000000123e-01,6.177246516000000076e-01
9.500000000000000000e+04,5.000000000000000000e+02,1.000000000000000056e-01,8.000000000000000444e-01,4.450452226000000122e-01,6.186903768000000525e-01
9.700000000000000000e+04,5.000000000000000000e+02,1.000000000000000056e-01,8.000000000000000444e-01,4.477471026000000021e-01,6.196191320999999697e-01
9.900000000000000000e+04,5.000000000000000000e+02,1.000000000000000056e-01,8.000000000000000444e-01,4.503708378999999873e-01,6.205130009999999530e-01
1.000000000000000000e+04,5.000000000000000000e+02,1.000000000000000056e-01,8.000000000000000444e-01,1.276183708999999999e-01,3.823726733999999738e-01
3.000000000000000000e+04,5.000000000000000000e+02,1.000000000000000056e-01,8.000000000000000444e-01,2.723440163999999997e-01,5.345227680999999897e-01
5.000000000000000000e+04,5.000000000000000000e+02,1.000000000000000056e-01,8.000000000000000444e-01,3.522584564999999834e-01,5.807039065000000333e-01
7.000000000000000000e+04,5.000000000000000000e+02,1.000000000000000056e-01,8.000000000000000444e-01,4.029289976000000051e-01,6.030352724999999969e-01
9.000000000000000000e+04,5.000000000000000000e+02,1.000000000000000056e-01,8.000000000000000444e-01,4.379248440999999881e-01,6.162017656999999593e-01
1.100000000000000000e+05,5.000000000000000000e+02,1.000000000000000056e-01,8.000000000000000444e-01,4.635448759999999946e-01,6.248853259000000104e-01
1.300000000000000000e+05,5.000000000000000000e+02,1.000000000000000056e-01,8.000000000000000444e-01,4.831117155999999913e-01,6.310428016000000362e-01
1.500000000000000000e+05,5.000000000000000000e+02,1.000000000000000056e-01,8.000000000000000444e-01,4.985438856000000141e-01,6.356367646999999677e-01
1.700000000000000000e+05,5.000000000000000000e+02,1.000000000000000056e-01,8.000000000000000444e-01,5.110266310000000090e-01,6.391958329000000383e-01
1.900000000000000000e+05,5.000000000000000000e+02,1.000000000000000056e-01,8.000000000000000444e-01,5.213316955000000252e-01,6.420344506999999812e-01
2.100000000000000000e+05,5.000000000000000000e+02,1.000000000000000056e-01,8.000000000000000444e-01,5.299831795999999651e-01,6.443513821999999891e-01
2.300000000000000000e+05,5.000000000000000000e+02,1.000000000000000056e-01,8.000000000000000444e-01,5.373494958000000210e-01,6.462784283000000407e-01
2.500000000000000000e+05,5.000000000000000000e+02,1.000000000000000056e-01,8.000000000000000444e-01,5.436971823999999787e-01,6.479064367000000324e-01
2.700000000000000000e+05,5.000000000000000000e+02,1.000000000000000056e-01,8.000000000000000444e-01,5.492238391999999525e-01,6.493000614999999698e-01
2.900000000000000000e+05,5.000000000000000000e+02,1.000000000000000056e-01,8.000000000000000444e-01,5.540790623000000359e-01,6.505065697999999896e-01
3.100000000000000000e+05,5.000000000000000000e+02,1.000000000000000056e-01,8.000000000000000444e-01,5.583781862000000151e-01,6.515613178000000394e-01
3.300000000000000000e+05,5.000000000000000000e+02,1.000000000000000056e-01,8.000000000000000444e-01,5.622115613999999484e-01,6.524912806999999537e-01
3.500000000000000000e+05,5.000000000000000000e+02,1.000000000000000056e-01,8.000000000000000444e-01,5.656509718000000131e-01,6.533173973000000467e-01
3.700000000000000000e+05,5.000000000000000000e+02,1.000000000000000056e-01,8.000000000000000444e-01,5.687541705999999975e-01,6.540561689999999651e-01
3.900000000000000000e+05,5.000000000000000000e+02,1.000000000000000056e-01,8.000000000000000444e-01,5.715681489999999698e-01,6.547207760000000043e-01
4.100000000000000000e+05,5.000000000000000000e+02,1.000000000000000056e-01,8.000000000000000444e-01,5.741315310000000283e-01,6.553218735000000406e-01
4.300000000000000000e+05,5.000000000000000000e+02,1.000000000000000056e-01,8.000000000000000444e-01,5.764763567999999783e-01,6.558681680000000291e-01
4.500000000000000000e+05,5.000000000000000000e+02,1.000000000000000056e-01,8.000000000000000444e-01,5.786294277000000319e-01,6.563668438999999966e-01
4.700000000000000000e+05,5.000000000000000000e+02,1.000000000000000056e-01,8.000000000000000444e-01,5.806133352000000247e-01,6.568238820999999783e-01
4.900000000000000000e+05,5.000000000000000000e+02,1.000000000000000056e-01,8.000000000000000444e-01,5.824472562000000408e-01,6.572443016000000249e-01
5.100000000000000000e+05,5.000000000000000000e+02,1.000000000000000056e-01,8.000000000000000444e-01,5.841475748000000134e-01,6.576323457999999622e-01
5.300000000000000000e+05,5.000000000000000000e+02,1.000000000000000056e-01,8.000000000000000444e-01,5.857283724999999830e-01,6.579916268000000068e-01
5.500000000000000000e+05,5.000000000000000000e+02,1.000000000000000056e-01,8.000000000000000444e-01,5.872018193000000386e-01,6.583252379999999793e-01
5.700000000000000000e+05,5.000000000000000000e+02,1.000000000000000056e-01,8.000000000000000444e-01,5.885784871000000473e-01,6.586358448000000365e-01
5.900000000000000000e+05,5.000000000000000000e+02,1.000000000000000056e-01,8.000000000000000444e-01,5.898676040000000453e-01,6.589257554999999877e-01
6.100000000000000000e+05,5.000000000000000000e+02,1.000000000000000056e-01,8.000000000000000444e-01,5.910772610000000205e-01,6.591969797000000186e-01
6.300000000000000000e+05,5.000000000000000000e+02,1.000000000000000056e-01,8.000000000000000444e-01,5.922145819999999894e-01,6.594512745999999703e-01
6.500000000000000000e+05,5.000000000000000000e+02,1.000000000000000056e-01,8.000000000000000444e-01,5.932858640000000516e-01,6.596901836999999880e-01
6.700000000000000000e+05,5.000000000000000000e+02,1.000000000000000056e-01,8.000000000000000444e-01,5.942966939999999587e-01,6.599150685000000349e-01
6.900000000000000000e+05,5.000000000000000000e+02,1.000000000000000056e-01,8.000000000000000444e-01,5.952520457000000098e-01,6.601271342000000208e-01
7.100000000000000000e+05,5.000000000000000000e+02,1.000000000000000056e-01,8.000000000000000444e-01,5.961563622000000118e-01,6.603274517999999649e-01
7.300000000000000000e+05,5.000000000000000000e+02,1.000000000000000056e-01,8.000000000000000444e-01,5.970136242000000371e-01,6.605169759000000251e-01
7.500000000000000000e+05,5.000000000000000000e+02,1.000000000000000056e-01,8.000000000000000444e-01,5.978274090999999846e-01,6.606965607000000462e-01
7.700000000000000000e+05,5.000000000000000000e+02,1.000000000000000056e-01,8.000000000000000444e-01,5.986009407000000282e-01,6.608669722000000135e-01
7.900000000000000000e+05,5.000000000000000000e+02,1.000000000000000056e-01,8.000000000000000444e-01,5.993371317000000253e-01,6.610288998000000138e-01
8.100000000000000000e+05,5.000000000000000000e+02,1.000000000000000056e-01,8.000000000000000444e-01,6.000386202999999918e-01,6.611829653999999890e-01
8.300000000000000000e+05,5.000000000000000000e+02,1.000000000000000056e-01,8.000000000000000444e-01,6.007078021999999740e-01,6.613297314999999621e-01
8.500000000000000000e+05,5.000000000000000000e+02,1.000000000000000056e-01,8.000000000000000444e-01,6.013468573000000372e-01,6.614697081000000534e-01
8.700000000000000000e+05,5.000000000000000000e+02,1.000000000000000056e-01,8.000000000000000444e-01,6.019577739000000483e-01,6.616033590000000020e-01
8.900000000000000000e+05,5.000000000000000000e+02,1.000000000000000056e-01,8.000000000000000444e-01,6.025423690000000221e-01,6.617311062999999827e-01
9.100000000000000000e+05,5.000000000000000000e+02,1.000000000000000056e-01,8.000000000000000444e-01,6.031023064999999628e-01,6.618533355000000284e-01
9.300000000000000000e+05,5.000000000000000000e+02,1.000000000000000056e-01,8.000000000000000444e-01,6.036391129999999494e-01,6.619703993000000120e-01
9.500000000000000000e+05,5.000000000000000000e+02,1.000000000000000056e-01,8.000000000000000444e-01,6.041541916999999540e-01,6.620826207000000130e-01
9.700000000000000000e+05,5.000000000000000000e+02,1.000000000000000056e-01,8.000000000000000444e-01,6.046488343000000487e-01,6.621902965999999502e-01
9.900000000000000000e+05,5.000000000000000000e+02,1.000000000000000056e-01,8.000000000000000444e-01,6.051242325000000255e-01,6.622936998999999769e-01
1.000000000000000000e+05,5.000000000000000000e+02,1.000000000000000056e-01,8.000000000000000444e-01,4.516544531000000195e-01,6.209474619000000528e-01
3.000000000000000000e+05,5.000000000000000000e+02,1.000000000000000056e-01,8.000000000000000444e-01,5.562919904999999998e-01,6.510510633999999630e-01
5.000000000000000000e+05,5.000000000000000000e+02,1.000000000000000056e-01,8.000000000000000444e-01,5.833131867999999942e-01,6.574421314999999710e-01
7.000000000000000000e+05,5.000000000000000000e+02,1.000000000000000056e-01,8.000000000000000444e-01,5.957103244000000464e-01,6.602286993000000548e-01
9.000000000000000000e+05,5.000000000000000000e+02,1.000000000000000056e-01,8.000000000000000444e-01,6.028253215000000109e-01,6.617928879000000153e-01
1.100000000000000000e+06,5.000000000000000000e+02,1.000000000000000056e-01,8.000000000000000444e-01,6.074402255999999944e-01,6.627963711000000036e-01
1.300000000000000000e+06,5.000000000000000000e+02,1.000000000000000056e-01,8.000000000000000444e-01,6.106752320999999650e-01,6.634961077000000040e-01
1.500000000000000000e+06,5.000000000000000000e+02,1.000000000000000056e-01,8.000000000000000444e-01,6.130683189000000199e-01,6.640127644000000107e-01
1.700000000000000000e+06,5.000000000000000000e+02,1.000000000000000056e-01,8.000000000000000444e-01,6.149099979000000049e-01,6.644105146000000017e-01
1.900000000000000000e+06,5.000000000000000000e+02,1.000000000000000056e-01,8.000000000000000444e-01,6.163709268999999491e-01,6.647266436000000001e-01
2.100000000000000000e+06,5.000000000000000000e+02,1.000000000000000056e-01,8.000000000000000444e-01,6.175579367000000319e-01,6.649843001999999892e-01
2.300000000000000000e+06,5.000000000000000000e+02,1.000000000000000056e-01,8.000000000000000444e-01,6.185413182000000232e-01,6.651986197000000489e-01
2.500000000000000000e+06,5.000000000000000000e+02,1.000000000000000056e-01,8.000000000000000444e-01,6.193692132000000461e-01,6.653799169999999874e-01
2.700000000000000000e+06,5.000000000000000000e+02,1.000000000000000056e-01,8.000000000000000444e-01,6.200757005999999460e-01,6.655354654999999786e-01
2.900000000000000000e+06,5.000000000000000000e+02,1.000000000000000056e-01,8.000000000000000444e-01,6.206855816999999886e-01,6.656705418999999679e-01
3.100000000000000000e+06,5.000000000000000000e+02,1.000000000000000056e-01,8.000000000000000444e-01,6.212173358000000478e-01,6.657890683999999615e-01
3.300000000000000000e+06,5.000000000000000000e+02,1.000000000000000056e-01,8.000000000000000444e-01,6.216850135999999472e-01,6.658940209999999471e-01
3.500000000000000000e+06,5.000000000000000000e+02,1.000000000000000056e-01,8.000000000000000444e-01,6.220994888999999972e-01,6.659876994000000217e-01
3.700000000000000000e+06,5.000000000000000000e+02,1.000000000000000056e-01,8.000000000000000444e-01,6.224693078999999907e-01,6.660719090000000175e-01
3.900000000000000000e+06,5.000000000000000000e+02,1.000000000000000056e-01,8.000000000000000444e-01,6.228012807999999678e-01,6.661480869000000471e-01
4.100000000000000000e+06,5.000000000000000000e+02,1.000000000000000056e-01,8.000000000000000444e-01,6.231009007000000155e-01,6.662173916000000418e-01
4.300000000000000000e+06,5.000000000000000000e+02,1.000000000000000056e-01,8.000000000000000444e-01,6.233726475999999961e-01,6.662807675999999901e-01
4.500000000000000000e+06,5.000000000000000000e+02,1.000000000000000056e-01,8.000000000000000444e-01,6.236202115000000212e-01,6.663389925999999575e-01
4.700000000000000000e+06,5.000000000000000000e+02,1.000000000000000056e-01,8.000000000000000444e-01,6.238466592000000421e-01,6.663927127000000006e-01
4.900000000000000000e+06,5.000000000000000000e+02,1.000000000000000056e-01,8.000000000000000444e-01,6.240545603999999580e-01,6.664424694999999677e-01
5.100000000000000000e+06,5.000000000000000000e+02,1.000000000000000056e-01,8.000000000000000444e-01,6.242460843999999565e-01,6.664887203999999565e-01
5.300000000000000000e+06,5.000000000000000000e+02,1.000000000000000056e-01,8.000000000000000444e-01,6.244230753999999717e-01,6.665318540000000347e-01
5.500000000000000000e+06,5.000000000000000000e+02,1.000000000000000056e-01,8.000000000000000444e-01,6.245871109999999726e-01,6.665722032999999991e-01
5.700000000000000000e+06,5.000000000000000000e+02,1.000000000000000056e-01,8.000000000000000444e-01,6.247395488000000441e-01,6.666100546000000016e-01
5.900000000000000000e+06,5.000000000000000000e+02,1.000000000000000056e-01,8.000000000000000444e-01,6.248815631999999898e-01,6.666456560000000309e-01
6.100000000000000000e+06,5.000000000000000000e+02,1.000000000000000056e-01,8.000000000000000444e-01,6.250141755000000465e-01,6.666792232999999568e-01
6.300000000000000000e+06,5.000000000000000000e+02,1.000000000000000056e-01,8.000000000000000444e-01,6.251382779999999917e-01,6.667109450999999520e-01
6.500000000000000000e+06,5.000000000000000000e+02,1.000000000000000056e-01,8.000000000000000444e-01,6.252546538000000043e-01,6.667409871999999682e-01
6.700000000000000000e+06,5.000000000000000000e+02,1.000000000000000056e-01,8.000000000000000444e-01,6.253639927999999903e-01,6.667694958000000005e-01
6.900000000000000000e+06,5.000000000000000000e+02,1.000000000000000056e-01,8.000000000000000444e-01,6.254669053000000423e-01,6.667966001999999781e-01
7.100000000000000000e+06,5.000000000000000000e+02,1.000000000000000056e-01,8.000000000000000444e-01,6.255639333000000413e-01,6.668224154999999875e-01
7.300000000000000000e+06,5.000000000000000000e+02,1.000000000000000056e-01,8.000000000000000444e-01,6.256555593999999498e-01,6.668470440999999527e-01
7.500000000000000000e+06,5.000000000000000000e+02,1.000000000000000056e-01,8.000000000000000444e-01,6.257422151000000543e-01,6.668705779000000389e-01
7.700000000000000000e+06,5.000000000000000000e+02,1.000000000000000056e-01,8.000000000000000444e-01,6.258242871000000429e-01,6.668930992999999585e-01
7.900000000000000000e+06,5.000000000000000000e+02,1.000000000000000056e-01,8.000000000000000444e-01,6.259021232999999462e-01,6.669146822999999502e-01
8.100000000000000000e+06,5.000000000000000000e+02,1.000000000000000056e-01,8.000000000000000444e-01,6.259760371000000490e-01,6.669353939000000064e-01
8.300000000000000000e+06,5.000000000000000000e+02,1.000000000000000056e-01,8.000000000000000444e-01,6.260463119000000409e-01,6.669552946000000260e-01
8.500000000000000000e+06,5.000000000000000000e+02,1.000000000000000056e-01,8.000000000000000444e-01,6.261132045999999729e-01,6.669744395000000159e-01
8.700000000000000000e+06,5.000000000000000000e+02,1.000000000000000056e-01,8.000000000000000444e-01,6.261769484000000441e-01,6.669928784999999971e-01
8.900000000000000000e+06,5.000000000000000000e+02,1.000000000000000056e-01,8.000000000000000444e-01,6.262377555999999457e-01,6.670106570999999596e-01
9.100000000000000000e+06,5.000000000000000000e+02,1.000000000000000056e-01,8.000000000000000444e-01,6.262958199000000503e-01,6.670278170000000229e-01
9.300000000000000000e+06,5.000000000000000000e+02,1.000000000000000056e-01,8.000000000000000444e-01,6.263513186000000399e-01,6.670443964000000170e-01
9.500000000000000000e+06,5.000000000000000000e+02,1.000000000000000056e-01,8.000000000000000444e-01,6.264044136999999957e-01,6.670604301000000458e-01
9.700000000000000000e+06,5.000000000000000000e+02,1.000000000000000056e-01,8.000000000000000444e-01,6.264552542000000335e-01,6.670759502999999979e-01
9.900000000000000000e+06,5.000000000000000000e+02,1.000000000000000056e-01,8.000000000000000444e-01,6.265039769000000369e-01,6.670909866999999993e-01
1.000000000000000000e+06,5.000000000000000000e+02,1.000000000000000056e-01,8.000000000000000444e-01,6.053550621000000076e-01,6.623438786999999994e-01
3.000000000000000000e+06,5.000000000000000000e+02,1.000000000000000056e-01,8.000000000000000444e-01,6.209602597000000168e-01,6.657316693999999480e-01
5.000000000000000000e+06,5.000000000000000000e+02,1.000000000000000056e-01,8.000000000000000444e-01,6.241522473999999709e-01,6.664660073999999490e-01
7.000000000000000000e+06,5.000000000000000000e+02,1.000000000000000056e-01,8.000000000000000444e-01,6.255161233999999570e-01,6.668096623000000500e-01
9.000000000000000000e+06,5.000000000000000000e+02,1.000000000000000056e-01,8.000000000000000444e-01,6.262671191999999998e-01,6.670193118999999671e-01
1.100000000000000000e+07,5.000000000000000000e+02,1.000000000000000056e-01,8.000000000000000444e-01,6.267392687999999712e-01,6.671661586999999560e-01
1.300000000000000000e+07,5.000000000000000000e+02,1.000000000000000056e-01,8.000000000000000444e-01,6.270614366000000217e-01,6.672780704999999868e-01
1.500000000000000000e+07,5.000000000000000000e+02,1.000000000000000056e-01,8.000000000000000444e-01,6.272938215000000151e-01,6.673682933000000261e-01
1.700000000000000000e+07,5.000000000000000000e+02,1.000000000000000056e-01,8.000000000000000444e-01,6.274682914000000444e-01,6.674439757000000251e-01
1.900000000000000000e+07,5.000000000000000000e+02,1.000000000000000056e-01,8.000000000000000444e-01,6.276032823999999621e-01,6.675093406000000007e-01
2.100000000000000000e+07,5.000000000000000000e+02,1.000000000000000056e-01,8.000000000000000444e-01,6.277101928999999636e-01,6.675670569999999637e-01
2.300000000000000000e+07,5.000000000000000000e+02,1.000000000000000056e-01,8.000000000000000444e-01,6.277964447999999642e-01,6.676189031999999468e-01
2.500000000000000000e+07,5.000000000000000000e+02,1.000000000000000056e-01,8.000000000000000444e-01,6.278670749000000439e-01,6.676661153999999820e-01
2.700000000000000000e+07,5.000000000000000000e+02,1.000000000000000056e-01,8.000000000000000444e-01,6.279256201999999787e-01,6.677095833999999730e-01
2.900000000000000000e+07,5.000000000000000000e+02,1.000000000000000056e-01,8.000000000000000444e-01,6.279746358000000139e-01,6.677499663000000529e-01
3.100000000000000000e+07,5.000000000000000000e+02,1.000000000000000056e-01,8.000000000000000444e-01,6.280160122000000289e-01,6.677877644999999918e-01
3.300000000000000000e+07,5.000000000000000000e+02,1.000000000000000056e-01,8.000000000000000444e-01,6.280511779999999877e-01,6.678233663000000542e-01
3.500000000000000000e+07,5.000000000000000000e+02,1.000000000000000056e-01,8.000000000000000444e-01,6.280812317999999728e-01,6.678570781999999539e-01
3.700000000000000000e+07,5.000000000000000000e+02,1.000000000000000056e-01,8.000000000000000444e-01,6.281070321999999706e-01,6.678891462999999584e-01
3.900000000000000000e+07,5.000000000000000000e+02,1.000000000000000056e-01,8.000000000000000444e-01,6.281292591999999564e-01,6.679197709999999955e-01
4.100000000000000000e+07,5.000000000000000000e+02,1.000000000000000056e-01,8.000000000000000444e-01,6.281484586000000148e-01,6.679491173999999587e-01
4.300000000000000000e+07,5.000000000000000000e+02,1.000000000000000056e-01,8.000000000000000444e-01,6.281650726999999934e-01,6.679773232000000283e-01
4.500000000000000000e+07,5.000000000000000000e+02,1.000000000000000056e-01,8.000000000000000444e-01,6.281794643000000455e-01,6.680045045000000403e-01
4.700000000000000000e+07,5.000000000000000000e+02,1.000000000000000056e-01,8.000000000000000444e-01,6.281919330999999884e-01,6.680307598000000402e-01
4.900000000000000000e+07,5.000000000000000000e+02,1.000000000000000056e-01,8.000000000000000444e-01,6.282027287000000459e-01,6.680561736000000250e-01
5.100000000000000000e+07,5.000000000000000000e+02,1.000000000000000056e-01,8.000000000000000444e-01,6.282120611999999493e-01,6.680808188000000314e-01
5.300000000000000000e+07,5.000000000000000000e+02,1.000000000000000056e-01,8.000000000000000444e-01,6.282201077000000300e-01,6.681047589999999925e-01
5.500000000000000000e+07,5.000000000000000000e+02,1.000000000000000056e-01,8.000000000000000444e-01,6.282270194000000307e-01,6.681280496000000513e-01
5.700000000000000000e+07,5.000000000000000000e+02,1.000000000000000056e-01,8.000000000000000444e-01,6.282329253999999752e-01,6.681507394000000266e-01
5.900000000000000000e+07,5.000000000000000000e+02,1.000000000000000056e-01,8.000000000000000444e-01,6.282379368999999603e-01,6.681728717999999567e-01
6.100000000000000000e+07,5.000000000000000000e+02,1.000000000000000056e-01,8.000000000000000444e-01,6.282421500000000547e-01,6.681944852000000212e-01
6.300000000000000000e+07,5.000000000000000000e+02,1.000000000000000056e-01,8.000000000000000444e-01,6.282456483999999675e-01,6.682156139999999578e-01
6.500000000000000000e+07,5.000000000000000000e+02,1.000000000000000056e-01,8.000000000000000444e-01,6.282485049999999571e-01,6.682362889999999833e-01
6.700000000000000000e+07,5.000000000000000000e+02,1.000000000000000056e-01,8.000000000000000444e-01,6.282507836999999817e-01,6.682565378999999472e-01
6.900000000000000000e+07,5.000000000000000000e+02,1.000000000000000056e-01,8.000000000000000444e-01,6.282525408000000366e-01,6.682763859999999445e-01
7.100000000000000000e+07,5.000000000000000000e+02,1.000000000000000056e-01,8.000000000000000444e-01,6.282538257999999987e-01,6.682958559999999659e-01
7.300000000000000000e+07,5.000000000000000000e+02,1.000000000000000056e-01,8.000000000000000444e-01,6.282546826999999556e-01,6.683149686999999561e-01
7.500000000000000000e+07,5.000000000000000000e+02,1.000000000000000056e-01,8.000000000000000444e-01,6.282551507000000424e-01,6.683337431000000439e-01
7.700000000000000000e+07,5.000000000000000000e+02,1.000000000000000056e-01,8.000000000000000444e-01,6.282552645000000213e-01,6.683521964999999954e-01
7.900000000000000000e+07,5.000000000000000000e+02,1.000000000000000056e-01,8.000000000000000444e-01,6.282550553000000315e-01,6.683703450000000323e-01
8.100000000000000000e+07,5.000000000000000000e+02,1.000000000000000056e-01,8.000000000000000444e-01,6.282545509000000417e-01,6.683882031000000223e-01
8.300000000000000000e+07,5.000000000000000000e+02,1.000000000000000056e-01,8.000000000000000444e-01,6.282537764000000191e-01,6.684057845999999969e-01
8.500000000000000000e+07,5.000000000000000000e+02,1.000000000000000056e-01,8.000000000000000444e-01,6.282527543999999464e-01,6.684231017999999747e-01
8.700000000000000000e+07,5.000000000000000000e+02,1.000000000000000056e-01,8.000000000000000444e-01,6.282515052999999572e-01,6.684401666000000519e-01
8.900000000000000000e+07,5.000000000000000000e+02,1.000000000000000056e-01,8.000000000000000444e-01,6.282500475000000195e-01,6.684569895999999956e-01
9.100000000000000000e+07,5.000000000000000000e+02,1.000000000000000056e-01,8.000000000000000444e-01,6.282483976999999609e-01,6.684735810999999917e-01
9.300000000000000000e+07,5.000000000000000000e+02,1.000000000000000056e-01,8.000000000000000444e-01,6.282465710000000314e-01,6.684899503000000243e-01
9.500000000000000000e+07,5.000000000000000000e+02,1.000000000000000056e-01,8.000000000000000444e-01,6.282445813999999462e-01,6.685061061000000526e-01
9.700000000000000000e+07,5.000000000000000000e+02,1.000000000000000056e-01,8.000000000000000444e-01,6.282424412999999541e-01,6.685220566999999781e-01
9.900000000000000000e+07,5.000000000000000000e+02,1.000000000000000056e-01,8.000000000000000444e-01,6.282401623000000157e-01,6.685378099000000018e-01
1.000000000000000000e+07,5.000000000000000000e+02,1.000000000000000056e-01,8.000000000000000444e-01,6.265275838999999625e-01,6.670983320000000161e-01
3.000000000000000000e+07,5.000000000000000000e+02,1.000000000000000056e-01,8.000000000000000444e-01,6.279961805999999536e-01,6.677691620000000272e-01
5.000000000000000000e+07,5.000000000000000000e+02,1.000000000000000056e-01,8.000000000000000444e-01,6.282075660999999478e-01,6.680685881000000270e-01
7.000000000000000000e+07,5.000000000000000000e+02,1.000000000000000056e-01,8.000000000000000444e-01,6.282532393999999965e-01,6.682861668999999782e-01
9.000000000000000000e+07,5.000000000000000000e+02,1.000000000000000056e-01,8.000000000000000444e-01,6.282492455999999503e-01,6.684653136999999523e-01
1.000000000000000000e+08,5.000000000000000000e+02,1.000000000000000056e-01,8.000000000000000444e-01,6.282389739999999501e-01,6.685456145999999489e-01
