# pressure,temperature,f1,f2,molkg1,molkg2
1.000000000000000000e+00,4.000000000000000000e+02,5.000000000000000000e-01,4.000000000000000222e-01,3.598750944000000083e-03,9.107066090000000107e-04
3.000000000000000000e+00,4.000000000000000000e+02,5.000000000000000000e-01,4.000000000000000222e-01,1.065464755000000013e-02,2.696364093000000201e-03
5.000000000000000000e+00,4.000000000000000000e+02,5.000000000000000000e-01,4.000000000000000222e-01,1.752784622000000056e-02,4.435888701999999607e-03
7.000000000000000000e+00,4.000000000000000000e+02,5.000000000000000000e-01,4.000000000000000222e-01,2.422535010000000100e-02,6.131047474999999983e-03
9.000000000000000000e+00,4.000000000000000000e+02,5.000000000000000000e-01,4.000000000000000222e-01,3.075380893000000115e-02,7.783518320000000143e-03
1.100000000000000000e+01,4.000000000000000000e+02,5.000000000000000000e-01,4.000000000000000222e-01,3.711954110000000029e-02,9.394895561000000256e-03
1.300000000000000000e+01,4.000000000000000000e+02,5.000000000000000000e-01,4.000000000000000222e-01,4.332855398999999746e-02,1.096669507999999994e-02
1.500000000000000000e+01,4.000000000000000000e+02,5.000000000000000000e-01,4.000000000000000222e-01,4.938656293000000252e-02,1.250035910000000042e-02
1.700000000000000000e+01,4.000000000000000000e+02,5.000000000000000000e-01,4.000000000000000222e-01,5.529900866999999665e-02,1.399726056000000045e-02
1.900000000000000000e+01,4.000000000000000000e+02,5.000000000000000000e-01,4.000000000000000222e-01,6.107107373000000144e-02,1.545870727999999923e-02
2.100000000000000000e+01,4.000000000000000000e+02,5.000000000000000000e-01,4.000000000000000222e-01,6.670769748999999527e-02,1.688594574000000167e-02
2.300000000000000000e+01,4.000000000000000000e+02,5.000000000000000000e-01,4.000000000000000222e-01,7.221359033999999455e-02,1.828016467000000145e-02
2.500000000000000000e+01,4.000000000000000000e+02,5.000000000000000000e-01,4.000000000000000222e-01,7.759324672999999561e-02,1.964249832000000001e-02
2.700000000000000000e+01,4.000000000000000000e+02,5.000000000000000000e-01,4.000000000000000222e-01,8.285095747000000010e-02,2.097402954999999861e-02
2.900000000000000000e+01,4.000000000000000000e+02,5.000000000000000000e-01,4.000000000000000222e-01,8.799082109000000429e-02,2.227579274999999873e-02
3.100000000000000000e+01,4.000000000000000000e+02,5.000000000000000000e-01,4.000000000000000222e-01,9.301675450000000678e-02,2.354877646000000033e-02
3.300000000000000000e+01,4.000000000000000000e+02,5.000000000000000000e-01,4.000000000000000222e-01,9.793250296000000077e-02,2.479392593999999936e-02
3.500000000000000000e+01,4.000000000000000000e+02,5.000000000000000000e-01,4.000000000000000222e-01,1.027416493000000014e-01,2.601214547000000113e-02
3.700000000000000000e+01,4.000000000000000000e+02,5.000000000000000000e-01,4.000000000000000222e-01,1.074476228999999977e-01,2.720430058000000012e-02
3.900000000000000000e+01,4.000000000000000000e+02,5.000000000000000000e-01,4.000000000000000222e-01,1.120537072999999995e-01,2.837122007999999876e-02
4.100000000000000000e+01,4.000000000000000000e+02,5.000000000000000000e-01,4.000000000000000222e-01,1.165630482999999995e-01,2.951369799000000058e-02
4.300000000000000000e+01,4.000000000000000000e+02,5.000000000000000000e-01,4.000000000000000222e-01,1.209786612999999983e-01,3.063249537999999939e-02
4.500000000000000000e+01,4.000000000000000000e+02,5.000000000000000000e-01,4.000000000000000222e-01,1.253034370999999980e-01,3.172834201000000048e-02
4.700000000000000000e+01,4.000000000000000000e+02,5.000000000000000000e-01,4.000000000000000222e-01,1.295401493999999987e-01,3.280193794999999857e-02
4.900000000000000000e+01,4.000000000000000000e+02,5.000000000000000000e-01,4.000000000000000222e-01,1.336914597999999954e-01,3.385395507999999776e-02
5.100000000000000000e+01,4.000000000000000000e+02,5.000000000000000000e-01,4.000000000000000222e-01,1.377599237999999893e-01,3.488503849999999989e-02
5.300000000000000000e+01,4.000000000000000000e+02,5.000000000000000000e-01,4.000000000000000222e-01,1.417479959000000067e-01,3.589580782000000025e-02
5.500000000000000000e+01,4.000000000000000000e+02,5.000000000000000000e-01,4.000000000000000222e-01,1.456580348000000025e-01,3.688685844000000325e-02
5.700000000000000000e+01,4.000000000000000000e+02,5.000000000000000000e-01,4.000000000000000222e-01,1.494923076000000128e-01,3.785876271000000043e-02
5.900000000000000000e+01,4.000000000000000000e+02,5.000000000000000000e-01,4.000000000000000222e-01,1.532529944999999894e-01,3.881207100999999743e-02
6.100000000000000000e+01,4.000000000000000000e+02,5.000000000000000000e-01,4.000000000000000222e-01,1.569421928999999993e-01,3.974731286000000169e-02
6.300000000000000000e+01,4.000000000000000000e+02,5.000000000000000000e-01,4.000000000000000222e-01,1.605619212000000129e-01,4.066499780999999897e-02
6.500000000000000000e+01,4.000000000000000000e+02,5.000000000000000000e-01,4.000000000000000222e-01,1.641141225999999953e-01,4.156561645000000221e-02
6.700000000000000000e+01,4.000000000000000000e+02,5.000000000000000000e-01,4.000000000000000222e-01,1.676006684999999941e-01,4.244964124000000227e-02
6.900000000000000000e+01,4.000000000000000000e+02,5.000000000000000000e-01,4.000000000000000222e-01,1.710233616000000068e-01,4.331752736999999742e-02
7.100000000000000000e+01,4.000000000000000000e+02,5.000000000000000000e-01,4.000000000000000222e-01,1.743839395000000014e-01,4.416971349999999907e-02
7.300000000000000000e+01,4.000000000000000000e+02,5.000000000000000000e-01,4.000000000000000222e-01,1.776840771000000041e-01,4.500662253999999918e-02
7.500000000000000000e+01,4.000000000000000000e+02,5.000000000000000000e-01,4.000000000000000222e-01,1.809253898000000027e-01,4.582866235000000038e-02
7.700000000000000000e+01,4.000000000000000000e+02,5.000000000000000000e-01,4.000000000000000222e-01,1.841094357999999986e-01,4.663622639000000042e-02
7.900000000000000000e+01,4.000000000000000000e+02,5.000000000000000000e-01,4.000000000000000222e-01,1.872377188000000081e-01,4.742969433000000096e-02
8.100000000000000000e+01,4.000000000000000000e+02,5.000000000000000000e-01,4.000000000000000222e-01,1.903116904000000109e-01,4.820943269999999892e-02
8.300000000000000000e+01,4.000000000000000000e+02,5.000000000000000000e-01,4.000000000000000222e-01,1.933327521000000049e-01,4.897579542000000258e-02
8.500000000000000000e+01,4.000000000000000000e+02,5.000000000000000000e-01,4.000000000000000222e-01,1.963022577000000102e-01,4.972912433999999993e-02
8.700000000000000000e+01,4.000000000000000000e+02,5.000000000000000000e-01,4.000000000000000222e-01,1.992215152000000045e-01,5.046974975000000085e-02
8.900000000000000000e+01,4.000000000000000000e+02,5.000000000000000000e-01,4.000000000000000222e-01,2.020917888000000051e-01,5.119799088000000220e-02
9.100000000000000000e+01,4.000000000000000000e+02,5.000000000000000000e-01,4.000000000000000222e-01,2.049143005000000073e-01,5.191415633000000251e-02
9.300000000000000000e+01,4.000000000000000000e+02,5.000000000000000000e-01,4.000000000000000222e-01,2.076902321000000107e-01,5.261854455000000014e-02
9.500000000000000000e+01,4.000000000000000000e+02,5.000000000000000000e-01,4.000000000000000222e-01,2.104207265999999965e-01,5.331144421000000300e-02
9.700000000000000000e+01,4.000000000000000000e+02,5.000000000000000000e-01,4.000000000000000222e-01,2.131068901000000015e-01,5.399313464000000257e-02
9.900000000000000000e+01,4.000000000000000000e+02,5.000000000000000000e-01,4.000000000000000222e-01,2.157497929999999953e-01,5.466388615000000034e-02
1.000000000000000000e+01,4.000000000000000000e+02,5.000000000000000000e-01,4.000000000000000222e-01,3.395663332999999950e-02,8.594247117999999699e-03
3.000000000000000000e+01,4.000000000000000000e+02,5.000000000000000000e-01,4.000000000000000222e-01,9.051779108000000684e-02,2.291582198000000070e-02
5.000000000000000000e+01,4.000000000000000000e+02,5.000000000000000000e-01,4.000000000000000222e-01,1.357358918999999886e-01,3.437207419999999819e-02
7.000000000000000000e+01,4.000000000000000000e+02,5.000000000000000000e-01,4.000000000000000222e-01,1.727113087999999907e-01,4.374555614000000259e-02
9.000000000000000000e+01,4.000000000000000000e+02,5.000000000000000000e-01,4.000000000000000222e-01,2.035089401000000076e-01,5.155756418000000119e-02
1.100000000000000000e+02,4.000000000000000000e+02,5.000000000000000000e-01,4.000000000000000222e-01,2.295571757000000046e-01,5.816877606000000339e-02
1.300000000000000000e+02,4.000000000000000000e+02,5.000000000000000000e-01,4.000000000000000222e-01,2.518755986999999807e-01,6.383669431999999810e-02
1.500000000000000000e+02,4.000000000000000000e+02,5.000000000000000000e-01,4.000000000000000222e-01,2.712114668000000228e-01,6.875008132000000327e-02
1.700000000000000000e+02,4.000000000000000000e+02,5.000000000000000000e-01,4.000000000000000222e-01,2.881249383000000219e-01,7.305046499999999499e-02
1.900000000000000000e+02,4.000000000000000000e+02,5.000000000000000000e-01,4.000000000000000222e-01,3.030441789000000163e-01,7.684604578999999769e-02
2.100000000000000000e+02,4.000000000000000000e+02,5.000000000000000000e-01,4.000000000000000222e-01,3.163020738999999804e-01,8.022096287999999631e-02
2.300000000000000000e+02,4.000000000000000000e+02,5.000000000000000000e-01,4.000000000000000222e-01,3.281613346999999736e-01,8.324163151999999788e-02
2.500000000000000000e+02,4.000000000000000000e+02,5.000000000000000000e-01,4.000000000000000222e-01,3.388320628000000001e-01,8.596117740000000507e-02
2.700000000000000000e+02,4.000000000000000000e+02,5.000000000000000000e-01,4.000000000000000222e-01,3.484842907999999850e-01,8.842260302000000405e-02
2.900000000000000000e+02,4.000000000000000000e+02,5.000000000000000000e-01,4.000000000000000222e-01,3.572570994000000000e-01,9.066108980999999789e-02
3.100000000000000000e+02,4.000000000000000000e+02,5.000000000000000000e-01,4.000000000000000222e-01,3.652653530000000148e-01,9.270569929999999959e-02
3.300000000000000000e+02,4.000000000000000000e+02,5.000000000000000000e-01,4.000000000000000222e-01,3.726047502000000011e-01,9.458064873999999511e-02
3.500000000000000000e+02,4.000000000000000000e+02,5.000000000000000000e-01,4.000000000000000222e-01,3.793556611000000189e-01,9.630628033999999449e-02
3.700000000000000000e+02,4.000000000000000000e+02,5.000000000000000000e-01,4.000000000000000222e-01,3.855860775000000129e-01,9.789980674999999855e-02
3.900000000000000000e+02,4.000000000000000000e+02,5.000000000000000000e-01,4.000000000000000222e-01,3.913539078000000115e-01,9.937589081000000601e-02
4.100000000000000000e+02,4.000000000000000000e+02,5.000000000000000000e-01,4.000000000000000222e-01,3.967087792999999807e-01,1.007471010000000056e-01
4.300000000000000000e+02,4.000000000000000000e+02,5.000000000000000000e-01,4.000000000000000222e-01,4.016934670000000263e-01,1.020242724000000045e-01
4.500000000000000000e+02,4.000000000000000000e+02,5.000000000000000000e-01,4.000000000000000222e-01,4.063450368000000035e-01,1.032167960999999939e-01
4.700000000000000000e+02,4.000000000000000000e+02,5.000000000000000000e-01,4.000000000000000222e-01,4.106957673000000142e-01,1.043328515999999984e-01
4.900000000000000000e+02,4.000000000000000000e+02,5.000000000000000000e-01,4.000000000000000222e-01,4.147738980999999825e-01,1.053795966000000001e-01
5.100000000000000000e+02,4.000000000000000000e+02,5.000000000000000000e-01,4.000000000000000222e-01,4.186042428000000259e-01,1.063633212999999939e-01
5.300000000000000000e+02,4.000000000000000000e+02,5.000000000000000000e-01,4.000000000000000222e-01,4.222086925999999907e-01,1.072895766000000056e-01
5.500000000000000000e+02,4.000000000000000000e+02,5.000000000000000000e-01,4.000000000000000222e-01,4.256066349000000026e-01,1.081632790999999955e-01
5.700000000000000000e+02,4.000000000000000000e+02,5.000000000000000000e-01,4.000000000000000222e-01,4.288153004999999962e-01,1.089887996999999997e-01
5.900000000000000000e+02,4.000000000000000000e+02,5.000000000000000000e-01,4.000000000000000222e-01,4.318500558999999739e-01,1.097700367999999982e-01
6.100000000000000000e+02,4.000000000000000000e+02,5.000000000000000000e-01,4.000000000000000222e-01,4.347246485999999854e-01,1.105104791000000031e-01
6.300000000000000000e+02,4.000000000000000000e+02,5.000000000000000000e-01,4.000000000000000222e-01,4.374514146999999853e-01,1.112132574999999957e-01
6.500000000000000000e+02,4.000000000000000000e+02,5.000000000000000000e-01,4.000000000000000222e-01,4.400414555000000116e-01,1.118811900999999998e-01
6.700000000000000000e+02,4.000000000000000000e+02,5.000000000000000000e-01,4.000000000000000222e-01,4.425047884000000153e-01,1.125168205000000032e-01
6.900000000000000000e+02,4.000000000000000000e+02,5.000000000000000000e-01,4.000000000000000222e-01,4.448504757999999781e-01,1.131224502000000021e-01
7.100000000000000000e+02,4.000000000000000000e+02,5.000000000000000000e-01,4.000000000000000222e-01,4.470867364000000177e-01,1.137001666999999938e-01
7.300000000000000000e+02,4.000000000000000000e+02,5.000000000000000000e-01,4.000000000000000222e-01,4.492210409999999876e-01,1.142518680000000064e-01
7.500000000000000000e+02,4.000000000000000000e+02,5.000000000000000000e-01,4.000000000000000222e-01,4.512601956000000247e-01,1.147792836000000039e-01
7.700000000000000000e+02,4.000000000000000000e+02,5.000000000000000000e-01,4.000000000000000222e-01,4.532104142000000224e-01,1.152839929000000069e-01
7.900000000000000000e+02,4.000000000000000000e+02,5.000000000000000000e-01,4.000000000000000222e-01,4.550773812000000196e-01,1.157674409000000043e-01
8.100000000000000000e+02,4.000000000000000000e+02,5.000000000000000000e-01,4.000000000000000222e-01,4.568663068000000105e-01,1.162309522000000012e-01
8.300000000000000000e+02,4.000000000000000000e+02,5.000000000000000000e-01,4.000000000000000222e-01,4.585819756999999774e-01,1.166757437999999952e-01
8.500000000000000000e+02,4.000000000000000000e+02,5.000000000000000000e-01,4.000000000000000222e-01,4.602287892999999963e-01,1.171029350999999996e-01
8.700000000000000000e+02,4.000000000000000000e+02,5.000000000000000000e-01,4.000000000000000222e-01,4.618108038000000026e-01,1.175135580000000041e-01
8.900000000000000000e+02,4.000000000000000000e+02,5.000000000000000000e-01,4.000000000000000222e-01,4.633317625999999745e-01,1.179085651000000012e-01
9.100000000000000000e+02,4.000000000000000000e+02,5.000000000000000000e-01,4.000000000000000222e-01,4.647951267000000053e-01,1.182888371999999966e-01
9.300000000000000000e+02,4.000000000000000000e+02,5.000000000000000000e-01,4.000000000000000222e-01,4.662041004999999960e-01,1.186551901000000020e-01
9.500000000000000000e+02,4.000000000000000000e+02,5.000000000000000000e-01,4.000000000000000222e-01,4.675616548000000039e-01,1.190083801999999996e-01
9.700000000000000000e+02,4.000000000000000000e+02,5.000000000000000000e-01,4.000000000000000222e-01,4.688705484999999840e-01,1.193491099999999944e-01
9.900000000000000000e+02,4.000000000000000000e+02,5.000000000000000000e-01,4.000000000000000222e-01,4.701333462000000241e-01,1.196780327000000060e-01
1.000000000000000000e+02,4.000000000000000000e+02,5.000000000000000000e-01,4.000000000000000222e-01,2.170553467999999930e-01,5.499524193000000089e-02
3.000000000000000000e+02,4.000000000000000000e+02,5.000000000000000000e-01,4.000000000000000222e-01,3.613504151999999969e-01,9.170601472000000642e-02
5.000000000000000000e+02,4.000000000000000000e+02,5.000000000000000000e-01,4.000000000000000222e-01,4.167186123000000131e-01,1.058789735999999954e-01
7.000000000000000000e+02,4.000000000000000000e+02,5.000000000000000000e-01,4.000000000000000222e-01,4.459818010000000110e-01,1.134146748000000038e-01
9.000000000000000000e+02,4.000000000000000000e+02,5.000000000000000000e-01,4.000000000000000222e-01,4.640704379999999740e-01,1.181004905999999965e-01
1.100000000000000000e+03,4.000000000000000000e+02,5.000000000000000000e-01,4.000000000000000222e-01,4.763537852999999989e-01,1.213012873999999991e-01
1.300000000000000000e+03,4.000000000000000000e+02,5.000000000000000000e-01,4.000000000000000222e-01,4.852368416999999767e-01,1.236296687000000005e-01
1.500000000000000000e+03,4.000000000000000000e+02,5.000000000000000000e-01,4.000000000000000222e-01,4.919577225999999803e-01,1.254016461000000138e-01
1.700000000000000000e+03,4.000000000000000000e+02,5.000000000000000000e-01,4.000000000000000222e-01,4.972187269000000187e-01,1.267968314000000041e-01
1.900000000000000000e+03,4.000000000000000000e+02,5.000000000000000000e-01,4.000000000000000222e-01,5.014478524000000048e-01,1.279249026000000011e-01
2.100000000000000000e+03,4.000000000000000000e+02,5.000000000000000000e-01,4.000000000000000222e-01,5.049207783000000394e-01,1.288566452999999890e-01
2.300000000000000000e+03,4.000000000000000000e+02,5.000000000000000000e-01,4.000000000000000222e-01,5.078230746999999878e-01,1.296398024000000038e-01
2.500000000000000000e+03,4.000000000000000000e+02,5.000000000000000000e-01,4.000000000000000222e-01,5.102842291000000419e-01,1.303077537000000008e-01
2.700000000000000000e+03,4.000000000000000000e+02,5.000000000000000000e-01,4.000000000000000222e-01,5.123973383000000048e-01,1.308845456000000129e-01
2.900000000000000000e+03,4.000000000000000000e+02,5.000000000000000000e-01,4.000000000000000222e-01,5.142310491999999567e-01,1.313879440000000065e-01
3.100000000000000000e+03,4.000000000000000000e+02,5.000000000000000000e-01,4.000000000000000222e-01,5.158370877000000299e-01,1.318313618999999992e-01
3.300000000000000000e+03,4.000000000000000000e+02,5.000000000000000000e-01,4.000000000000000222e-01,5.172551679000000346e-01,1.322251178000000138e-01
3.500000000000000000e+03,4.000000000000000000e+02,5.000000000000000000e-01,4.000000000000000222e-01,5.185162857999999764e-01,1.325772806999999942e-01
3.700000000000000000e+03,4.000000000000000000e+02,5.000000000000000000e-01,4.000000000000000222e-01,5.196449861999999920e-01,1.328942529000000095e-01
3.900000000000000000e+03,4.000000000000000000e+02,5.000000000000000000e-01,4.000000000000000222e-01,5.206609569000000270e-01,1.331811797000000130e-01
4.100000000000000000e+03,4.000000000000000000e+02,5.000000000000000000e-01,4.000000000000000222e-01,5.215801731000000441e-01,1.334422443000000125e-01
4.300000000000000000e+03,4.000000000000000000e+02,5.000000000000000000e-01,4.000000000000000222e-01,5.224157323000000464e-01,1.336808830000000003e-01
4.500000000000000000e+03,4.000000000000000000e+02,5.000000000000000000e-01,4.000000000000000222e-01,5.231784742999999738e-01,1.338999452999999895e-01
4.700000000000000000e+03,4.000000000000000000e+02,5.000000000000000000e-01,4.000000000000000222e-01,5.238774470000000516e-01,1.341018143999999912e-01
4.900000000000000000e+03,4.000000000000000000e+02,5.000000000000000000e-01,4.000000000000000222e-01,5.245202616999999901e-01,1.342884987999999891e-01
5.100000000000000000e+03,4.000000000000000000e+02,5.000000000000000000e-01,4.000000000000000222e-01,5.251133674000000306e-01,1.344617036999999904e-01
5.300000000000000000e+03,4.000000000000000000e+02,5.000000000000000000e-01,4.000000000000000222e-01,5.256622638000000292e-01,1.346228862000000137e-01
5.500000000000000000e+03,4.000000000000000000e+02,5.000000000000000000e-01,4.000000000000000222e-01,5.261716701999999968e-01,1.347732989000000048e-01
5.700000000000000000e+03,4.000000000000000000e+02,5.000000000000000000e-01,4.000000000000000222e-01,5.266456588000000272e-01,1.349140246999999959e-01
5.900000000000000000e+03,4.000000000000000000e+02,5.000000000000000000e-01,4.000000000000000222e-01,5.270877618000000542e-01,1.350460048999999885e-01
6.100000000000000000e+03,4.000000000000000000e+02,5.000000000000000000e-01,4.000000000000000222e-01,5.275010580000000227e-01,1.351700614999999939e-01
6.300000000000000000e+03,4.000000000000000000e+02,5.000000000000000000e-01,4.000000000000000222e-01,5.278882432000000513e-01,1.352869154999999934e-01
6.500000000000000000e+03,4.000000000000000000e+02,5.000000000000000000e-01,4.000000000000000222e-01,5.282516879999999970e-01,1.353972022000000108e-01
6.700000000000000000e+03,4.000000000000000000e+02,5.000000000000000000e-01,4.000000000000000222e-01,5.285934853000000544e-01,1.355014836000000000e-01
6.900000000000000000e+03,4.000000000000000000e+02,5.000000000000000000e-01,4.000000000000000222e-01,5.289154896000000106e-01,1.356002588000000120e-01
7.100000000000000000e+03,4.000000000000000000e+02,5.000000000000000000e-01,4.000000000000000222e-01,5.292193500999999856e-01,1.356939721000000043e-01
7.300000000000000000e+03,4.000000000000000000e+02,5.000000000000000000e-01,4.000000000000000222e-01,5.295065383999999487e-01,1.357830210000000037e-01
7.500000000000000000e+03,4.000000000000000000e+02,5.000000000000000000e-01,4.000000000000000222e-01,5.297783716999999726e-01,1.358677620000000030e-01
7.700000000000000000e+03,4.000000000000000000e+02,5.000000000000000000e-01,4.000000000000000222e-01,5.300360321999999513e-01,1.359485155999999861e-01
7.900000000000000000e+03,4.000000000000000000e+02,5.000000000000000000e-01,4.000000000000000222e-01,5.302805846000000489e-01,1.360255707999999952e-01
8.100000000000000000e+03,4.000000000000000000e+02,5.000000000000000000e-01,4.000000000000000222e-01,5.305129896000000400e-01,1.360991891999999981e-01
8.300000000000000000e+03,4.000000000000000000e+02,5.000000000000000000e-01,4.000000000000000222e-01,5.307341167000000359e-01,1.361696078999999893e-01
8.500000000000000000e+03,4.000000000000000000e+02,5.000000000000000000e-01,4.000000000000000222e-01,5.309447547000000212e-01,1.362370422999999997e-01
8.700000000000000000e+03,4.000000000000000000e+02,5.000000000000000000e-01,4.000000000000000222e-01,5.311456208000000512e-01,1.363016887000000066e-01
8.900000000000000000e+03,4.000000000000000000e+02,5.000000000000000000e-01,4.000000000000000222e-01,5.313373686000000262e-01,1.363637262999999877e-01
9.100000000000000000e+03,4.000000000000000000e+02,5.000000000000000000e-01,4.000000000000000222e-01,5.315205946000000070e-01,1.364233189999999873e-01
9.300000000000000000e+03,4.000000000000000000e+02,5.000000000000000000e-01,4.000000000000000222e-01,5.316958451000000085e-01,1.364806171999999873e-01
9.500000000000000000e+03,4.000000000000000000e+02,5.000000000000000000e-01,4.000000000000000222e-01,5.318636204000000145e-01,1.365357588999999983e-01
9.700000000000000000e+03,4.000000000000000000e+02,5.000000000000000000e-01,4.000000000000000222e-01,5.320243802999999883e-01,1.365888711000000089e-01
9.900000000000000000e+03,4.000000000000000000e+02,5.000000000000000000e-01,4.000000000000000222e-01,5.321785476999999487e-01,1.366400708000000130e-01
1.000000000000000000e+03,4.000000000000000000e+02,5.000000000000000000e-01,4.000000000000000222e-01,4.707482117999999827e-01,1.198382582000000057e-01
3.000000000000000000e+03,4.000000000000000000e+02,5.000000000000000000e-01,4.000000000000000222e-01,5.150598084999999937e-01,1.316164445999999932e-01
5.000000000000000000e+03,4.000000000000000000e+02,5.000000000000000000e-01,4.000000000000000222e-01,5.248226644000000274e-01,1.343766899000000126e-01
7.000000000000000000e+03,4.000000000000000000e+02,5.000000000000000000e-01,4.000000000000000222e-01,5.290695920000000330e-01,1.356477222999999954e-01
9.000000000000000000e+03,4.000000000000000000e+02,5.000000000000000000e-01,4.000000000000000222e-01,5.314300116000000296e-01,1.363938185000000136e-01
1.100000000000000000e+04,4.000000000000000000e+02,5.000000000000000000e-01,4.000000000000000222e-01,5.329246323999999868e-01,1.368919318000000052e-01
1.300000000000000000e+04,4.000000000000000000e+02,5.000000000000000000e-01,4.000000000000000222e-01,5.339514703000000084e-01,1.372522381000000069e-01
1.500000000000000000e+04,4.000000000000000000e+02,5.000000000000000000e-01,4.000000000000000222e-01,5.346975696000000333e-01,1.375275290000000095e-01
1.700000000000000000e+04,4.000000000000000000e+02,5.000000000000000000e-01,4.000000000000000222e-01,5.352623026999999700e-01,1.377463902999999934e-01
1.900000000000000000e+04,4.000000000000000000e+02,5.000000000000000000e-01,4.000000000000000222e-01,5.357032857000000314e-01,1.379257090999999880e-01
2.100000000000000000e+04,4.000000000000000000e+02,5.000000000000000000e-01,4.000000000000000222e-01,5.360561904999999738e-01,1.380761356999999911e-01
2.300000000000000000e+04,4.000000000000000000e+02,5.000000000000000000e-01,4.000000000000000222e-01,5.363442640000000150e-01,1.382047383999999990e-01
2.500000000000000000e+04,4.000000000000000000e+02,5.000000000000000000e-01,4.000000000000000222e-01,5.365832912000000343e-01,1.383164040000000039e-01
2.700000000000000000e+04,4.000000000000000000e+02,5.000000000000000000e-01,4.000000000000000222e-01,5.367843590999999970e-01,1.384146266000000070e-01
2.900000000000000000e+04,4.000000000000000000e+02,5.000000000000000000e-01,4.000000000000000222e-01,5.369554776999999612e-01,1.385019755999999935e-01
3.100000000000000000e+04,4.000000000000000000e+02,5.000000000000000000e-01,4.000000000000000222e-01,5.371025748000000100e-01,1.385803858000000111e-01
3.300000000000000000e+04,4.000000000000000000e+02,5.000000000000000000e-01,4.000000000000000222e-01,5.372301282000000455e-01,1.386513444999999956e-01
3.500000000000000000e+04,4.000000000000000000e+02,5.000000000000000000e-01,4.000000000000000222e-01,5.373415818000000233e-01,1.387160152999999951e-01
3.700000000000000000e+04,4.000000000000000000e+02,5.000000000000000000e-01,4.000000000000000222e-01,5.374396262999999729e-01,1.387753228999999977e-01
3.900000000000000000e+04,4.000000000000000000e+02,5.000000000000000000e-01,4.000000000000000222e-01,5.375263933999999688e-01,1.388300124000000080e-01
4.100000000000000000e+04,4.000000000000000000e+02,5.000000000000000000e-01,4.000000000000000222e-01,5.376035928000000297e-01,1.388806914000000059e-01
4.300000000000000000e+04,4.000000000000000000e+02,5.000000000000000000e-01,4.000000000000000222e-01,5.376726110999999753e-01,1.389278610000000136e-01
4.500000000000000000e+04,4.000000000000000000e+02,5.000000000000000000e-01,4.000000000000000222e-01,5.377345845000000013e-01,1.389719386000000112e-01
4.700000000000000000e+04,4.000000000000000000e+02,5.000000000000000000e-01,4.000000000000000222e-01,5.377904519999999744e-01,1.390132746999999946e-01
4.900000000000000000e+04,4.000000000000000000e+02,5.000000000000000000e-01,4.000000000000000222e-01,5.378409964000000487e-01,1.390521664999999907e-01
5.100000000000000000e+04,4.000000000000000000e+02,5.000000000000000000e-01,4.000000000000000222e-01,5.378868750999999948e-01,1.390888674999999908e-01
5.300000000000000000e+04,4.000000000000000000e+02,5.000000000000000000e-01,4.000000000000000222e-01,5.379286442999999807e-01,1.391235956999999912e-01
5.500000000000000000e+04,4.000000000000000000e+02,5.000000000000000000e-01,4.000000000000000222e-01,5.379667769999999516e-01,1.391565392999999928e-01
5.700000000000000000e+04,4.000000000000000000e+02,5.000000000000000000e-01,4.000000000000000222e-01,5.380016784000000163e-01,1.391878622999999926e-01
5.900000000000000000e+04,4.000000000000000000e+02,5.000000000000000000e-01,4.000000000000000222e-01,5.380336972999999468e-01,1.392177079999999956e-01
6.100000000000000000e+04,4.000000000000000000e+02,5.000000000000000000e-01,4.000000000000000222e-01,5.380631354999999560e-01,1.392462023000000104e-01
6.300000000000000000e+04,4.000000000000000000e+02,5.000000000000000000e-01,4.000000000000000222e-01,5.380902552999999866e-01,1.392734563999999953e-01
6.500000000000000000e+04,4.000000000000000000e+02,5.000000000000000000e-01,4.000000000000000222e-01,5.381152859000000177e-01,1.392995687999999954e-01
6.700000000000000000e+04,4.000000000000000000e+02,5.000000000000000000e-01,4.000000000000000222e-01,5.381384278999999937e-01,1.393246274000000118e-01
6.900000000000000000e+04,4.000000000000000000e+02,5.000000000000000000e-01,4.000000000000000222e-01,5.381598584000000240e-01,1.393487105000000004e-01
7.100000000000000000e+04,4.000000000000000000e+02,5.000000000000000000e-01,4.000000000000000222e-01,5.381797334000000266e-01,1.393718885000000129e-01
7.300000000000000000e+04,4.000000000000000000e+02,5.000000000000000000e-01,4.000000000000000222e-01,5.381981914000000256e-01,1.393942247999999939e-01
7.500000000000000000e+04,4.000000000000000000e+02,5.000000000000000000e-01,4.000000000000000222e-01,5.382153556000000005e-01,1.394157763999999966e-01
7.700000000000000000e+04,4.000000000000000000e+02,5.000000000000000000e-01,4.000000000000000222e-01,5.382313358000000436e-01,1.394365951000000048e-01
7.900000000000000000e+04,4.000000000000000000e+02,5.000000000000000000e-01,4.000000000000000222e-01,5.382462302999999615e-01,1.394567278999999937e-01
8.100000000000000000e+04,4.000000000000000000e+02,5.000000000000000000e-01,4.000000000000000222e-01,5.382601273999999547e-01,1.394762174999999993e-01
8.300000000000000000e+04,4.000000000000000000e+02,5.000000000000000000e-01,4.000000000000000222e-01,5.382731062000000177e-01,1.394951030999999897e-01
8.500000000000000000e+04,4.000000000000000000e+02,5.000000000000000000e-01,4.000000000000000222e-01,5.382852383999999768e-01,1.395134201999999879e-01
8.700000000000000000e+04,4.000000000000000000e+02,5.000000000000000000e-01,4.000000000000000222e-01,5.382965884999999506e-01,1.395312018000000043e-01
8.900000000000000000e+04,4.000000000000000000e+02,5.000000000000000000e-01,4.000000000000000222e-01,5.383072152000000221e-01,1.395484777999999870e-01
9.100000000000000000e+04,4.000000000000000000e+02,5.000000000000000000e-01,4.000000000000000222e-01,5.383171716000000329e-01,1.395652759999999881e-01
9.300000000000000000e+04,4.000000000000000000e+02,5.000000000000000000e-01,4.000000000000000222e-01,5.383265059999999824e-01,1.395816219000000080e-01
9.500000000000000000e+04,4.000000000000000000e+02,5.000000000000000000e-01,4.000000000000000222e-01,5.383352624999999669e-01,1.395975392999999898e-01
9.700000000000000000e+04,4.000000000000000000e+02,5.000000000000000000e-01,4.000000000000000222e-01,5.383434812999999819e-01,1.396130499000000080e-01
9.900000000000000000e+04,4.000000000000000000e+02,5.000000000000000000e-01,4.000000000000000222e-01,5.383511992999999718e-01,1.396281742000000103e-01
1.000000000000000000e+04,4.000000000000000000e+02,5.000000000000000000e-01,4.000000000000000222e-01,5.322532822000000108e-01,1.366649876000000097e-01
3.000000000000000000e+04,4.000000000000000000e+02,5.000000000000000000e-01,4.000000000000000222e-01,5.370317207999999454e-01,1.385421961999999951e-01
5.000000000000000000e+04,4.000000000000000000e+02,5.000000000000000000e-01,4.000000000000000222e-01,5.378644821000000409e-01,1.390707764999999929e-01
7.000000000000000000e+04,4.000000000000000000e+02,5.000000000000000000e-01,4.000000000000000222e-01,5.381699813000000443e-01,1.393604085000000048e-01
9.000000000000000000e+04,4.000000000000000000e+02,5.000000000000000000e-01,4.000000000000000222e-01,5.383122740000000350e-01,1.395569349999999931e-01
1.100000000000000000e+05,4.000000000000000000e+02,5.000000000000000000e-01,4.000000000000000222e-01,5.383860730999999733e-01,1.397052327999999954e-01
1.300000000000000000e+05,4.000000000000000000e+02,5.000000000000000000e-01,4.000000000000000222e-01,5.384260504000000225e-01,1.398244257000000046e-01
1.500000000000000000e+05,4.000000000000000000e+02,5.000000000000000000e-01,4.000000000000000222e-01,5.384475687999999982e-01,1.399242877999999912e-01
1.700000000000000000e+05,4.000000000000000000e+02,5.000000000000000000e-01,4.000000000000000222e-01,5.384583292000000299e-01,1.400104383000000119e-01
1.900000000000000000e+05,4.000000000000000000e+02,5.000000000000000000e-01,4.000000000000000222e-01,5.384625404999999754e-01,1.400863857000000101e-01
2.100000000000000000e+05,4.000000000000000000e+02,5.000000000000000000e-01,4.000000000000000222e-01,5.384626532999999826e-01,1.401544593999999866e-01
2.300000000000000000e+05,4.000000000000000000e+02,5.000000000000000000e-01,4.000000000000000222e-01,5.384601650000000461e-01,1.402162811999999870e-01
2.500000000000000000e+05,4.000000000000000000e+02,5.000000000000000000e-01,4.000000000000000222e-01,5.384560256000000544e-01,1.402730228999999884e-01
2.700000000000000000e+05,4.000000000000000000e+02,5.000000000000000000e-01,4.000000000000000222e-01,5.384508551000000143e-01,1.403255582999999862e-01
2.900000000000000000e+05,4.000000000000000000e+02,5.000000000000000000e-01,4.000000000000000222e-01,5.384450675999999936e-01,1.403745550999999925e-01
3.100000000000000000e+05,4.000000000000000000e+02,5.000000000000000000e-01,4.000000000000000222e-01,5.384389444999999608e-01,1.404205352000000018e-01
3.300000000000000000e+05,4.000000000000000000e+02,5.000000000000000000e-01,4.000000000000000222e-01,5.384326793999999472e-01,1.404639135000000094e-01
3.500000000000000000e+05,4.000000000000000000e+02,5.000000000000000000e-01,4.000000000000000222e-01,5.384264064999999544e-01,1.405050253000000027e-01
3.700000000000000000e+05,4.000000000000000000e+02,5.000000000000000000e-01,4.000000000000000222e-01,5.384202189000000249e-01,1.405441457000000116e-01
3.900000000000000000e+05,4.000000000000000000e+02,5.000000000000000000e-01,4.000000000000000222e-01,5.384141813999999693e-01,1.405815025000000107e-01
4.100000000000000000e+05,4.000000000000000000e+02,5.000000000000000000e-01,4.000000000000000222e-01,5.384083386000000360e-01,1.406172870000000075e-01
4.300000000000000000e+05,4.000000000000000000e+02,5.000000000000000000e-01,4.000000000000000222e-01,5.384027204000000344e-01,1.406516609000000029e-01
4.500000000000000000e+05,4.000000000000000000e+02,5.000000000000000000e-01,4.000000000000000222e-01,5.383973464000000320e-01,1.406847622999999881e-01
4.700000000000000000e+05,4.000000000000000000e+02,5.000000000000000000e-01,4.000000000000000222e-01,5.383922288000000389e-01,1.407167102999999919e-01
4.900000000000000000e+05,4.000000000000000000e+02,5.000000000000000000e-01,4.000000000000000222e-01,5.383873741000000379e-01,1.407476076999999992e-01
5.100000000000000000e+05,4.000000000000000000e+02,5.000000000000000000e-01,4.000000000000000222e-01,5.383827847000000055e-01,1.407775444999999903e-01
5.300000000000000000e+05,4.000000000000000000e+02,5.000000000000000000e-01,4.000000000000000222e-01,5.383784605000000445e-01,1.408065994999999904e-01
5.500000000000000000e+05,4.000000000000000000e+02,5.000000000000000000e-01,4.000000000000000222e-01,5.383743989000000507e-01,1.408348422000000044e-01
5.700000000000000000e+05,4.000000000000000000e+02,5.000000000000000000e-01,4.000000000000000222e-01,5.383705959000000263e-01,1.408623343000000028e-01
5.900000000000000000e+05,4.000000000000000000e+02,5.000000000000000000e-01,4.000000000000000222e-01,5.383670465000000016e-01,1.408891308000000120e-01
6.100000000000000000e+05,4.000000000000000000e+02,5.000000000000000000e-01,4.000000000000000222e-01,5.383637449000000519e-01,1.409152805999999980e-01
6.300000000000000000e+05,4.000000000000000000e+02,5.000000000000000000e-01,4.000000000000000222e-01,5.383606848999999972e-01,1.409408279999999902e-01
6.500000000000000000e+05,4.000000000000000000e+02,5.000000000000000000e-01,4.000000000000000222e-01,5.383578598999999576e-01,1.409658125000000095e-01
6.700000000000000000e+05,4.000000000000000000e+02,5.000000000000000000e-01,4.000000000000000222e-01,5.383552632000000449e-01,1.409902702999999979e-01
6.900000000000000000e+05,4.000000000000000000e+02,5.000000000000000000e-01,4.000000000000000222e-01,5.383528880000000294e-01,1.410142339000000078e-01
7.100000000000000000e+05,4.000000000000000000e+02,5.000000000000000000e-01,4.000000000000000222e-01,5.383507276000000230e-01,1.410377328999999902e-01
7.300000000000000000e+05,4.000000000000000000e+02,5.000000000000000000e-01,4.000000000000000222e-01,5.383487754000000347e-01,1.410607945000000030e-01
7.500000000000000000e+05,4.000000000000000000e+02,5.000000000000000000e-01,4.000000000000000222e-01,5.383470246999999542e-01,1.410834434999999887e-01
7.700000000000000000e+05,4.000000000000000000e+02,5.000000000000000000e-01,4.000000000000000222e-01,5.383454692000000374e-01,1.411057025999999937e-01
7.900000000000000000e+05,4.000000000000000000e+02,5.000000000000000000e-01,4.000000000000000222e-01,5.383441026999999934e-01,1.411275925999999903e-01
8.100000000000000000e+05,4.000000000000000000e+02,5.000000000000000000e-01,4.000000000000000222e-01,5.383429191999999919e-01,1.411491329000000017e-01
8.300000000000000000e+05,4.000000000000000000e+02,5.000000000000000000e-01,4.000000000000000222e-01,5.383419128999999970e-01,1.411703413000000018e-01
8.500000000000000000e+05,4.000000000000000000e+02,5.000000000000000000e-01,4.000000000000000222e-01,5.383410779999999729e-01,1.411912342999999959e-01
8.700000000000000000e+05,4.000000000000000000e+02,5.000000000000000000e-01,4.000000000000000222e-01,5.383404093000000445e-01,1.412118270999999925e-01
8.900000000000000000e+05,4.000000000000000000e+02,5.000000000000000000e-01,4.000000000000000222e-01,5.383399013999999871e-01,1.412321340000000092e-01
9.100000000000000000e+05,4.000000000000000000e+02,5.000000000000000000e-01,4.000000000000000222e-01,5.383395493999999504e-01,1.412521680999999918e-01
9.300000000000000000e+05,4.000000000000000000e+02,5.000000000000000000e-01,4.000000000000000222e-01,5.383393483999999729e-01,1.412719417999999949e-01
9.500000000000000000e+05,4.000000000000000000e+02,5.000000000000000000e-01,4.000000000000000222e-01,5.383392936999999989e-01,1.412914664999999903e-01
9.700000000000000000e+05,4.000000000000000000e+02,5.000000000000000000e-01,4.000000000000000222e-01,5.383393808999999974e-01,1.413107530999999917e-01
9.900000000000000000e+05,4.000000000000000000e+02,5.000000000000000000e-01,4.000000000000000222e-01,5.383396056999999457e-01,1.413298115999999938e-01
1.000000000000000000e+05,4.000000000000000000e+02,5.000000000000000000e-01,4.000000000000000222e-01,5.383548811999999684e-01,1.396355974000000055e-01
3.000000000000000000e+05,4.000000000000000000e+02,5.000000000000000000e-01,4.000000000000000222e-01,5.384420342000000304e-01,1.403978942000000119e-01
5.000000000000000000e+05,4.000000000000000000e+02,5.000000000000000000e-01,4.000000000000000222e-01,5.383850462000000503e-01,1.407626909999999953e-01
7.000000000000000000e+05,4.000000000000000000e+02,5.000000000000000000e-01,4.000000000000000222e-01,5.383517813999999513e-01,1.410260396999999943e-01
9.000000000000000000e+05,4.000000000000000000e+02,5.000000000000000000e-01,4.000000000000000222e-01,5.383397062000000455e-01,1.412421842999999899e-01
1.100000000000000000e+06,4.000000000000000000e+02,5.000000000000000000e-01,4.000000000000000222e-01,5.383431249000000252e-01,1.414309511000000075e-01
1.300000000000000000e+06,4.000000000000000000e+02,5.000000000000000000e-01,4.000000000000000222e-01,5.383580009999999749e-01,1.416018202999999864e-01
1.500000000000000000e+06,4.000000000000000000e+02,5.000000000000000000e-01,4.000000000000000222e-01,5.383816058000000515e-01,1.417600655000000043e-01
1.700000000000000000e+06,4.000000000000000000e+02,5.000000000000000000e-01,4.000000000000000222e-01,5.384120514000000357e-01,1.419089236999999948e-01
1.900000000000000000e+06,4.000000000000000000e+02,5.000000000000000000e-01,4.000000000000000222e-01,5.384479898999999792e-01,1.420505251999999996e-01
2.100000000000000000e+06,4.000000000000000000e+02,5.000000000000000000e-01,4.000000000000000222e-01,5.384884299000000096e-01,1.421863465000000049e-01
2.300000000000000000e+06,4.000000000000000000e+02,5.000000000000000000e-01,4.000000000000000222e-01,5.385326221999999774e-01,1.423174534999999963e-01
2.500000000000000000e+06,4.000000000000000000e+02,5.000000000000000000e-01,4.000000000000000222e-01,5.385799881999999705e-01,1.424446406000000054e-01
2.700000000000000000e+06,4.000000000000000000e+02,5.000000000000000000e-01,4.000000000000000222e-01,5.386300716999999905e-01,1.425685160999999868e-01
2.900000000000000000e+06,4.000000000000000000e+02,5.000000000000000000e-01,4.000000000000000222e-01,5.386825073000000019e-01,1.426895555999999898e-01
3.100000000000000000e+06,4.000000000000000000e+02,5.000000000000000000e-01,4.000000000000000222e-01,5.387369976000000449e-01,1.428081384999999870e-01
3.300000000000000000e+06,4.000000000000000000e+02,5.000000000000000000e-01,4.000000000000000222e-01,5.387932974000000375e-01,1.429245721000000080e-01
3.500000000000000000e+06,4.000000000000000000e+02,5.000000000000000000e-01,4.000000000000000222e-01,5.388512025999999677e-01,1.430391087000000006e-01
3.700000000000000000e+06,4.000000000000000000e+02,5.000000000000000000e-01,4.000000000000000222e-01,5.389105408000000041e-01,1.431519582000000124e-01
3.900000000000000000e+06,4.000000000000000000e+02,5.000000000000000000e-01,4.000000000000000222e-01,5.389711658000000405e-01,1.432632970000000117e-01
4.100000000000000000e+06,4.000000000000000000e+02,5.000000000000000000e-01,4.000000000000000222e-01,5.390329522000000262e-01,1.433732745999999891e-01
4.300000000000000000e+06,4.000000000000000000e+02,5.000000000000000000e-01,4.000000000000000222e-01,5.390957915999999850e-01,1.434820192000000050e-01
4.500000000000000000e+06,4.000000000000000000e+02,5.000000000000000000e-01,4.000000000000000222e-01,5.391595899000000136e-01,1.435896412000000066e-01
4.700000000000000000e+06,4.000000000000000000e+02,5.000000000000000000e-01,4.000000000000000222e-01,5.392242645999999473e-01,1.436962364999999908e-01
4.900000000000000000e+06,4.000000000000000000e+02,5.000000000000000000e-01,4.000000000000000222e-01,5.392897432000000046e-01,1.438018887999999995e-01
5.100000000000000000e+06,4.000000000000000000e+02,5.000000000000000000e-01,4.000000000000000222e-01,5.393559616999999973e-01,1.439066720999999938e-01
5.300000000000000000e+06,4.000000000000000000e+02,5.000000000000000000e-01,4.000000000000000222e-01,5.394228628999999664e-01,1.440106512000000061e-01
5.500000000000000000e+06,4.000000000000000000e+02,5.000000000000000000e-01,4.000000000000000222e-01,5.394903962000000552e-01,1.441138841999999864e-01
5.700000000000000000e+06,4.000000000000000000e+02,5.000000000000000000e-01,4.000000000000000222e-01,5.395585157000000187e-01,1.442164224999999966e-01
5.900000000000000000e+06,4.000000000000000000e+02,5.000000000000000000e-01,4.000000000000000222e-01,5.396271806000000337e-01,1.443183124999999900e-01
6.100000000000000000e+06,4.000000000000000000e+02,5.000000000000000000e-01,4.000000000000000222e-01,5.396963538000000282e-01,1.444195956000000058e-01
6.300000000000000000e+06,4.000000000000000000e+02,5.000000000000000000e-01,4.000000000000000222e-01,5.397660016999999977e-01,1.445203094999999993e-01
6.500000000000000000e+06,4.000000000000000000e+02,5.000000000000000000e-01,4.000000000000000222e-01,5.398360936999999637e-01,1.446204882000000080e-01
6.700000000000000000e+06,4.000000000000000000e+02,5.000000000000000000e-01,4.000000000000000222e-01,5.399066020999999660e-01,1.447201623999999909e-01
6.900000000000000000e+06,4.000000000000000000e+02,5.000000000000000000e-01,4.000000000000000222e-01,5.399775015000000122e-01,1.448193604999999939e-01
7.100000000000000000e+06,4.000000000000000000e+02,5.000000000000000000e-01,4.000000000000000222e-01,5.400487685000000537e-01,1.449181079999999899e-01
7.300000000000000000e+06,4.000000000000000000e+02,5.000000000000000000e-01,4.000000000000000222e-01,5.401203816999999852e-01,1.450164285999999969e-01
7.500000000000000000e+06,4.000000000000000000e+02,5.000000000000000000e-01,4.000000000000000222e-01,5.401923214999999612e-01,1.451143438999999979e-01
7.700000000000000000e+06,4.000000000000000000e+02,5.000000000000000000e-01,4.000000000000000222e-01,5.402645695000000137e-01,1.452118739000000103e-01
7.900000000000000000e+06,4.000000000000000000e+02,5.000000000000000000e-01,4.000000000000000222e-01,5.403371090999999904e-01,1.453090368999999937e-01
8.100000000000000000e+06,4.000000000000000000e+02,5.000000000000000000e-01,4.000000000000000222e-01,5.404099246000000356e-01,1.454058501000000114e-01
8.300000000000000000e+06,4.000000000000000000e+02,5.000000000000000000e-01,4.000000000000000222e-01,5.404830014999999488e-01,1.455023290000000136e-01
8.500000000000000000e+06,4.000000000000000000e+02,5.000000000000000000e-01,4.000000000000000222e-01,5.405563263999999535e-01,1.455984884000000035e-01
8.700000000000000000e+06,4.000000000000000000e+02,5.000000000000000000e-01,4.000000000000000222e-01,5.406298867000000063e-01,1.456943418999999962e-01
8.900000000000000000e+06,4.000000000000000000e+02,5.000000000000000000e-01,4.000000000000000222e-01,5.407036708000000358e-01,1.457899021999999878e-01
9.100000000000000000e+06,4.000000000000000000e+02,5.000000000000000000e-01,4.000000000000000222e-01,5.407776676000000116e-01,1.458851810000000027e-01
9.300000000000000000e+06,4.000000000000000000e+02,5.000000000000000000e-01,4.000000000000000222e-01,5.408518669999999862e-01,1.459801894999999961e-01
9.500000000000000000e+06,4.000000000000000000e+02,5.000000000000000000e-01,4.000000000000000222e-01,5.409262594000000535e-01,1.460749379000000070e-01
9.700000000000000000e+06,4.000000000000000000e+02,5.000000000000000000e-01,4.000000000000000222e-01,5.410008357000000156e-01,1.461694360999999942e-01
9.900000000000000000e+06,4.000000000000000000e+02,5.000000000000000000e-01,4.000000000000000222e-01,5.410755874999999548e-01,1.462636931000000085e-01
1.000000000000000000e+06,4.000000000000000000e+02,5.000000000000000000e-01,4.000000000000000222e-01,5.383397682999999656e-01,1.413392582999999925e-01
3.000000000000000000e+06,4.000000000000000000e+02,5.000000000000000000e-01,4.000000000000000222e-01,5.387095119999999460e-01,1.427491334999999861e-01
5.000000000000000000e+06,4.000000000000000000e+02,5.000000000000000000e-01,4.000000000000000222e-01,5.393227636999999852e-01,1.438543848000000125e-01
7.000000000000000000e+06,4.000000000000000000e+02,5.000000000000000000e-01,4.000000000000000222e-01,5.400130904000000065e-01,1.448687889999999978e-01
9.000000000000000000e+06,4.000000000000000000e+02,5.000000000000000000e-01,4.000000000000000222e-01,5.407406433000000456e-01,1.458375761000000048e-01
1.100000000000000000e+07,4.000000000000000000e+02,5.000000000000000000e-01,4.000000000000000222e-01,5.414895252000000436e-01,1.467781533999999999e-01
1.300000000000000000e+07,4.000000000000000000e+02,5.000000000000000000e-01,4.000000000000000222e-01,5.422517728000000314e-01,1.476990905999999992e-01
1.500000000000000000e+07,4.000000000000000000e+02,5.000000000000000000e-01,4.000000000000000222e-01,5.430228262999999833e-01,1.486052486999999978e-01
1.700000000000000000e+07,4.000000000000000000e+02,5.000000000000000000e-01,4.000000000000000222e-01,5.437998322999999523e-01,1.494996551999999979e-01
1.900000000000000000e+07,4.000000000000000000e+02,5.000000000000000000e-01,4.000000000000000222e-01,5.445808880000000407e-01,1.503843266000000067e-01
2.100000000000000000e+07,4.000000000000000000e+02,5.000000000000000000e-01,4.000000000000000222e-01,5.453646620000000000e-01,1.512606749000000028e-01
2.300000000000000000e+07,4.000000000000000000e+02,5.000000000000000000e-01,4.000000000000000222e-01,5.461501879000000281e-01,1.521297293999999967e-01
2.500000000000000000e+07,4.000000000000000000e+02,5.000000000000000000e-01,4.000000000000000222e-01,5.469367428000000420e-01,1.529922642000000055e-01
2.700000000000000000e+07,4.000000000000000000e+02,5.000000000000000000e-01,4.000000000000000222e-01,5.477237726000000473e-01,1.538488772000000115e-01
2.900000000000000000e+07,4.000000000000000000e+02,5.000000000000000000e-01,4.000000000000000222e-01,5.485108441999999584e-01,1.547000407999999938e-01
3.100000000000000000e+07,4.000000000000000000e+02,5.000000000000000000e-01,4.000000000000000222e-01,5.492976131000000262e-01,1.555461352999999991e-01
3.300000000000000000e+07,4.000000000000000000e+02,5.000000000000000000e-01,4.000000000000000222e-01,5.500838015000000247e-01,1.563874718000000108e-01
3.500000000000000000e+07,4.000000000000000000e+02,5.000000000000000000e-01,4.000000000000000222e-01,5.508691825000000541e-01,1.572243087000000095e-01
3.700000000000000000e+07,4.000000000000000000e+02,5.000000000000000000e-01,4.000000000000000222e-01,5.516535689999999548e-01,1.580568635000000055e-01
3.900000000000000000e+07,4.000000000000000000e+02,5.000000000000000000e-01,4.000000000000000222e-01,5.524368050000000308e-01,1.588853211000000043e-01
4.100000000000000000e+07,4.000000000000000000e+02,5.000000000000000000e-01,4.000000000000000222e-01,5.532187599000000233e-01,1.597098406000000137e-01
4.300000000000000000e+07,4.000000000000000000e+02,5.000000000000000000e-01,4.000000000000000222e-01,5.539993230999999962e-01,1.605305600999999971e-01
4.500000000000000000e+07,4.000000000000000000e+02,5.000000000000000000e-01,4.000000000000000222e-01,5.547784008999999683e-01,1.613476004000000130e-01
4.700000000000000000e+07,4.000000000000000000e+02,5.000000000000000000e-01,4.000000000000000222e-01,5.555559129999999568e-01,1.621610682000000081e-01
4.900000000000000000e+07,4.000000000000000000e+02,5.000000000000000000e-01,4.000000000000000222e-01,5.563317907999999479e-01,1.629710582999999990e-01
5.100000000000000000e+07,4.000000000000000000e+02,5.000000000000000000e-01,4.000000000000000222e-01,5.571059752000000476e-01,1.637776555999999883e-01
5.300000000000000000e+07,4.000000000000000000e+02,5.000000000000000000e-01,4.000000000000000222e-01,5.578784151000000247e-01,1.645809364999999969e-01
5.500000000000000000e+07,4.000000000000000000e+02,5.000000000000000000e-01,4.000000000000000222e-01,5.586490664000000050e-01,1.653809700999999965e-01
5.700000000000000000e+07,4.000000000000000000e+02,5.000000000000000000e-01,4.000000000000000222e-01,5.594178909000000477e-01,1.661778195999999985e-01
5.900000000000000000e+07,4.000000000000000000e+02,5.000000000000000000e-01,4.000000000000000222e-01,5.601848555999999757e-01,1.669715424999999864e-01
6.100000000000000000e+07,4.000000000000000000e+02,5.000000000000000000e-01,4.000000000000000222e-01,5.609499316999999596e-01,1.677621920000000044e-01
6.300000000000000000e+07,4.000000000000000000e+02,5.000000000000000000e-01,4.000000000000000222e-01,5.617130943999999459e-01,1.685498169999999907e-01
6.500000000000000000e+07,4.000000000000000000e+02,5.000000000000000000e-01,4.000000000000000222e-01,5.624743220000000266e-01,1.693344629999999906e-01
6.700000000000000000e+07,4.000000000000000000e+02,5.000000000000000000e-01,4.000000000000000222e-01,5.632335960000000030e-01,1.701161723000000070e-01
6.900000000000000000e+07,4.000000000000000000e+02,5.000000000000000000e-01,4.000000000000000222e-01,5.639909002999999865e-01,1.708949845000000134e-01
7.100000000000000000e+07,4.000000000000000000e+02,5.000000000000000000e-01,4.000000000000000222e-01,5.647462211999999537e-01,1.716709365999999903e-01
7.300000000000000000e+07,4.000000000000000000e+02,5.000000000000000000e-01,4.000000000000000222e-01,5.654995469000000385e-01,1.724440634999999944e-01
7.500000000000000000e+07,4.000000000000000000e+02,5.000000000000000000e-01,4.000000000000000222e-01,5.662508673999999687e-01,1.732143982000000082e-01
7.700000000000000000e+07,4.000000000000000000e+02,5.000000000000000000e-01,4.000000000000000222e-01,5.670001743999999455e-01,1.739819717999999960e-01
7.900000000000000000e+07,4.000000000000000000e+02,5.000000000000000000e-01,4.000000000000000222e-01,5.677474608999999450e-01,1.747468140000000003e-01
8.100000000000000000e+07,4.000000000000000000e+02,5.000000000000000000e-01,4.000000000000000222e-01,5.684927213999999562e-01,1.755089528000000065e-01
8.300000000000000000e+07,4.000000000000000000e+02,5.000000000000000000e-01,4.000000000000000222e-01,5.692359511000000261e-01,1.762684150000000116e-01
8.500000000000000000e+07,4.000000000000000000e+02,5.000000000000000000e-01,4.000000000000000222e-01,5.699771468000000008e-01,1.770252264000000131e-01
8.700000000000000000e+07,4.000000000000000000e+02,5.000000000000000000e-01,4.000000000000000222e-01,5.707163057999999900e-01,1.777794115000000119e-01
8.900000000000000000e+07,4.000000000000000000e+02,5.000000000000000000e-01,4.000000000000000222e-01,5.714534263999999641e-01,1.785309938999999901e-01
9.100000000000000000e+07,4.000000000000000000e+02,5.000000000000000000e-01,4.000000000000000222e-01,5.721885075999999515e-01,1.792799962000000136e-01
9.300000000000000000e+07,4.000000000000000000e+02,5.000000000000000000e-01,4.000000000000000222e-01,5.729215493000000547e-01,1.800264403000000069e-01
9.500000000000000000e+07,4.000000000000000000e+02,5.000000000000000000e-01,4.000000000000000222e-01,5.736525516999999574e-01,1.807703472999999950e-01
9.700000000000000000e+07,4.000000000000000000e+02,5.000000000000000000e-01,4.000000000000000222e-01,5.743815157999999643e-01,1.815117374000000117e-01
9.900000000000000000e+07,4.000000000000000000e+02,5.000000000000000000e-01,4.000000000000000222e-01,5.751084429999999692e-01,1.822506305000000104e-01
1.000000000000000000e+07,4.000000000000000000e+02,5.000000000000000000e-01,4.000000000000000222e-01,5.411130267000000549e-01,1.463107338000000091e-01
3.000000000000000000e+07,4.000000000000000000e+02,5.000000000000000000e-01,4.000000000000000222e-01,5.489042852000000083e-01,1.551237007999999862e-01
5.000000000000000000e+07,4.000000000000000000e+02,5.000000000000000000e-01,4.000000000000000222e-01,5.567190979999999678e-01,1.633747761000000076e-01
7.000000000000000000e+07,4.000000000000000000e+02,5.000000000000000000e-01,4.000000000000000222e-01,5.643688095000000127e-01,1.712833158000000022e-01
9.000000000000000000e+07,4.000000000000000000e+02,5.000000000000000000e-01,4.000000000000000222e-01,5.718212218999999541e-01,1.789058162000000118e-01
1.000000000000000000e+08,4.000000000000000000e+02,5.000000000000000000e-01,4.000000000000000222e-01,5.754711434000000514e-01,1.826191466000000041e-01
