# pressure,temperature,f1,f2,molkg1,molkg2
1.000000000000000000e+00,4.000000000000000000e+02,2.000000000000000111e-01,6.999999999999999556e-01,1.555862652000000084e-03,1.452920420999999958e-03
3.000000000000000000e+00,4.000000000000000000e+02,2.000000000000000111e-01,6.999999999999999556e-01,4.626586551999999769e-03,4.320557380000000260e-03
5.000000000000000000e+00,4.000000000000000000e+02,2.000000000000000111e-01,6.999999999999999556e-01,7.643831184000000369e-03,7.138363134000000332e-03
7.000000000000000000e+00,4.000000000000000000e+02,2.000000000000000111e-01,6.999999999999999556e-01,1.060898059000000074e-02,9.907626359000000840e-03
9.000000000000000000e+00,4.000000000000000000e+02,2.000000000000000111e-01,6.999999999999999556e-01,1.352337147000000003e-02,1.262959165999999987e-02
1.100000000000000000e+01,4.000000000000000000e+02,2.000000000000000111e-01,6.999999999999999556e-01,1.638829518999999901e-02,1.530546145999999927e-02
1.300000000000000000e+01,4.000000000000000000e+02,2.000000000000000111e-01,6.999999999999999556e-01,1.920499968999999849e-02,1.793639773999999854e-02
1.500000000000000000e+01,4.000000000000000000e+02,2.000000000000000111e-01,6.999999999999999556e-01,2.197469127999999994e-02,2.052352375999999881e-02
1.700000000000000000e+01,4.000000000000000000e+02,2.000000000000000111e-01,6.999999999999999556e-01,2.469853636999999949e-02,2.306792562999999963e-02
1.900000000000000000e+01,4.000000000000000000e+02,2.000000000000000111e-01,6.999999999999999556e-01,2.737766314000000117e-02,2.557065386000000051e-02
2.100000000000000000e+01,4.000000000000000000e+02,2.000000000000000111e-01,6.999999999999999556e-01,3.001316302000000061e-02,2.803272478000000054e-02
2.300000000000000000e+01,4.000000000000000000e+02,2.000000000000000111e-01,6.999999999999999556e-01,3.260609224000000222e-02,3.045512193999999964e-02
2.500000000000000000e+01,4.000000000000000000e+02,2.000000000000000111e-01,6.999999999999999556e-01,3.515747320999999814e-02,3.283879741000000213e-02
2.700000000000000000e+01,4.000000000000000000e+02,2.000000000000000111e-01,6.999999999999999556e-01,3.766829585999999924e-02,3.518467303000000213e-02
2.900000000000000000e+01,4.000000000000000000e+02,2.000000000000000111e-01,6.999999999999999556e-01,4.013951892999999965e-02,3.749364161000000306e-02
3.100000000000000000e+01,4.000000000000000000e+02,2.000000000000000111e-01,6.999999999999999556e-01,4.257207117999999707e-02,3.976656803999999851e-02
3.300000000000000000e+01,4.000000000000000000e+02,2.000000000000000111e-01,6.999999999999999556e-01,4.496685257000000019e-02,4.200429041999999974e-02
3.500000000000000000e+01,4.000000000000000000e+02,2.000000000000000111e-01,6.999999999999999556e-01,4.732473534000000009e-02,4.420762102999999804e-02
3.700000000000000000e+01,4.000000000000000000e+02,2.000000000000000111e-01,6.999999999999999556e-01,4.964656509999999801e-02,4.637734737000000218e-02
3.900000000000000000e+01,4.000000000000000000e+02,2.000000000000000111e-01,6.999999999999999556e-01,5.193316179000000143e-02,4.851423304000000020e-02
4.100000000000000000e+01,4.000000000000000000e+02,2.000000000000000111e-01,6.999999999999999556e-01,5.418532071999999922e-02,5.061901871999999886e-02
4.300000000000000000e+01,4.000000000000000000e+02,2.000000000000000111e-01,6.999999999999999556e-01,5.640381341999999715e-02,5.269242293999999716e-02
4.500000000000000000e+01,4.000000000000000000e+02,2.000000000000000111e-01,6.999999999999999556e-01,5.858938855000000306e-02,5.473514295000000279e-02
4.700000000000000000e+01,4.000000000000000000e+02,2.000000000000000111e-01,6.999999999999999556e-01,6.074277276000000086e-02,5.674785551000000039e-02
4.900000000000000000e+01,4.000000000000000000e+02,2.000000000000000111e-01,6.999999999999999556e-01,6.286467145000000645e-02,5.873121759000000247e-02
5.100000000000000000e+01,4.000000000000000000e+02,2.000000000000000111e-01,6.999999999999999556e-01,6.495576957000000207e-02,6.068586713000000132e-02
5.300000000000000000e+01,4.000000000000000000e+02,2.000000000000000111e-01,6.999999999999999556e-01,6.701673235999999756e-02,6.261242372000000445e-02
5.500000000000000000e+01,4.000000000000000000e+02,2.000000000000000111e-01,6.999999999999999556e-01,6.904820604000000417e-02,6.451148922999999646e-02
5.700000000000000000e+01,4.000000000000000000e+02,2.000000000000000111e-01,6.999999999999999556e-01,7.105081846999999895e-02,6.638364845999999986e-02
5.900000000000000000e+01,4.000000000000000000e+02,2.000000000000000111e-01,6.999999999999999556e-01,7.302517983999999573e-02,6.822946974999999359e-02
6.100000000000000000e+01,4.000000000000000000e+02,2.000000000000000111e-01,6.999999999999999556e-01,7.497188325999999681e-02,7.004950551999999941e-02
6.300000000000000000e+01,4.000000000000000000e+02,2.000000000000000111e-01,6.999999999999999556e-01,7.689150532999999843e-02,7.184429287000000663e-02
6.500000000000000000e+01,4.000000000000000000e+02,2.000000000000000111e-01,6.999999999999999556e-01,7.878460677000000134e-02,7.361435404999999710e-02
6.700000000000000000e+01,4.000000000000000000e+02,2.000000000000000111e-01,6.999999999999999556e-01,8.065173290999999578e-02,7.536019703000000625e-02
6.900000000000000000e+01,4.000000000000000000e+02,2.000000000000000111e-01,6.999999999999999556e-01,8.249341424999999395e-02,7.708231594000000686e-02
7.100000000000000000e+01,4.000000000000000000e+02,2.000000000000000111e-01,6.999999999999999556e-01,8.431016691999999868e-02,7.878119157000000594e-02
7.300000000000000000e+01,4.000000000000000000e+02,2.000000000000000111e-01,6.999999999999999556e-01,8.610249322000000649e-02,8.045729179999999703e-02
7.500000000000000000e+01,4.000000000000000000e+02,2.000000000000000111e-01,6.999999999999999556e-01,8.787088200999999821e-02,8.211107200999999411e-02
7.700000000000000000e+01,4.000000000000000000e+02,2.000000000000000111e-01,6.999999999999999556e-01,8.961580922999999588e-02,8.374297555000000115e-02
7.900000000000000000e+01,4.000000000000000000e+02,2.000000000000000111e-01,6.999999999999999556e-01,9.133773826999999623e-02,8.535343407999999854e-02
8.100000000000000000e+01,4.000000000000000000e+02,2.000000000000000111e-01,6.999999999999999556e-01,9.303712040999999322e-02,8.694286798000000482e-02
8.300000000000000000e+01,4.000000000000000000e+02,2.000000000000000111e-01,6.999999999999999556e-01,9.471439517999999391e-02,8.851168671999999626e-02
8.500000000000000000e+01,4.000000000000000000e+02,2.000000000000000111e-01,6.999999999999999556e-01,9.636999079999999940e-02,9.006028919000000355e-02
8.700000000000000000e+01,4.000000000000000000e+02,2.000000000000000111e-01,6.999999999999999556e-01,9.800432446000000020e-02,9.158906407000000360e-02
8.900000000000000000e+01,4.000000000000000000e+02,2.000000000000000111e-01,6.999999999999999556e-01,9.961780274999999796e-02,9.309839010999999831e-02
9.100000000000000000e+01,4.000000000000000000e+02,2.000000000000000111e-01,6.999999999999999556e-01,1.012108218999999976e-01,9.458863650000000345e-02
9.300000000000000000e+01,4.000000000000000000e+02,2.000000000000000111e-01,6.999999999999999556e-01,1.027837684000000029e-01,9.606016313000000084e-02
9.500000000000000000e+01,4.000000000000000000e+02,2.000000000000000111e-01,6.999999999999999556e-01,1.043370185999999977e-01,9.751332089000000480e-02
9.700000000000000000e+01,4.000000000000000000e+02,2.000000000000000111e-01,6.999999999999999556e-01,1.058709399999999967e-01,9.894845195000000204e-02
9.900000000000000000e+01,4.000000000000000000e+02,2.000000000000000111e-01,6.999999999999999556e-01,1.073858907999999945e-01,1.003658899999999993e-01
1.000000000000000000e+01,4.000000000000000000e+02,2.000000000000000111e-01,6.999999999999999556e-01,1.496193772999999949e-02,1.397321494999999997e-02
3.000000000000000000e+01,4.000000000000000000e+02,2.000000000000000111e-01,6.999999999999999556e-01,4.136057199999999823e-02,3.863455709000000043e-02
5.000000000000000000e+01,4.000000000000000000e+02,2.000000000000000111e-01,6.999999999999999556e-01,6.391402855000000161e-02,5.971209227999999675e-02
7.000000000000000000e+01,4.000000000000000000e+02,2.000000000000000111e-01,6.999999999999999556e-01,8.340487496000000001e-02,7.793462963000000188e-02
9.000000000000000000e+01,4.000000000000000000e+02,2.000000000000000111e-01,6.999999999999999556e-01,1.004168453999999960e-01,9.384587555999999997e-02
1.100000000000000000e+02,4.000000000000000000e+02,2.000000000000000111e-01,6.999999999999999556e-01,1.153942141999999976e-01,1.078596943999999974e-01
1.300000000000000000e+02,4.000000000000000000e+02,2.000000000000000111e-01,6.999999999999999556e-01,1.286810938999999876e-01,1.202966867999999967e-01
1.500000000000000000e+02,4.000000000000000000e+02,2.000000000000000111e-01,6.999999999999999556e-01,1.405481537999999919e-01,1.314090618000000044e-01
1.700000000000000000e+02,4.000000000000000000e+02,2.000000000000000111e-01,6.999999999999999556e-01,1.512112198999999990e-01,1.413979515999999881e-01
1.900000000000000000e+02,4.000000000000000000e+02,2.000000000000000111e-01,6.999999999999999556e-01,1.608444940000000045e-01,1.504257200000000128e-01
2.100000000000000000e+02,4.000000000000000000e+02,2.000000000000000111e-01,6.999999999999999556e-01,1.695901263000000048e-01,1.586248744000000044e-01
2.300000000000000000e+02,4.000000000000000000e+02,2.000000000000000111e-01,6.999999999999999556e-01,1.775652618000000127e-01,1.661046277999999876e-01
2.500000000000000000e+02,4.000000000000000000e+02,2.000000000000000111e-01,6.999999999999999556e-01,1.848673061999999978e-01,1.729558022999999889e-01
2.700000000000000000e+02,4.000000000000000000e+02,2.000000000000000111e-01,6.999999999999999556e-01,1.915779156000000094e-01,1.792545449999999874e-01
2.900000000000000000e+02,4.000000000000000000e+02,2.000000000000000111e-01,6.999999999999999556e-01,1.977660549999999962e-01,1.850651765999999920e-01
3.100000000000000000e+02,4.000000000000000000e+02,2.000000000000000111e-01,6.999999999999999556e-01,2.034903717999999861e-01,1.904424023000000077e-01
3.300000000000000000e+02,4.000000000000000000e+02,2.000000000000000111e-01,6.999999999999999556e-01,2.088010554999999990e-01,1.954330437000000031e-01
3.500000000000000000e+02,4.000000000000000000e+02,2.000000000000000111e-01,6.999999999999999556e-01,2.137413086999999934e-01,2.000774103000000081e-01
3.700000000000000000e+02,4.000000000000000000e+02,2.000000000000000111e-01,6.999999999999999556e-01,2.183485225000000030e-01,2.044103932000000123e-01
3.900000000000000000e+02,4.000000000000000000e+02,2.000000000000000111e-01,6.999999999999999556e-01,2.226552210999999948e-01,2.084623465000000064e-01
4.100000000000000000e+02,4.000000000000000000e+02,2.000000000000000111e-01,6.999999999999999556e-01,2.266898290000000094e-01,2.122598014000000033e-01
4.300000000000000000e+02,4.000000000000000000e+02,2.000000000000000111e-01,6.999999999999999556e-01,2.304772971000000059e-01,2.158260499999999915e-01
4.500000000000000000e+02,4.000000000000000000e+02,2.000000000000000111e-01,6.999999999999999556e-01,2.340396174000000107e-01,2.191816246999999940e-01
4.700000000000000000e+02,4.000000000000000000e+02,2.000000000000000111e-01,6.999999999999999556e-01,2.373962487000000066e-01,2.223446956000000030e-01
4.900000000000000000e+02,4.000000000000000000e+02,2.000000000000000111e-01,6.999999999999999556e-01,2.405644714999999878e-01,2.253314006000000091e-01
5.100000000000000000e+02,4.000000000000000000e+02,2.000000000000000111e-01,6.999999999999999556e-01,2.435596841000000068e-01,2.281561219000000085e-01
5.300000000000000000e+02,4.000000000000000000e+02,2.000000000000000111e-01,6.999999999999999556e-01,2.463956523999999981e-01,2.308317186000000132e-01
5.500000000000000000e+02,4.000000000000000000e+02,2.000000000000000111e-01,6.999999999999999556e-01,2.490847200999999900e-01,2.333697228000000123e-01
5.700000000000000000e+02,4.000000000000000000e+02,2.000000000000000111e-01,6.999999999999999556e-01,2.516379879999999791e-01,2.357805070000000003e-01
5.900000000000000000e+02,4.000000000000000000e+02,2.000000000000000111e-01,6.999999999999999556e-01,2.540654666000000117e-01,2.380734258999999964e-01
6.100000000000000000e+02,4.000000000000000000e+02,2.000000000000000111e-01,6.999999999999999556e-01,2.563762066999999978e-01,2.402569384000000086e-01
6.300000000000000000e+02,4.000000000000000000e+02,2.000000000000000111e-01,6.999999999999999556e-01,2.585784114999999939e-01,2.423387126999999863e-01
6.500000000000000000e+02,4.000000000000000000e+02,2.000000000000000111e-01,6.999999999999999556e-01,2.606795336000000129e-01,2.443257158000000095e-01
6.700000000000000000e+02,4.000000000000000000e+02,2.000000000000000111e-01,6.999999999999999556e-01,2.626863591999999969e-01,2.462242927999999942e-01
6.900000000000000000e+02,4.000000000000000000e+02,2.000000000000000111e-01,6.999999999999999556e-01,2.646050804999999784e-01,2.480402341999999871e-01
7.100000000000000000e+02,4.000000000000000000e+02,2.000000000000000111e-01,6.999999999999999556e-01,2.664413595999999829e-01,2.497788353000000017e-01
7.300000000000000000e+02,4.000000000000000000e+02,2.000000000000000111e-01,6.999999999999999556e-01,2.682003839000000056e-01,2.514449482000000180e-01
7.500000000000000000e+02,4.000000000000000000e+02,2.000000000000000111e-01,6.999999999999999556e-01,2.698869148999999967e-01,2.530430271999999925e-01
7.700000000000000000e+02,4.000000000000000000e+02,2.000000000000000111e-01,6.999999999999999556e-01,2.715053306999999916e-01,2.545771686000000145e-01
7.900000000000000000e+02,4.000000000000000000e+02,2.000000000000000111e-01,6.999999999999999556e-01,2.730596644000000128e-01,2.560511460000000072e-01
8.100000000000000000e+02,4.000000000000000000e+02,2.000000000000000111e-01,6.999999999999999556e-01,2.745536369000000088e-01,2.574684419000000113e-01
8.300000000000000000e+02,4.000000000000000000e+02,2.000000000000000111e-01,6.999999999999999556e-01,2.759906866999999875e-01,2.588322745000000147e-01
8.500000000000000000e+02,4.000000000000000000e+02,2.000000000000000111e-01,6.999999999999999556e-01,2.773739961999999726e-01,2.601456228999999842e-01
8.700000000000000000e+02,4.000000000000000000e+02,2.000000000000000111e-01,6.999999999999999556e-01,2.787065152000000046e-01,2.614112486999999874e-01
8.900000000000000000e+02,4.000000000000000000e+02,2.000000000000000111e-01,6.999999999999999556e-01,2.799909816000000218e-01,2.626317155999999819e-01
9.100000000000000000e+02,4.000000000000000000e+02,2.000000000000000111e-01,6.999999999999999556e-01,2.812299400000000116e-01,2.638094065000000099e-01
9.300000000000000000e+02,4.000000000000000000e+02,2.000000000000000111e-01,6.999999999999999556e-01,2.824257588999999902e-01,2.649465396999999833e-01
9.500000000000000000e+02,4.000000000000000000e+02,2.000000000000000111e-01,6.999999999999999556e-01,2.835806450999999728e-01,2.660451823000000160e-01
9.700000000000000000e+02,4.000000000000000000e+02,2.000000000000000111e-01,6.999999999999999556e-01,2.846966577000000220e-01,2.671072634000000168e-01
9.900000000000000000e+02,4.000000000000000000e+02,2.000000000000000111e-01,6.999999999999999556e-01,2.857757199000000026e-01,2.681345850999999891e-01
1.000000000000000000e+02,4.000000000000000000e+02,2.000000000000000111e-01,6.999999999999999556e-01,1.081363617000000027e-01,1.010680763000000038e-01
3.000000000000000000e+02,4.000000000000000000e+02,2.000000000000000111e-01,6.999999999999999556e-01,2.006828750000000106e-01,1.878048716999999868e-01
5.000000000000000000e+02,4.000000000000000000e+02,2.000000000000000111e-01,6.999999999999999556e-01,2.420828080999999909e-01,2.267631723000000099e-01
7.000000000000000000e+02,4.000000000000000000e+02,2.000000000000000111e-01,6.999999999999999556e-01,2.655331906000000242e-01,2.489188891999999931e-01
9.000000000000000000e+02,4.000000000000000000e+02,2.000000000000000111e-01,6.999999999999999556e-01,2.806159972999999752e-01,2.632257657000000028e-01
1.100000000000000000e+03,4.000000000000000000e+02,2.000000000000000111e-01,6.999999999999999556e-01,2.911249870000000017e-01,2.732337365999999990e-01
1.300000000000000000e+03,4.000000000000000000e+02,2.000000000000000111e-01,6.999999999999999556e-01,2.988624657000000240e-01,2.806315683000000227e-01
1.500000000000000000e+03,4.000000000000000000e+02,2.000000000000000111e-01,6.999999999999999556e-01,3.047942217999999870e-01,2.863254265999999881e-01
1.700000000000000000e+03,4.000000000000000000e+02,2.000000000000000111e-01,6.999999999999999556e-01,3.094842962000000086e-01,2.908452400000000049e-01
1.900000000000000000e+03,4.000000000000000000e+02,2.000000000000000111e-01,6.999999999999999556e-01,3.132841506999999859e-01,2.945216547000000240e-01
2.100000000000000000e+03,4.000000000000000000e+02,2.000000000000000111e-01,6.999999999999999556e-01,3.164241620000000088e-01,2.975716911999999881e-01
2.300000000000000000e+03,4.000000000000000000e+02,2.000000000000000111e-01,6.999999999999999556e-01,3.190616128000000051e-01,3.001437102999999773e-01
2.500000000000000000e+03,4.000000000000000000e+02,2.000000000000000111e-01,6.999999999999999556e-01,3.213075385999999978e-01,3.023425879000000149e-01
2.700000000000000000e+03,4.000000000000000000e+02,2.000000000000000111e-01,6.999999999999999556e-01,3.232425537999999987e-01,3.042445669000000130e-01
2.900000000000000000e+03,4.000000000000000000e+02,2.000000000000000111e-01,6.999999999999999556e-01,3.249265962999999813e-01,3.059064101000000258e-01
3.100000000000000000e+03,4.000000000000000000e+02,2.000000000000000111e-01,6.999999999999999556e-01,3.264051537000000058e-01,3.073712522000000003e-01
3.300000000000000000e+03,4.000000000000000000e+02,2.000000000000000111e-01,6.999999999999999556e-01,3.277133673000000025e-01,3.086724609000000008e-01
3.500000000000000000e+03,4.000000000000000000e+02,2.000000000000000111e-01,6.999999999999999556e-01,3.288788133000000169e-01,3.098362552000000214e-01
3.700000000000000000e+03,4.000000000000000000e+02,2.000000000000000111e-01,6.999999999999999556e-01,3.299234334000000213e-01,3.108835241999999832e-01
3.900000000000000000e+03,4.000000000000000000e+02,2.000000000000000111e-01,6.999999999999999556e-01,3.308649021999999773e-01,3.118311169999999910e-01
4.100000000000000000e+03,4.000000000000000000e+02,2.000000000000000111e-01,6.999999999999999556e-01,3.317176158999999847e-01,3.126927755000000198e-01
4.300000000000000000e+03,4.000000000000000000e+02,2.000000000000000111e-01,6.999999999999999556e-01,3.324934178000000240e-01,3.134798195999999870e-01
4.500000000000000000e+03,4.000000000000000000e+02,2.000000000000000111e-01,6.999999999999999556e-01,3.332021398000000190e-01,3.142016588000000055e-01
4.700000000000000000e+03,4.000000000000000000e+02,2.000000000000000111e-01,6.999999999999999556e-01,3.338520112000000206e-01,3.148661797000000262e-01
4.900000000000000000e+03,4.000000000000000000e+02,2.000000000000000111e-01,6.999999999999999556e-01,3.344499723000000091e-01,3.154800421000000243e-01
5.100000000000000000e+03,4.000000000000000000e+02,2.000000000000000111e-01,6.999999999999999556e-01,3.350019170999999907e-01,3.160489092000000055e-01
5.300000000000000000e+03,4.000000000000000000e+02,2.000000000000000111e-01,6.999999999999999556e-01,3.355128827000000147e-01,3.165776271999999891e-01
5.500000000000000000e+03,4.000000000000000000e+02,2.000000000000000111e-01,6.999999999999999556e-01,3.359871996000000083e-01,3.170703680999999996e-01
5.700000000000000000e+03,4.000000000000000000e+02,2.000000000000000111e-01,6.999999999999999556e-01,3.364286112000000051e-01,3.175307430000000042e-01
5.900000000000000000e+03,4.000000000000000000e+02,2.000000000000000111e-01,6.999999999999999556e-01,3.368403698999999918e-01,3.179618933999999730e-01
6.100000000000000000e+03,4.000000000000000000e+02,2.000000000000000111e-01,6.999999999999999556e-01,3.372253148000000089e-01,3.183665652000000068e-01
6.300000000000000000e+03,4.000000000000000000e+02,2.000000000000000111e-01,6.999999999999999556e-01,3.375859353999999812e-01,3.187471693999999744e-01
6.500000000000000000e+03,4.000000000000000000e+02,2.000000000000000111e-01,6.999999999999999556e-01,3.379244235000000152e-01,3.191058316000000006e-01
6.700000000000000000e+03,4.000000000000000000e+02,2.000000000000000111e-01,6.999999999999999556e-01,3.382427165999999930e-01,3.194444329000000193e-01
6.900000000000000000e+03,4.000000000000000000e+02,2.000000000000000111e-01,6.999999999999999556e-01,3.385425333000000037e-01,3.197646445999999809e-01
7.100000000000000000e+03,4.000000000000000000e+02,2.000000000000000111e-01,6.999999999999999556e-01,3.388254038999999884e-01,3.200679563000000116e-01
7.300000000000000000e+03,4.000000000000000000e+02,2.000000000000000111e-01,6.999999999999999556e-01,3.390926947999999830e-01,3.203557000999999738e-01
7.500000000000000000e+03,4.000000000000000000e+02,2.000000000000000111e-01,6.999999999999999556e-01,3.393456302000000258e-01,3.206290709999999877e-01
7.700000000000000000e+03,4.000000000000000000e+02,2.000000000000000111e-01,6.999999999999999556e-01,3.395853099999999736e-01,3.208891440000000150e-01
7.900000000000000000e+03,4.000000000000000000e+02,2.000000000000000111e-01,6.999999999999999556e-01,3.398127250999999904e-01,3.211368889999999809e-01
8.100000000000000000e+03,4.000000000000000000e+02,2.000000000000000111e-01,6.999999999999999556e-01,3.400287707999999909e-01,3.213731832000000233e-01
8.300000000000000000e+03,4.000000000000000000e+02,2.000000000000000111e-01,6.999999999999999556e-01,3.402342576999999868e-01,3.215988222000000230e-01
8.500000000000000000e+03,4.000000000000000000e+02,2.000000000000000111e-01,6.999999999999999556e-01,3.404299215000000101e-01,3.218145287999999993e-01
8.700000000000000000e+03,4.000000000000000000e+02,2.000000000000000111e-01,6.999999999999999556e-01,3.406164316999999997e-01,3.220209618000000051e-01
8.900000000000000000e+03,4.000000000000000000e+02,2.000000000000000111e-01,6.999999999999999556e-01,3.407943987000000008e-01,3.222187223999999905e-01
9.100000000000000000e+03,4.000000000000000000e+02,2.000000000000000111e-01,6.999999999999999556e-01,3.409643801000000196e-01,3.224083605999999991e-01
9.300000000000000000e+03,4.000000000000000000e+02,2.000000000000000111e-01,6.999999999999999556e-01,3.411268861999999791e-01,3.225903807000000123e-01
9.500000000000000000e+03,4.000000000000000000e+02,2.000000000000000111e-01,6.999999999999999556e-01,3.412823853999999990e-01,3.227652455999999725e-01
9.700000000000000000e+03,4.000000000000000000e+02,2.000000000000000111e-01,6.999999999999999556e-01,3.414313077000000196e-01,3.229333813999999969e-01
9.900000000000000000e+03,4.000000000000000000e+02,2.000000000000000111e-01,6.999999999999999556e-01,3.415740489999999907e-01,3.230951806999999842e-01
1.000000000000000000e+03,4.000000000000000000e+02,2.000000000000000111e-01,6.999999999999999556e-01,2.863019614000000268e-01,2.686357421000000190e-01
3.000000000000000000e+03,4.000000000000000000e+02,2.000000000000000111e-01,6.999999999999999556e-01,3.256891594999999917e-01,3.066611773999999846e-01
5.000000000000000000e+03,4.000000000000000000e+02,2.000000000000000111e-01,6.999999999999999556e-01,3.347313638000000147e-01,3.157697798999999916e-01
7.000000000000000000e+03,4.000000000000000000e+02,2.000000000000000111e-01,6.999999999999999556e-01,3.386859978999999798e-01,3.199183262999999999e-01
9.000000000000000000e+03,4.000000000000000000e+02,2.000000000000000111e-01,6.999999999999999556e-01,3.408803545999999907e-01,3.223145242000000077e-01
1.100000000000000000e+04,4.000000000000000000e+02,2.000000000000000111e-01,6.999999999999999556e-01,3.422636331999999726e-01,3.238867172000000072e-01
1.300000000000000000e+04,4.000000000000000000e+02,2.000000000000000111e-01,6.999999999999999556e-01,3.432082866000000232e-01,3.250042483000000204e-01
1.500000000000000000e+04,4.000000000000000000e+02,2.000000000000000111e-01,6.999999999999999556e-01,3.438898683000000123e-01,3.258435863999999960e-01
1.700000000000000000e+04,4.000000000000000000e+02,2.000000000000000111e-01,6.999999999999999556e-01,3.444017650000000264e-01,3.264998761999999832e-01
1.900000000000000000e+04,4.000000000000000000e+02,2.000000000000000111e-01,6.999999999999999556e-01,3.447981355999999997e-01,3.270290390000000214e-01
2.100000000000000000e+04,4.000000000000000000e+02,2.000000000000000111e-01,6.999999999999999556e-01,3.451124979999999898e-01,3.274661473000000100e-01
2.300000000000000000e+04,4.000000000000000000e+02,2.000000000000000111e-01,6.999999999999999556e-01,3.453666758999999753e-01,3.278343423000000256e-01
2.500000000000000000e+04,4.000000000000000000e+02,2.000000000000000111e-01,6.999999999999999556e-01,3.455754699999999957e-01,3.281495281999999847e-01
2.700000000000000000e+04,4.000000000000000000e+02,2.000000000000000111e-01,6.999999999999999556e-01,3.457492603000000275e-01,3.284230074000000221e-01
2.900000000000000000e+04,4.000000000000000000e+02,2.000000000000000111e-01,6.999999999999999556e-01,3.458955336999999797e-01,3.286630407000000198e-01
3.100000000000000000e+04,4.000000000000000000e+02,2.000000000000000111e-01,6.999999999999999556e-01,3.460198201999999945e-01,3.288758111000000262e-01
3.300000000000000000e+04,4.000000000000000000e+02,2.000000000000000111e-01,6.999999999999999556e-01,3.461262889999999759e-01,3.290660423999999806e-01
3.500000000000000000e+04,4.000000000000000000e+02,2.000000000000000111e-01,6.999999999999999556e-01,3.462181397999999910e-01,3.292374081000000174e-01
3.700000000000000000e+04,4.000000000000000000e+02,2.000000000000000111e-01,6.999999999999999556e-01,3.462978669999999815e-01,3.293928101999999969e-01
3.900000000000000000e+04,4.000000000000000000e+02,2.000000000000000111e-01,6.999999999999999556e-01,3.463674421999999864e-01,3.295345728999999890e-01
4.100000000000000000e+04,4.000000000000000000e+02,2.000000000000000111e-01,6.999999999999999556e-01,3.464284429000000221e-01,3.296645807999999955e-01
4.300000000000000000e+04,4.000000000000000000e+02,2.000000000000000111e-01,6.999999999999999556e-01,3.464821452999999885e-01,3.297843792999999857e-01
4.500000000000000000e+04,4.000000000000000000e+02,2.000000000000000111e-01,6.999999999999999556e-01,3.465295924999999833e-01,3.298952475999999967e-01
4.700000000000000000e+04,4.000000000000000000e+02,2.000000000000000111e-01,6.999999999999999556e-01,3.465716443999999896e-01,3.299982549000000098e-01
4.900000000000000000e+04,4.000000000000000000e+02,2.000000000000000111e-01,6.999999999999999556e-01,3.466090157999999755e-01,3.300943017999999896e-01
5.100000000000000000e+04,4.000000000000000000e+02,2.000000000000000111e-01,6.999999999999999556e-01,3.466423054000000170e-01,3.301841529000000275e-01
5.300000000000000000e+04,4.000000000000000000e+02,2.000000000000000111e-01,6.999999999999999556e-01,3.466720182999999955e-01,3.302684617000000156e-01
5.500000000000000000e+04,4.000000000000000000e+02,2.000000000000000111e-01,6.999999999999999556e-01,3.466985828999999963e-01,3.303477899999999745e-01
5.700000000000000000e+04,4.000000000000000000e+02,2.000000000000000111e-01,6.999999999999999556e-01,3.467223651999999934e-01,3.304226242000000147e-01
5.900000000000000000e+04,4.000000000000000000e+02,2.000000000000000111e-01,6.999999999999999556e-01,3.467436790999999796e-01,3.304933871999999884e-01
6.100000000000000000e+04,4.000000000000000000e+02,2.000000000000000111e-01,6.999999999999999556e-01,3.467627956000000067e-01,3.305604489999999784e-01
6.300000000000000000e+04,4.000000000000000000e+02,2.000000000000000111e-01,6.999999999999999556e-01,3.467799494000000093e-01,3.306241343999999915e-01
6.500000000000000000e+04,4.000000000000000000e+02,2.000000000000000111e-01,6.999999999999999556e-01,3.467953448000000161e-01,3.306847300999999906e-01
6.700000000000000000e+04,4.000000000000000000e+02,2.000000000000000111e-01,6.999999999999999556e-01,3.468091605999999993e-01,3.307424898999999918e-01
6.900000000000000000e+04,4.000000000000000000e+02,2.000000000000000111e-01,6.999999999999999556e-01,3.468215533999999822e-01,3.307976398999999956e-01
7.100000000000000000e+04,4.000000000000000000e+02,2.000000000000000111e-01,6.999999999999999556e-01,3.468326612000000031e-01,3.308503816999999736e-01
7.300000000000000000e+04,4.000000000000000000e+02,2.000000000000000111e-01,6.999999999999999556e-01,3.468426061000000060e-01,3.309008957999999834e-01
7.500000000000000000e+04,4.000000000000000000e+02,2.000000000000000111e-01,6.999999999999999556e-01,3.468514959999999814e-01,3.309493445000000200e-01
7.700000000000000000e+04,4.000000000000000000e+02,2.000000000000000111e-01,6.999999999999999556e-01,3.468594272000000145e-01,3.309958740000000232e-01
7.900000000000000000e+04,4.000000000000000000e+02,2.000000000000000111e-01,6.999999999999999556e-01,3.468664852000000187e-01,3.310406167000000122e-01
8.100000000000000000e+04,4.000000000000000000e+02,2.000000000000000111e-01,6.999999999999999556e-01,3.468727466000000037e-01,3.310836923000000098e-01
8.300000000000000000e+04,4.000000000000000000e+02,2.000000000000000111e-01,6.999999999999999556e-01,3.468782801999999998e-01,3.311252097999999866e-01
8.500000000000000000e+04,4.000000000000000000e+02,2.000000000000000111e-01,6.999999999999999556e-01,3.468831475999999969e-01,3.311652682999999819e-01
8.700000000000000000e+04,4.000000000000000000e+02,2.000000000000000111e-01,6.999999999999999556e-01,3.468874043999999879e-01,3.312039585000000064e-01
8.900000000000000000e+04,4.000000000000000000e+02,2.000000000000000111e-01,6.999999999999999556e-01,3.468911006000000019e-01,3.312413632000000274e-01
9.100000000000000000e+04,4.000000000000000000e+02,2.000000000000000111e-01,6.999999999999999556e-01,3.468942816000000207e-01,3.312775584000000051e-01
9.300000000000000000e+04,4.000000000000000000e+02,2.000000000000000111e-01,6.999999999999999556e-01,3.468969886000000113e-01,3.313126142000000218e-01
9.500000000000000000e+04,4.000000000000000000e+02,2.000000000000000111e-01,6.999999999999999556e-01,3.468992586999999905e-01,3.313465948000000050e-01
9.700000000000000000e+04,4.000000000000000000e+02,2.000000000000000111e-01,6.999999999999999556e-01,3.469011260000000041e-01,3.313795594999999761e-01
9.900000000000000000e+04,4.000000000000000000e+02,2.000000000000000111e-01,6.999999999999999556e-01,3.469026212999999914e-01,3.314115631999999811e-01
1.000000000000000000e+04,4.000000000000000000e+02,2.000000000000000111e-01,6.999999999999999556e-01,3.416432168999999908e-01,3.231738183999999792e-01
3.000000000000000000e+04,4.000000000000000000e+02,2.000000000000000111e-01,6.999999999999999556e-01,3.459601381999999892e-01,3.287725099000000095e-01
5.000000000000000000e+04,4.000000000000000000e+02,2.000000000000000111e-01,6.999999999999999556e-01,3.466261373000000257e-01,3.301399587000000135e-01
7.000000000000000000e+04,4.000000000000000000e+02,2.000000000000000111e-01,6.999999999999999556e-01,3.468272600000000261e-01,3.308243001000000238e-01
9.000000000000000000e+04,4.000000000000000000e+02,2.000000000000000111e-01,6.999999999999999556e-01,3.468927528999999899e-01,3.312596074999999973e-01
1.100000000000000000e+05,4.000000000000000000e+02,2.000000000000000111e-01,6.999999999999999556e-01,3.469053430999999854e-01,3.315725004999999781e-01
1.300000000000000000e+05,4.000000000000000000e+02,2.000000000000000111e-01,6.999999999999999556e-01,3.468941445000000012e-01,3.318146190999999856e-01
1.500000000000000000e+05,4.000000000000000000e+02,2.000000000000000111e-01,6.999999999999999556e-01,3.468714863999999842e-01,3.320113893000000149e-01
1.700000000000000000e+05,4.000000000000000000e+02,2.000000000000000111e-01,6.999999999999999556e-01,3.468432323000000261e-01,3.321769623999999976e-01
1.900000000000000000e+05,4.000000000000000000e+02,2.000000000000000111e-01,6.999999999999999556e-01,3.468123929999999966e-01,3.323199269000000067e-01
2.100000000000000000e+05,4.000000000000000000e+02,2.000000000000000111e-01,6.999999999999999556e-01,3.467805951999999858e-01,3.324458424999999773e-01
2.300000000000000000e+05,4.000000000000000000e+02,2.000000000000000111e-01,6.999999999999999556e-01,3.467487449000000166e-01,3.325584929000000023e-01
2.500000000000000000e+05,4.000000000000000000e+02,2.000000000000000111e-01,6.999999999999999556e-01,3.467173533999999835e-01,3.326605578999999868e-01
2.700000000000000000e+05,4.000000000000000000e+02,2.000000000000000111e-01,6.999999999999999556e-01,3.466867062999999805e-01,3.327539984999999811e-01
2.900000000000000000e+05,4.000000000000000000e+02,2.000000000000000111e-01,6.999999999999999556e-01,3.466569568999999795e-01,3.328402886999999866e-01
3.100000000000000000e+05,4.000000000000000000e+02,2.000000000000000111e-01,6.999999999999999556e-01,3.466281795999999749e-01,3.329205626999999779e-01
3.300000000000000000e+05,4.000000000000000000e+02,2.000000000000000111e-01,6.999999999999999556e-01,3.466004001999999917e-01,3.329957096999999755e-01
3.500000000000000000e+05,4.000000000000000000e+02,2.000000000000000111e-01,6.999999999999999556e-01,3.465736157000000039e-01,3.330664394000000250e-01
3.700000000000000000e+05,4.000000000000000000e+02,2.000000000000000111e-01,6.999999999999999556e-01,3.465478055999999807e-01,3.331333262000000239e-01
3.900000000000000000e+05,4.000000000000000000e+02,2.000000000000000111e-01,6.999999999999999556e-01,3.465229390999999826e-01,3.331968415000000072e-01
4.100000000000000000e+05,4.000000000000000000e+02,2.000000000000000111e-01,6.999999999999999556e-01,3.464989796999999871e-01,3.332573761000000023e-01
4.300000000000000000e+05,4.000000000000000000e+02,2.000000000000000111e-01,6.999999999999999556e-01,3.464758882999999789e-01,3.333152578999999949e-01
4.500000000000000000e+05,4.000000000000000000e+02,2.000000000000000111e-01,6.999999999999999556e-01,3.464536249999999873e-01,3.333707643000000109e-01
4.700000000000000000e+05,4.000000000000000000e+02,2.000000000000000111e-01,6.999999999999999556e-01,3.464321502000000108e-01,3.334241318999999759e-01
4.900000000000000000e+05,4.000000000000000000e+02,2.000000000000000111e-01,6.999999999999999556e-01,3.464114253999999726e-01,3.334755642000000186e-01
5.100000000000000000e+05,4.000000000000000000e+02,2.000000000000000111e-01,6.999999999999999556e-01,3.463914135000000227e-01,3.335252371999999910e-01
5.300000000000000000e+05,4.000000000000000000e+02,2.000000000000000111e-01,6.999999999999999556e-01,3.463720793000000242e-01,3.335733045000000008e-01
5.500000000000000000e+05,4.000000000000000000e+02,2.000000000000000111e-01,6.999999999999999556e-01,3.463533891999999725e-01,3.336199005000000106e-01
5.700000000000000000e+05,4.000000000000000000e+02,2.000000000000000111e-01,6.999999999999999556e-01,3.463353115999999732e-01,3.336651435999999915e-01
5.900000000000000000e+05,4.000000000000000000e+02,2.000000000000000111e-01,6.999999999999999556e-01,3.463178168000000112e-01,3.337091387000000187e-01
6.100000000000000000e+05,4.000000000000000000e+02,2.000000000000000111e-01,6.999999999999999556e-01,3.463008766999999821e-01,3.337519789000000237e-01
6.300000000000000000e+05,4.000000000000000000e+02,2.000000000000000111e-01,6.999999999999999556e-01,3.462844650999999940e-01,3.337937476000000236e-01
6.500000000000000000e+05,4.000000000000000000e+02,2.000000000000000111e-01,6.999999999999999556e-01,3.462685570999999851e-01,3.338345193999999738e-01
6.700000000000000000e+05,4.000000000000000000e+02,2.000000000000000111e-01,6.999999999999999556e-01,3.462531296999999952e-01,3.338743614999999942e-01
6.900000000000000000e+05,4.000000000000000000e+02,2.000000000000000111e-01,6.999999999999999556e-01,3.462381609999999887e-01,3.339133346000000002e-01
7.100000000000000000e+05,4.000000000000000000e+02,2.000000000000000111e-01,6.999999999999999556e-01,3.462236305999999986e-01,3.339514937999999988e-01
7.300000000000000000e+05,4.000000000000000000e+02,2.000000000000000111e-01,6.999999999999999556e-01,3.462095191999999821e-01,3.339888887999999945e-01
7.500000000000000000e+05,4.000000000000000000e+02,2.000000000000000111e-01,6.999999999999999556e-01,3.461958088000000044e-01,3.340255654000000018e-01
7.700000000000000000e+05,4.000000000000000000e+02,2.000000000000000111e-01,6.999999999999999556e-01,3.461824824999999994e-01,3.340615651000000130e-01
7.900000000000000000e+05,4.000000000000000000e+02,2.000000000000000111e-01,6.999999999999999556e-01,3.461695241000000145e-01,3.340969259000000080e-01
8.100000000000000000e+05,4.000000000000000000e+02,2.000000000000000111e-01,6.999999999999999556e-01,3.461569187999999908e-01,3.341316831000000209e-01
8.300000000000000000e+05,4.000000000000000000e+02,2.000000000000000111e-01,6.999999999999999556e-01,3.461446521000000054e-01,3.341658686999999794e-01
8.500000000000000000e+05,4.000000000000000000e+02,2.000000000000000111e-01,6.999999999999999556e-01,3.461327108999999735e-01,3.341995125000000177e-01
8.700000000000000000e+05,4.000000000000000000e+02,2.000000000000000111e-01,6.999999999999999556e-01,3.461210822999999936e-01,3.342326420000000242e-01
8.900000000000000000e+05,4.000000000000000000e+02,2.000000000000000111e-01,6.999999999999999556e-01,3.461097544999999776e-01,3.342652826999999993e-01
9.100000000000000000e+05,4.000000000000000000e+02,2.000000000000000111e-01,6.999999999999999556e-01,3.460987160999999812e-01,3.342974581000000001e-01
9.300000000000000000e+05,4.000000000000000000e+02,2.000000000000000111e-01,6.999999999999999556e-01,3.460879566000000240e-01,3.343291903000000231e-01
9.500000000000000000e+05,4.000000000000000000e+02,2.000000000000000111e-01,6.999999999999999556e-01,3.460774656000000227e-01,3.343604996000000273e-01
9.700000000000000000e+05,4.000000000000000000e+02,2.000000000000000111e-01,6.999999999999999556e-01,3.460672336000000238e-01,3.343914052999999997e-01
9.900000000000000000e+05,4.000000000000000000e+02,2.000000000000000111e-01,6.999999999999999556e-01,3.460572516000000043e-01,3.344219250000000088e-01
1.000000000000000000e+05,4.000000000000000000e+02,2.000000000000000111e-01,6.999999999999999556e-01,3.469032383000000275e-01,3.314272207000000248e-01
3.000000000000000000e+05,4.000000000000000000e+02,2.000000000000000111e-01,6.999999999999999556e-01,3.466424443000000188e-01,3.328811172999999735e-01
5.000000000000000000e+05,4.000000000000000000e+02,2.000000000000000111e-01,6.999999999999999556e-01,3.464013326000000004e-01,3.335006105000000165e-01
7.000000000000000000e+05,4.000000000000000000e+02,2.000000000000000111e-01,6.999999999999999556e-01,3.462308421999999997e-01,3.339325127000000171e-01
9.000000000000000000e+05,4.000000000000000000e+02,2.000000000000000111e-01,6.999999999999999556e-01,3.461041998000000119e-01,3.342814270999999726e-01
1.100000000000000000e+06,4.000000000000000000e+02,2.000000000000000111e-01,6.999999999999999556e-01,3.460064515999999868e-01,3.345835797999999750e-01
1.300000000000000000e+06,4.000000000000000000e+02,2.000000000000000111e-01,6.999999999999999556e-01,3.459290265000000142e-01,3.348557383999999915e-01
1.500000000000000000e+06,4.000000000000000000e+02,2.000000000000000111e-01,6.999999999999999556e-01,3.458666342000000227e-01,3.351070247999999863e-01
1.700000000000000000e+06,4.000000000000000000e+02,2.000000000000000111e-01,6.999999999999999556e-01,3.458157976999999828e-01,3.353429478000000130e-01
1.900000000000000000e+06,4.000000000000000000e+02,2.000000000000000111e-01,6.999999999999999556e-01,3.457741149999999930e-01,3.355670873000000110e-01
2.100000000000000000e+06,4.000000000000000000e+02,2.000000000000000111e-01,6.999999999999999556e-01,3.457398594000000158e-01,3.357819006000000162e-01
2.300000000000000000e+06,4.000000000000000000e+02,2.000000000000000111e-01,6.999999999999999556e-01,3.457117489000000043e-01,3.359891468000000270e-01
2.500000000000000000e+06,4.000000000000000000e+02,2.000000000000000111e-01,6.999999999999999556e-01,3.456888056999999903e-01,3.361901285000000184e-01
2.700000000000000000e+06,4.000000000000000000e+02,2.000000000000000111e-01,6.999999999999999556e-01,3.456702677999999862e-01,3.363858370000000209e-01
2.900000000000000000e+06,4.000000000000000000e+02,2.000000000000000111e-01,6.999999999999999556e-01,3.456555291000000252e-01,3.365770441000000002e-01
3.100000000000000000e+06,4.000000000000000000e+02,2.000000000000000111e-01,6.999999999999999556e-01,3.456441003999999872e-01,3.367643626999999862e-01
3.300000000000000000e+06,4.000000000000000000e+02,2.000000000000000111e-01,6.999999999999999556e-01,3.456355809000000168e-01,3.369482871000000213e-01
3.500000000000000000e+06,4.000000000000000000e+02,2.000000000000000111e-01,6.999999999999999556e-01,3.456296380000000168e-01,3.371292222999999755e-01
3.700000000000000000e+06,4.000000000000000000e+02,2.000000000000000111e-01,6.999999999999999556e-01,3.456259929000000120e-01,3.373075039000000275e-01
3.900000000000000000e+06,4.000000000000000000e+02,2.000000000000000111e-01,6.999999999999999556e-01,3.456244095000000072e-01,3.374834132000000264e-01
4.100000000000000000e+06,4.000000000000000000e+02,2.000000000000000111e-01,6.999999999999999556e-01,3.456246860000000143e-01,3.376571883000000218e-01
4.300000000000000000e+06,4.000000000000000000e+02,2.000000000000000111e-01,6.999999999999999556e-01,3.456266487999999915e-01,3.378290326999999760e-01
4.500000000000000000e+06,4.000000000000000000e+02,2.000000000000000111e-01,6.999999999999999556e-01,3.456301473999999763e-01,3.379991214999999993e-01
4.700000000000000000e+06,4.000000000000000000e+02,2.000000000000000111e-01,6.999999999999999556e-01,3.456350503000000240e-01,3.381676062000000260e-01
4.900000000000000000e+06,4.000000000000000000e+02,2.000000000000000111e-01,6.999999999999999556e-01,3.456412421000000235e-01,3.383346193999999807e-01
5.100000000000000000e+06,4.000000000000000000e+02,2.000000000000000111e-01,6.999999999999999556e-01,3.456486210999999975e-01,3.385002773999999937e-01
5.300000000000000000e+06,4.000000000000000000e+02,2.000000000000000111e-01,6.999999999999999556e-01,3.456570968000000077e-01,3.386646825999999888e-01
5.500000000000000000e+06,4.000000000000000000e+02,2.000000000000000111e-01,6.999999999999999556e-01,3.456665889000000158e-01,3.388279260000000015e-01
5.700000000000000000e+06,4.000000000000000000e+02,2.000000000000000111e-01,6.999999999999999556e-01,3.456770251999999877e-01,3.389900887999999779e-01
5.900000000000000000e+06,4.000000000000000000e+02,2.000000000000000111e-01,6.999999999999999556e-01,3.456883411000000184e-01,3.391512434000000242e-01
6.100000000000000000e+06,4.000000000000000000e+02,2.000000000000000111e-01,6.999999999999999556e-01,3.457004781999999943e-01,3.393114550999999923e-01
6.300000000000000000e+06,4.000000000000000000e+02,2.000000000000000111e-01,6.999999999999999556e-01,3.457133835000000266e-01,3.394707826000000206e-01
6.500000000000000000e+06,4.000000000000000000e+02,2.000000000000000111e-01,6.999999999999999556e-01,3.457270092999999989e-01,3.396292792000000227e-01
6.700000000000000000e+06,4.000000000000000000e+02,2.000000000000000111e-01,6.999999999999999556e-01,3.457413118000000063e-01,3.397869930999999899e-01
6.900000000000000000e+06,4.000000000000000000e+02,2.000000000000000111e-01,6.999999999999999556e-01,3.457562511000000227e-01,3.399439682000000018e-01
7.100000000000000000e+06,4.000000000000000000e+02,2.000000000000000111e-01,6.999999999999999556e-01,3.457717907000000257e-01,3.401002448000000067e-01
7.300000000000000000e+06,4.000000000000000000e+02,2.000000000000000111e-01,6.999999999999999556e-01,3.457878972000000273e-01,3.402558595999999880e-01
7.500000000000000000e+06,4.000000000000000000e+02,2.000000000000000111e-01,6.999999999999999556e-01,3.458045396000000160e-01,3.404108464000000223e-01
7.700000000000000000e+06,4.000000000000000000e+02,2.000000000000000111e-01,6.999999999999999556e-01,3.458216895999999818e-01,3.405652361000000017e-01
7.900000000000000000e+06,4.000000000000000000e+02,2.000000000000000111e-01,6.999999999999999556e-01,3.458393208000000163e-01,3.407190574999999777e-01
8.100000000000000000e+06,4.000000000000000000e+02,2.000000000000000111e-01,6.999999999999999556e-01,3.458574090000000045e-01,3.408723370000000252e-01
8.300000000000000000e+06,4.000000000000000000e+02,2.000000000000000111e-01,6.999999999999999556e-01,3.458759314000000029e-01,3.410250989999999982e-01
8.500000000000000000e+06,4.000000000000000000e+02,2.000000000000000111e-01,6.999999999999999556e-01,3.458948673000000196e-01,3.411773664000000150e-01
8.700000000000000000e+06,4.000000000000000000e+02,2.000000000000000111e-01,6.999999999999999556e-01,3.459141969999999788e-01,3.413291602999999896e-01
8.900000000000000000e+06,4.000000000000000000e+02,2.000000000000000111e-01,6.999999999999999556e-01,3.459339022999999846e-01,3.414805003999999977e-01
9.100000000000000000e+06,4.000000000000000000e+02,2.000000000000000111e-01,6.999999999999999556e-01,3.459539661000000099e-01,3.416314048999999908e-01
9.300000000000000000e+06,4.000000000000000000e+02,2.000000000000000111e-01,6.999999999999999556e-01,3.459743726999999769e-01,3.417818912000000209e-01
9.500000000000000000e+06,4.000000000000000000e+02,2.000000000000000111e-01,6.999999999999999556e-01,3.459951069000000157e-01,3.419319751000000074e-01
9.700000000000000000e+06,4.000000000000000000e+02,2.000000000000000111e-01,6.999999999999999556e-01,3.460161548999999837e-01,3.420816716999999785e-01
9.900000000000000000e+06,4.000000000000000000e+02,2.000000000000000111e-01,6.999999999999999556e-01,3.460375035000000099e-01,3.422309951999999988e-01
1.000000000000000000e+06,4.000000000000000000e+02,2.000000000000000111e-01,6.999999999999999556e-01,3.460523515999999744e-01,3.344370454000000215e-01
3.000000000000000000e+06,4.000000000000000000e+02,2.000000000000000111e-01,6.999999999999999556e-01,3.456494278999999725e-01,3.366711561999999880e-01
5.000000000000000000e+06,4.000000000000000000e+02,2.000000000000000111e-01,6.999999999999999556e-01,3.456447891000000161e-01,3.384176111000000153e-01
7.000000000000000000e+06,4.000000000000000000e+02,2.000000000000000111e-01,6.999999999999999556e-01,3.457639479999999876e-01,3.400221915000000150e-01
9.000000000000000000e+06,4.000000000000000000e+02,2.000000000000000111e-01,6.999999999999999556e-01,3.459438904000000092e-01,3.415560060000000231e-01
1.100000000000000000e+07,4.000000000000000000e+02,2.000000000000000111e-01,6.999999999999999556e-01,3.461597753000000277e-01,3.430461589000000089e-01
1.300000000000000000e+07,4.000000000000000000e+02,2.000000000000000111e-01,6.999999999999999556e-01,3.463992309000000214e-01,3.445059229999999917e-01
1.500000000000000000e+07,4.000000000000000000e+02,2.000000000000000111e-01,6.999999999999999556e-01,3.466551956999999740e-01,3.459428013999999996e-01
1.700000000000000000e+07,4.000000000000000000e+02,2.000000000000000111e-01,6.999999999999999556e-01,3.469232576999999873e-01,3.473614564999999987e-01
1.900000000000000000e+07,4.000000000000000000e+02,2.000000000000000111e-01,6.999999999999999556e-01,3.472004759000000274e-01,3.487649881000000063e-01
2.100000000000000000e+07,4.000000000000000000e+02,2.000000000000000111e-01,6.999999999999999556e-01,3.474847920999999951e-01,3.501555642999999995e-01
2.300000000000000000e+07,4.000000000000000000e+02,2.000000000000000111e-01,6.999999999999999556e-01,3.477747099999999869e-01,3.515347636000000220e-01
2.500000000000000000e+07,4.000000000000000000e+02,2.000000000000000111e-01,6.999999999999999556e-01,3.480691082999999852e-01,3.529037727000000069e-01
2.700000000000000000e+07,4.000000000000000000e+02,2.000000000000000111e-01,6.999999999999999556e-01,3.483671249999999997e-01,3.542635078999999965e-01
2.900000000000000000e+07,4.000000000000000000e+02,2.000000000000000111e-01,6.999999999999999556e-01,3.486680838999999810e-01,3.556146926000000041e-01
3.100000000000000000e+07,4.000000000000000000e+02,2.000000000000000111e-01,6.999999999999999556e-01,3.489714447000000219e-01,3.569579091999999787e-01
3.300000000000000000e+07,4.000000000000000000e+02,2.000000000000000111e-01,6.999999999999999556e-01,3.492767694999999728e-01,3.582936344000000051e-01
3.500000000000000000e+07,4.000000000000000000e+02,2.000000000000000111e-01,6.999999999999999556e-01,3.495836982000000148e-01,3.596222640000000248e-01
3.700000000000000000e+07,4.000000000000000000e+02,2.000000000000000111e-01,6.999999999999999556e-01,3.498919318000000001e-01,3.609441312000000179e-01
3.900000000000000000e+07,4.000000000000000000e+02,2.000000000000000111e-01,6.999999999999999556e-01,3.502012190000000080e-01,3.622595195000000157e-01
4.100000000000000000e+07,4.000000000000000000e+02,2.000000000000000111e-01,6.999999999999999556e-01,3.505113471999999897e-01,3.635686729000000006e-01
4.300000000000000000e+07,4.000000000000000000e+02,2.000000000000000111e-01,6.999999999999999556e-01,3.508221348000000184e-01,3.648718033000000194e-01
4.500000000000000000e+07,4.000000000000000000e+02,2.000000000000000111e-01,6.999999999999999556e-01,3.511334254999999849e-01,3.661690964000000048e-01
4.700000000000000000e+07,4.000000000000000000e+02,2.000000000000000111e-01,6.999999999999999556e-01,3.514450841000000270e-01,3.674607160999999733e-01
4.900000000000000000e+07,4.000000000000000000e+02,2.000000000000000111e-01,6.999999999999999556e-01,3.517569931000000261e-01,3.687468081999999980e-01
5.100000000000000000e+07,4.000000000000000000e+02,2.000000000000000111e-01,6.999999999999999556e-01,3.520690492999999921e-01,3.700275035999999740e-01
5.300000000000000000e+07,4.000000000000000000e+02,2.000000000000000111e-01,6.999999999999999556e-01,3.523811625000000114e-01,3.713029198000000197e-01
5.500000000000000000e+07,4.000000000000000000e+02,2.000000000000000111e-01,6.999999999999999556e-01,3.526932526000000068e-01,3.725731637999999957e-01
5.700000000000000000e+07,4.000000000000000000e+02,2.000000000000000111e-01,6.999999999999999556e-01,3.530052489000000127e-01,3.738383329000000144e-01
5.900000000000000000e+07,4.000000000000000000e+02,2.000000000000000111e-01,6.999999999999999556e-01,3.533170883000000262e-01,3.750985163000000178e-01
6.100000000000000000e+07,4.000000000000000000e+02,2.000000000000000111e-01,6.999999999999999556e-01,3.536287146000000048e-01,3.763537961000000265e-01
6.300000000000000000e+07,4.000000000000000000e+02,2.000000000000000111e-01,6.999999999999999556e-01,3.539400776000000137e-01,3.776042484000000088e-01
6.500000000000000000e+07,4.000000000000000000e+02,2.000000000000000111e-01,6.999999999999999556e-01,3.542511321999999852e-01,3.788499436000000165e-01
6.700000000000000000e+07,4.000000000000000000e+02,2.000000000000000111e-01,6.999999999999999556e-01,3.545618375999999849e-01,3.800909476000000065e-01
6.900000000000000000e+07,4.000000000000000000e+02,2.000000000000000111e-01,6.999999999999999556e-01,3.548721572999999907e-01,3.813273218000000075e-01
7.100000000000000000e+07,4.000000000000000000e+02,2.000000000000000111e-01,6.999999999999999556e-01,3.551820581999999837e-01,3.825591241999999892e-01
7.300000000000000000e+07,4.000000000000000000e+02,2.000000000000000111e-01,6.999999999999999556e-01,3.554915104999999964e-01,3.837864092000000116e-01
7.500000000000000000e+07,4.000000000000000000e+02,2.000000000000000111e-01,6.999999999999999556e-01,3.558004867999999821e-01,3.850092280999999894e-01
7.700000000000000000e+07,4.000000000000000000e+02,2.000000000000000111e-01,6.999999999999999556e-01,3.561089626999999758e-01,3.862276298000000274e-01
7.900000000000000000e+07,4.000000000000000000e+02,2.000000000000000111e-01,6.999999999999999556e-01,3.564169158000000115e-01,3.874416607000000234e-01
8.100000000000000000e+07,4.000000000000000000e+02,2.000000000000000111e-01,6.999999999999999556e-01,3.567243256000000029e-01,3.886513647000000016e-01
8.300000000000000000e+07,4.000000000000000000e+02,2.000000000000000111e-01,6.999999999999999556e-01,3.570311735999999736e-01,3.898567841999999728e-01
8.500000000000000000e+07,4.000000000000000000e+02,2.000000000000000111e-01,6.999999999999999556e-01,3.573374429000000241e-01,3.910579592999999798e-01
8.700000000000000000e+07,4.000000000000000000e+02,2.000000000000000111e-01,6.999999999999999556e-01,3.576431179999999821e-01,3.922549288000000134e-01
8.900000000000000000e+07,4.000000000000000000e+02,2.000000000000000111e-01,6.999999999999999556e-01,3.579481849000000215e-01,3.934477298999999872e-01
9.100000000000000000e+07,4.000000000000000000e+02,2.000000000000000111e-01,6.999999999999999556e-01,3.582526307000000187e-01,3.946363982000000159e-01
9.300000000000000000e+07,4.000000000000000000e+02,2.000000000000000111e-01,6.999999999999999556e-01,3.585564437000000049e-01,3.958209683000000201e-01
9.500000000000000000e+07,4.000000000000000000e+02,2.000000000000000111e-01,6.999999999999999556e-01,3.588596131999999828e-01,3.970014734999999795e-01
9.700000000000000000e+07,4.000000000000000000e+02,2.000000000000000111e-01,6.999999999999999556e-01,3.591621293000000215e-01,3.981779461000000131e-01
9.900000000000000000e+07,4.000000000000000000e+02,2.000000000000000111e-01,6.999999999999999556e-01,3.594639832000000035e-01,3.993504171999999741e-01
1.000000000000000000e+07,4.000000000000000000e+02,2.000000000000000111e-01,6.999999999999999556e-01,3.460482865999999769e-01,3.423055212000000180e-01
3.000000000000000000e+07,4.000000000000000000e+02,2.000000000000000111e-01,6.999999999999999556e-01,3.488194935000000219e-01,3.562872650000000196e-01
5.000000000000000000e+07,4.000000000000000000e+02,2.000000000000000111e-01,6.999999999999999556e-01,3.519130086999999740e-01,3.693878228999999958e-01
7.000000000000000000e+07,4.000000000000000000e+02,2.000000000000000111e-01,6.999999999999999556e-01,3.550271621000000155e-01,3.819437909999999770e-01
9.000000000000000000e+07,4.000000000000000000e+02,2.000000000000000111e-01,6.999999999999999556e-01,3.581004862000000122e-01,3.940425784000000098e-01
1.000000000000000000e+08,4.000000000000000000e+02,2.000000000000000111e-01,6.999999999999999556e-01,3.596146592000000197e-01,3.999351617999999942e-01
