# pressure,temperature,f1,f2,molkg1,molkg2
1.000000000000000000e+00,4.000000000000000000e+02,2.999999999999999889e-01,5.999999999999999778e-01,2.190836395999999978e-03,1.284389243000000043e-03
3.000000000000000000e+00,4.000000000000000000e+02,2.999999999999999889e-01,5.999999999999999778e-01,6.505898177999999699e-03,3.814203021999999863e-03
5.000000000000000000e+00,4.000000000000000000e+02,2.999999999999999889e-01,5.999999999999999778e-01,1.073437179999999977e-02,6.293365321999999998e-03
7.000000000000000000e+00,4.000000000000000000e+02,2.999999999999999889e-01,5.999999999999999778e-01,1.487883626999999924e-02,8.723383661999999442e-03
9.000000000000000000e+00,4.000000000000000000e+02,2.999999999999999889e-01,5.999999999999999778e-01,1.894176918000000168e-02,1.110570630999999954e-02
1.100000000000000000e+01,4.000000000000000000e+02,2.999999999999999889e-01,5.999999999999999778e-01,2.292555167999999963e-02,1.344172517000000004e-02
1.300000000000000000e+01,4.000000000000000000e+02,2.999999999999999889e-01,5.999999999999999778e-01,2.683247307000000137e-02,1.573277848000000090e-02
1.500000000000000000e+01,4.000000000000000000e+02,2.999999999999999889e-01,5.999999999999999778e-01,3.066473524999999839e-02,1.798015341999999878e-02
1.700000000000000000e+01,4.000000000000000000e+02,2.999999999999999889e-01,5.999999999999999778e-01,3.442445680999999674e-02,2.018508846000000023e-02
1.900000000000000000e+01,4.000000000000000000e+02,2.999999999999999889e-01,5.999999999999999778e-01,3.811367694000000056e-02,2.234877571000000104e-02
2.100000000000000000e+01,4.000000000000000000e+02,2.999999999999999889e-01,5.999999999999999778e-01,4.173435913000000247e-02,2.447236298999999962e-02
2.300000000000000000e+01,4.000000000000000000e+02,2.999999999999999889e-01,5.999999999999999778e-01,4.528839462999999926e-02,2.655695597000000061e-02
2.500000000000000000e+01,4.000000000000000000e+02,2.999999999999999889e-01,5.999999999999999778e-01,4.877760575000000126e-02,2.860361998000000155e-02
2.700000000000000000e+01,4.000000000000000000e+02,2.999999999999999889e-01,5.999999999999999778e-01,5.220374897999999902e-02,3.061338191000000097e-02
2.900000000000000000e+01,4.000000000000000000e+02,2.999999999999999889e-01,5.999999999999999778e-01,5.556851792999999845e-02,3.258723191000000019e-02
3.100000000000000000e+01,4.000000000000000000e+02,2.999999999999999889e-01,5.999999999999999778e-01,5.887354610000000016e-02,3.452612498999999696e-02
3.300000000000000000e+01,4.000000000000000000e+02,2.999999999999999889e-01,5.999999999999999778e-01,6.212040955999999919e-02,3.643098260000000171e-02
3.500000000000000000e+01,4.000000000000000000e+02,2.999999999999999889e-01,5.999999999999999778e-01,6.531062943000000287e-02,3.830269406999999710e-02
3.700000000000000000e+01,4.000000000000000000e+02,2.999999999999999889e-01,5.999999999999999778e-01,6.844567424000000400e-02,4.014211801999999912e-02
3.900000000000000000e+01,4.000000000000000000e+02,2.999999999999999889e-01,5.999999999999999778e-01,7.152696222000000381e-02,4.195008363999999657e-02
4.100000000000000000e+01,4.000000000000000000e+02,2.999999999999999889e-01,5.999999999999999778e-01,7.455586340000000534e-02,4.372739198000000216e-02
4.300000000000000000e+01,4.000000000000000000e+02,2.999999999999999889e-01,5.999999999999999778e-01,7.753370164999999481e-02,4.547481711000000287e-02
4.500000000000000000e+01,4.000000000000000000e+02,2.999999999999999889e-01,5.999999999999999778e-01,8.046175664000000671e-02,4.719310723999999707e-02
4.700000000000000000e+01,4.000000000000000000e+02,2.999999999999999889e-01,5.999999999999999778e-01,8.334126561000000655e-02,4.888298582000000225e-02
4.900000000000000000e+01,4.000000000000000000e+02,2.999999999999999889e-01,5.999999999999999778e-01,8.617342516999999813e-02,5.054515250999999654e-02
5.100000000000000000e+01,4.000000000000000000e+02,2.999999999999999889e-01,5.999999999999999778e-01,8.895939291000000415e-02,5.218028420000000306e-02
5.300000000000000000e+01,4.000000000000000000e+02,2.999999999999999889e-01,5.999999999999999778e-01,9.170028900000000427e-02,5.378903590999999790e-02
5.500000000000000000e+01,4.000000000000000000e+02,2.999999999999999889e-01,5.999999999999999778e-01,9.439719770000000454e-02,5.537204166000000288e-02
5.700000000000000000e+01,4.000000000000000000e+02,2.999999999999999889e-01,5.999999999999999778e-01,9.705116877000000142e-02,5.692991527999999996e-02
5.900000000000000000e+01,4.000000000000000000e+02,2.999999999999999889e-01,5.999999999999999778e-01,9.966321882999999715e-02,5.846325128000000315e-02
6.100000000000000000e+01,4.000000000000000000e+02,2.999999999999999889e-01,5.999999999999999778e-01,1.022343326999999996e-01,5.997262552999999691e-02
6.300000000000000000e+01,4.000000000000000000e+02,2.999999999999999889e-01,5.999999999999999778e-01,1.047654645000000023e-01,6.145859601999999894e-02
6.500000000000000000e+01,4.000000000000000000e+02,2.999999999999999889e-01,5.999999999999999778e-01,1.072575389999999990e-01,6.292170356000000020e-02
6.700000000000000000e+01,4.000000000000000000e+02,2.999999999999999889e-01,5.999999999999999778e-01,1.097114527000000034e-01,6.436247238999999454e-02
6.900000000000000000e+01,4.000000000000000000e+02,2.999999999999999889e-01,5.999999999999999778e-01,1.121280748999999993e-01,6.578141086000000026e-02
7.100000000000000000e+01,4.000000000000000000e+02,2.999999999999999889e-01,5.999999999999999778e-01,1.145082485000000067e-01,6.717901200999999711e-02
7.300000000000000000e+01,4.000000000000000000e+02,2.999999999999999889e-01,5.999999999999999778e-01,1.168527914999999973e-01,6.855575412999999341e-02
7.500000000000000000e+01,4.000000000000000000e+02,2.999999999999999889e-01,5.999999999999999778e-01,1.191624973999999976e-01,6.991210131000000216e-02
7.700000000000000000e+01,4.000000000000000000e+02,2.999999999999999889e-01,5.999999999999999778e-01,1.214381362999999991e-01,7.124850399000000334e-02
7.900000000000000000e+01,4.000000000000000000e+02,2.999999999999999889e-01,5.999999999999999778e-01,1.236804558999999998e-01,7.256539941999999577e-02
8.100000000000000000e+01,4.000000000000000000e+02,2.999999999999999889e-01,5.999999999999999778e-01,1.258901819999999894e-01,7.386321215999999690e-02
8.300000000000000000e+01,4.000000000000000000e+02,2.999999999999999889e-01,5.999999999999999778e-01,1.280680197999999881e-01,7.514235454999999841e-02
8.500000000000000000e+01,4.000000000000000000e+02,2.999999999999999889e-01,5.999999999999999778e-01,1.302146539000000047e-01,7.640322712000000016e-02
8.700000000000000000e+01,4.000000000000000000e+02,2.999999999999999889e-01,5.999999999999999778e-01,1.323307498000000082e-01,7.764621901000000326e-02
8.900000000000000000e+01,4.000000000000000000e+02,2.999999999999999889e-01,5.999999999999999778e-01,1.344169538999999969e-01,7.887170840000000405e-02
9.100000000000000000e+01,4.000000000000000000e+02,2.999999999999999889e-01,5.999999999999999778e-01,1.364738947999999952e-01,8.008006287999999695e-02
9.300000000000000000e+01,4.000000000000000000e+02,2.999999999999999889e-01,5.999999999999999778e-01,1.385021832999999980e-01,8.127163979000000260e-02
9.500000000000000000e+01,4.000000000000000000e+02,2.999999999999999889e-01,5.999999999999999778e-01,1.405024135999999868e-01,8.244678662000000380e-02
9.700000000000000000e+01,4.000000000000000000e+02,2.999999999999999889e-01,5.999999999999999778e-01,1.424751633999999934e-01,8.360584131999999891e-02
9.900000000000000000e+01,4.000000000000000000e+02,2.999999999999999889e-01,5.999999999999999778e-01,1.444209946999999994e-01,8.474913263000000141e-02
1.000000000000000000e+01,4.000000000000000000e+02,2.999999999999999889e-01,5.999999999999999778e-01,2.094340905000000030e-02,1.227941884000000039e-02
3.000000000000000000e+01,4.000000000000000000e+02,2.999999999999999889e-01,5.999999999999999778e-01,5.722839979000000216e-02,3.356098970000000181e-02
5.000000000000000000e+01,4.000000000000000000e+02,2.999999999999999889e-01,5.999999999999999778e-01,8.757211214000000521e-02,5.136605629000000339e-02
7.000000000000000000e+01,4.000000000000000000e+02,2.999999999999999889e-01,5.999999999999999778e-01,1.133226660999999968e-01,6.648284837000000003e-02
9.000000000000000000e+01,4.000000000000000000e+02,2.999999999999999889e-01,5.999999999999999778e-01,1.354490436999999936e-01,7.947800492999999855e-02
1.100000000000000000e+02,4.000000000000000000e+02,2.999999999999999889e-01,5.999999999999999778e-01,1.546656110999999889e-01,9.076933513000000342e-02
1.300000000000000000e+02,4.000000000000000000e+02,2.999999999999999889e-01,5.999999999999999778e-01,1.715105896999999935e-01,1.006716750000000021e-01
1.500000000000000000e+02,4.000000000000000000e+02,2.999999999999999889e-01,5.999999999999999778e-01,1.863971922000000059e-01,1.094267725999999996e-01
1.700000000000000000e+02,4.000000000000000000e+02,2.999999999999999889e-01,5.999999999999999778e-01,1.996479217999999889e-01,1.172233359000000030e-01
1.900000000000000000e+02,4.000000000000000000e+02,2.999999999999999889e-01,5.999999999999999778e-01,2.115181667000000099e-01,1.242108242000000001e-01
2.100000000000000000e+02,4.000000000000000000e+02,2.999999999999999889e-01,5.999999999999999778e-01,2.222127943999999966e-01,1.305091490999999992e-01
2.300000000000000000e+02,4.000000000000000000e+02,2.999999999999999889e-01,5.999999999999999778e-01,2.318980545000000060e-01,1.362156334000000080e-01
2.500000000000000000e+02,4.000000000000000000e+02,2.999999999999999889e-01,5.999999999999999778e-01,2.407102677000000079e-01,1.414100917999999985e-01
2.700000000000000000e+02,4.000000000000000000e+02,2.999999999999999889e-01,5.999999999999999778e-01,2.487622701999999963e-01,1.461585988999999919e-01
2.900000000000000000e+02,4.000000000000000000e+02,2.999999999999999889e-01,5.999999999999999778e-01,2.561482615999999823e-01,1.505163246000000010e-01
3.100000000000000000e+02,4.000000000000000000e+02,2.999999999999999889e-01,5.999999999999999778e-01,2.629474996000000231e-01,1.545296946999999976e-01
3.300000000000000000e+02,4.000000000000000000e+02,2.999999999999999889e-01,5.999999999999999778e-01,2.692271492000000155e-01,1.582380577999999982e-01
3.500000000000000000e+02,4.000000000000000000e+02,2.999999999999999889e-01,5.999999999999999778e-01,2.750445040999999757e-01,1.616749842999999909e-01
3.700000000000000000e+02,4.000000000000000000e+02,2.999999999999999889e-01,5.999999999999999778e-01,2.804487357000000070e-01,1.648692900000000017e-01
3.900000000000000000e+02,4.000000000000000000e+02,2.999999999999999889e-01,5.999999999999999778e-01,2.854822830000000033e-01,1.678458489999999914e-01
4.100000000000000000e+02,4.000000000000000000e+02,2.999999999999999889e-01,5.999999999999999778e-01,2.901819664999999993e-01,1.706262457000000121e-01
4.300000000000000000e+02,4.000000000000000000e+02,2.999999999999999889e-01,5.999999999999999778e-01,2.945798881999999730e-01,1.732293011999999910e-01
4.500000000000000000e+02,4.000000000000000000e+02,2.999999999999999889e-01,5.999999999999999778e-01,2.987041637000000249e-01,1.756715018999999989e-01
4.700000000000000000e+02,4.000000000000000000e+02,2.999999999999999889e-01,5.999999999999999778e-01,3.025795222000000062e-01,1.779673511000000041e-01
4.900000000000000000e+02,4.000000000000000000e+02,2.999999999999999889e-01,5.999999999999999778e-01,3.062278018999999851e-01,1.801296578999999898e-01
5.100000000000000000e+02,4.000000000000000000e+02,2.999999999999999889e-01,5.999999999999999778e-01,3.096683597000000066e-01,1.821697783000000015e-01
5.300000000000000000e+02,4.000000000000000000e+02,2.999999999999999889e-01,5.999999999999999778e-01,3.129184141999999946e-01,1.840978148999999897e-01
5.500000000000000000e+02,4.000000000000000000e+02,2.999999999999999889e-01,5.999999999999999778e-01,3.159933330999999956e-01,1.859227860000000065e-01
5.700000000000000000e+02,4.000000000000000000e+02,2.999999999999999889e-01,5.999999999999999778e-01,3.189068749999999786e-01,1.876527668000000093e-01
5.900000000000000000e+02,4.000000000000000000e+02,2.999999999999999889e-01,5.999999999999999778e-01,3.216713949000000183e-01,1.892950096999999887e-01
6.100000000000000000e+02,4.000000000000000000e+02,2.999999999999999889e-01,5.999999999999999778e-01,3.242980183999999988e-01,1.908560464999999873e-01
6.300000000000000000e+02,4.000000000000000000e+02,2.999999999999999889e-01,5.999999999999999778e-01,3.267967913000000002e-01,1.923417759999999921e-01
6.500000000000000000e+02,4.000000000000000000e+02,2.999999999999999889e-01,5.999999999999999778e-01,3.291768070000000157e-01,1.937575384000000123e-01
6.700000000000000000e+02,4.000000000000000000e+02,2.999999999999999889e-01,5.999999999999999778e-01,3.314463170999999986e-01,1.951081805999999863e-01
6.900000000000000000e+02,4.000000000000000000e+02,2.999999999999999889e-01,5.999999999999999778e-01,3.336128264000000065e-01,1.963981110999999946e-01
7.100000000000000000e+02,4.000000000000000000e+02,2.999999999999999889e-01,5.999999999999999778e-01,3.356831755999999944e-01,1.976313492000000005e-01
7.300000000000000000e+02,4.000000000000000000e+02,2.999999999999999889e-01,5.999999999999999778e-01,3.376636129999999736e-01,1.988115665999999893e-01
7.500000000000000000e+02,4.000000000000000000e+02,2.999999999999999889e-01,5.999999999999999778e-01,3.395598572999999898e-01,1.999421242999999959e-01
7.700000000000000000e+02,4.000000000000000000e+02,2.999999999999999889e-01,5.999999999999999778e-01,3.413771528999999805e-01,2.010261049000000022e-01
7.900000000000000000e+02,4.000000000000000000e+02,2.999999999999999889e-01,5.999999999999999778e-01,3.431203172999999773e-01,2.020663407999999939e-01
8.100000000000000000e+02,4.000000000000000000e+02,2.999999999999999889e-01,5.999999999999999778e-01,3.447937844000000251e-01,2.030654389000000060e-01
8.300000000000000000e+02,4.000000000000000000e+02,2.999999999999999889e-01,5.999999999999999778e-01,3.464016415999999765e-01,2.040258030000000056e-01
8.500000000000000000e+02,4.000000000000000000e+02,2.999999999999999889e-01,5.999999999999999778e-01,3.479476630000000181e-01,2.049496527999999929e-01
8.700000000000000000e+02,4.000000000000000000e+02,2.999999999999999889e-01,5.999999999999999778e-01,3.494353387999999949e-01,2.058390415999999945e-01
8.900000000000000000e+02,4.000000000000000000e+02,2.999999999999999889e-01,5.999999999999999778e-01,3.508679015000000234e-01,2.066958711999999920e-01
9.100000000000000000e+02,4.000000000000000000e+02,2.999999999999999889e-01,5.999999999999999778e-01,3.522483497000000185e-01,2.075219058999999977e-01
9.300000000000000000e+02,4.000000000000000000e+02,2.999999999999999889e-01,5.999999999999999778e-01,3.535794680000000079e-01,2.083187846000000010e-01
9.500000000000000000e+02,4.000000000000000000e+02,2.999999999999999889e-01,5.999999999999999778e-01,3.548638464000000159e-01,2.090880318999999987e-01
9.700000000000000000e+02,4.000000000000000000e+02,2.999999999999999889e-01,5.999999999999999778e-01,3.561038971000000108e-01,2.098310677999999929e-01
9.900000000000000000e+02,4.000000000000000000e+02,2.999999999999999889e-01,5.999999999999999778e-01,3.573018688999999859e-01,2.105492163000000083e-01
1.000000000000000000e+02,4.000000000000000000e+02,2.999999999999999889e-01,5.999999999999999778e-01,1.453839873999999976e-01,8.531496731000000333e-02
3.000000000000000000e+02,4.000000000000000000e+02,2.999999999999999889e-01,5.999999999999999778e-01,2.596167722000000122e-01,1.525634456999999944e-01
5.000000000000000000e+02,4.000000000000000000e+02,2.999999999999999889e-01,5.999999999999999778e-01,3.079729233999999871e-01,1.811643327000000137e-01
7.000000000000000000e+02,4.000000000000000000e+02,2.999999999999999889e-01,5.999999999999999778e-01,3.346596173999999979e-01,1.970215794999999881e-01
9.000000000000000000e+02,4.000000000000000000e+02,2.999999999999999889e-01,5.999999999999999778e-01,3.515644611000000030e-01,2.071126326000000129e-01
1.100000000000000000e+03,4.000000000000000000e+02,2.999999999999999889e-01,5.999999999999999778e-01,3.632258449999999916e-01,2.141055849000000066e-01
1.300000000000000000e+03,4.000000000000000000e+02,2.999999999999999889e-01,5.999999999999999778e-01,3.717515529000000041e-01,2.192415407999999954e-01
1.500000000000000000e+03,4.000000000000000000e+02,2.999999999999999889e-01,5.999999999999999778e-01,3.782536118000000003e-01,2.231763031000000008e-01
1.700000000000000000e+03,4.000000000000000000e+02,2.999999999999999889e-01,5.999999999999999778e-01,3.833741002000000120e-01,2.262891144999999993e-01
1.900000000000000000e+03,4.000000000000000000e+02,2.999999999999999889e-01,5.999999999999999778e-01,3.875096270999999759e-01,2.288145920999999916e-01
2.100000000000000000e+03,4.000000000000000000e+02,2.999999999999999889e-01,5.999999999999999778e-01,3.909183730999999939e-01,2.309056989999999920e-01
2.300000000000000000e+03,4.000000000000000000e+02,2.999999999999999889e-01,5.999999999999999778e-01,3.937756193999999987e-01,2.326664424999999869e-01
2.500000000000000000e+03,4.000000000000000000e+02,2.999999999999999889e-01,5.999999999999999778e-01,3.962045361000000043e-01,2.341700197999999900e-01
2.700000000000000000e+03,4.000000000000000000e+02,2.999999999999999889e-01,5.999999999999999778e-01,3.982942003000000120e-01,2.354694485999999920e-01
2.900000000000000000e+03,4.000000000000000000e+02,2.999999999999999889e-01,5.999999999999999778e-01,4.001106233000000234e-01,2.366040775999999901e-01
3.100000000000000000e+03,4.000000000000000000e+02,2.999999999999999889e-01,5.999999999999999778e-01,4.017037585000000077e-01,2.376037292000000023e-01
3.300000000000000000e+03,4.000000000000000000e+02,2.999999999999999889e-01,5.999999999999999778e-01,4.031121017000000029e-01,2.384914201999999983e-01
3.500000000000000000e+03,4.000000000000000000e+02,2.999999999999999889e-01,5.999999999999999778e-01,4.043657956999999747e-01,2.392852007999999864e-01
3.700000000000000000e+03,4.000000000000000000e+02,2.999999999999999889e-01,5.999999999999999778e-01,4.054887779999999942e-01,2.399994269000000069e-01
3.900000000000000000e+03,4.000000000000000000e+02,2.999999999999999889e-01,5.999999999999999778e-01,4.065002980999999904e-01,2.406456603999999888e-01
4.100000000000000000e+03,4.000000000000000000e+02,2.999999999999999889e-01,5.999999999999999778e-01,4.074160108000000058e-01,2.412333184999999880e-01
4.300000000000000000e+03,4.000000000000000000e+02,2.999999999999999889e-01,5.999999999999999778e-01,4.082487768999999989e-01,2.417701492999999868e-01
4.500000000000000000e+03,4.000000000000000000e+02,2.999999999999999889e-01,5.999999999999999778e-01,4.090092598999999773e-01,2.422625868000000127e-01
4.700000000000000000e+03,4.000000000000000000e+02,2.999999999999999889e-01,5.999999999999999778e-01,4.097063749000000032e-01,2.427160184000000109e-01
4.900000000000000000e+03,4.000000000000000000e+02,2.999999999999999889e-01,5.999999999999999778e-01,4.103476329999999894e-01,2.431349896999999982e-01
5.100000000000000000e+03,4.000000000000000000e+02,2.999999999999999889e-01,5.999999999999999778e-01,4.109394067000000095e-01,2.435233632999999898e-01
5.300000000000000000e+03,4.000000000000000000e+02,2.999999999999999889e-01,5.999999999999999778e-01,4.114871374999999887e-01,2.438844423000000039e-01
5.500000000000000000e+03,4.000000000000000000e+02,2.999999999999999889e-01,5.999999999999999778e-01,4.119955000000000145e-01,2.442210686000000075e-01
5.700000000000000000e+03,4.000000000000000000e+02,2.999999999999999889e-01,5.999999999999999778e-01,4.124685318999999906e-01,2.445357006999999971e-01
5.900000000000000000e+03,4.000000000000000000e+02,2.999999999999999889e-01,5.999999999999999778e-01,4.129097387999999813e-01,2.448304760999999996e-01
6.100000000000000000e+03,4.000000000000000000e+02,2.999999999999999889e-01,5.999999999999999778e-01,4.133221791999999728e-01,2.451072629000000114e-01
6.300000000000000000e+03,4.000000000000000000e+02,2.999999999999999889e-01,5.999999999999999778e-01,4.137085330999999977e-01,2.453677002000000107e-01
6.500000000000000000e+03,4.000000000000000000e+02,2.999999999999999889e-01,5.999999999999999778e-01,4.140711592999999913e-01,2.456132327999999976e-01
6.700000000000000000e+03,4.000000000000000000e+02,2.999999999999999889e-01,5.999999999999999778e-01,4.144121411999999727e-01,2.458451389000000098e-01
6.900000000000000000e+03,4.000000000000000000e+02,2.999999999999999889e-01,5.999999999999999778e-01,4.147333266000000074e-01,2.460645536999999938e-01
7.100000000000000000e+03,4.000000000000000000e+02,2.999999999999999889e-01,5.999999999999999778e-01,4.150363595000000072e-01,2.462724889000000028e-01
7.300000000000000000e+03,4.000000000000000000e+02,2.999999999999999889e-01,5.999999999999999778e-01,4.153227076000000073e-01,2.464698489000000103e-01
7.500000000000000000e+03,4.000000000000000000e+02,2.999999999999999889e-01,5.999999999999999778e-01,4.155936854000000236e-01,2.466574450000000029e-01
7.700000000000000000e+03,4.000000000000000000e+02,2.999999999999999889e-01,5.999999999999999778e-01,4.158504733999999758e-01,2.468360068999999879e-01
7.900000000000000000e+03,4.000000000000000000e+02,2.999999999999999889e-01,5.999999999999999778e-01,4.160941347000000068e-01,2.470061927999999962e-01
8.100000000000000000e+03,4.000000000000000000e+02,2.999999999999999889e-01,5.999999999999999778e-01,4.163256295000000162e-01,2.471685978000000006e-01
8.300000000000000000e+03,4.000000000000000000e+02,2.999999999999999889e-01,5.999999999999999778e-01,4.165458269999999796e-01,2.473237618000000138e-01
8.500000000000000000e+03,4.000000000000000000e+02,2.999999999999999889e-01,5.999999999999999778e-01,4.167555161000000008e-01,2.474721750999999970e-01
8.700000000000000000e+03,4.000000000000000000e+02,2.999999999999999889e-01,5.999999999999999778e-01,4.169554140000000242e-01,2.476142846999999925e-01
8.900000000000000000e+03,4.000000000000000000e+02,2.999999999999999889e-01,5.999999999999999778e-01,4.171461747999999914e-01,2.477504982000000022e-01
9.100000000000000000e+03,4.000000000000000000e+02,2.999999999999999889e-01,5.999999999999999778e-01,4.173283957999999738e-01,2.478811890000000018e-01
9.300000000000000000e+03,4.000000000000000000e+02,2.999999999999999889e-01,5.999999999999999778e-01,4.175026236000000113e-01,2.480066988000000083e-01
9.500000000000000000e+03,4.000000000000000000e+02,2.999999999999999889e-01,5.999999999999999778e-01,4.176693595000000037e-01,2.481273418000000119e-01
9.700000000000000000e+03,4.000000000000000000e+02,2.999999999999999889e-01,5.999999999999999778e-01,4.178290639999999723e-01,2.482434069999999993e-01
9.900000000000000000e+03,4.000000000000000000e+02,2.999999999999999889e-01,5.999999999999999778e-01,4.179821606999999939e-01,2.483551605000000051e-01
1.000000000000000000e+03,4.000000000000000000e+02,2.999999999999999889e-01,5.999999999999999778e-01,3.578857368000000205e-01,2.108993475000000006e-01
3.000000000000000000e+03,4.000000000000000000e+02,2.999999999999999889e-01,5.999999999999999778e-01,4.009324693999999911e-01,2.371192024000000065e-01
5.000000000000000000e+03,4.000000000000000000e+02,2.999999999999999889e-01,5.999999999999999778e-01,4.106493454999999848e-01,2.433327828999999887e-01
7.000000000000000000e+03,4.000000000000000000e+02,2.999999999999999889e-01,5.999999999999999778e-01,4.148870164999999832e-01,2.461698974000000040e-01
9.000000000000000000e+03,4.000000000000000000e+02,2.999999999999999889e-01,5.999999999999999778e-01,4.172383175000000111e-01,2.478165119000000083e-01
1.100000000000000000e+04,4.000000000000000000e+02,2.999999999999999889e-01,5.999999999999999778e-01,4.187221218000000134e-01,2.489028457999999944e-01
1.300000000000000000e+04,4.000000000000000000e+02,2.999999999999999889e-01,5.999999999999999778e-01,4.197371270999999959e-01,2.496794400000000025e-01
1.500000000000000000e+04,4.000000000000000000e+02,2.999999999999999889e-01,5.999999999999999778e-01,4.204709892999999865e-01,2.502660550999999955e-01
1.700000000000000000e+04,4.000000000000000000e+02,2.999999999999999889e-01,5.999999999999999778e-01,4.210234585000000029e-01,2.507273301999999870e-01
1.900000000000000000e+04,4.000000000000000000e+02,2.999999999999999889e-01,5.999999999999999778e-01,4.214523651000000037e-01,2.511013108999999854e-01
2.100000000000000000e+04,4.000000000000000000e+02,2.999999999999999889e-01,5.999999999999999778e-01,4.217934968000000007e-01,2.514118974999999812e-01
2.300000000000000000e+04,4.000000000000000000e+02,2.999999999999999889e-01,5.999999999999999778e-01,4.220701578000000120e-01,2.516748876000000079e-01
2.500000000000000000e+04,4.000000000000000000e+02,2.999999999999999889e-01,5.999999999999999778e-01,4.222981572000000239e-01,2.519011583999999915e-01
2.700000000000000000e+04,4.000000000000000000e+02,2.999999999999999889e-01,5.999999999999999778e-01,4.224885863000000241e-01,2.520984546999999742e-01
2.900000000000000000e+04,4.000000000000000000e+02,2.999999999999999889e-01,5.999999999999999778e-01,4.226494480999999914e-01,2.522724481999999990e-01
3.100000000000000000e+04,4.000000000000000000e+02,2.999999999999999889e-01,5.999999999999999778e-01,4.227866573999999877e-01,2.524273921999999892e-01
3.300000000000000000e+04,4.000000000000000000e+02,2.999999999999999889e-01,5.999999999999999778e-01,4.229046757000000101e-01,2.525665429000000239e-01
3.500000000000000000e+04,4.000000000000000000e+02,2.999999999999999889e-01,5.999999999999999778e-01,4.230069294000000091e-01,2.526924373000000168e-01
3.700000000000000000e+04,4.000000000000000000e+02,2.999999999999999889e-01,5.999999999999999778e-01,4.230960910000000075e-01,2.528070835999999821e-01
3.900000000000000000e+04,4.000000000000000000e+02,2.999999999999999889e-01,5.999999999999999778e-01,4.231742746000000110e-01,2.529120933999999821e-01
4.100000000000000000e+04,4.000000000000000000e+02,2.999999999999999889e-01,5.999999999999999778e-01,4.232431728000000115e-01,2.530087760999999991e-01
4.300000000000000000e+04,4.000000000000000000e+02,2.999999999999999889e-01,5.999999999999999778e-01,4.233041562000000035e-01,2.530982071999999805e-01
4.500000000000000000e+04,4.000000000000000000e+02,2.999999999999999889e-01,5.999999999999999778e-01,4.233583456000000189e-01,2.531812790999999896e-01
4.700000000000000000e+04,4.000000000000000000e+02,2.999999999999999889e-01,5.999999999999999778e-01,4.234066658999999788e-01,2.532587389000000022e-01
4.900000000000000000e+04,4.000000000000000000e+02,2.999999999999999889e-01,5.999999999999999778e-01,4.234498864999999834e-01,2.533312171000000057e-01
5.100000000000000000e+04,4.000000000000000000e+02,2.999999999999999889e-01,5.999999999999999778e-01,4.234886525000000068e-01,2.533992500000000203e-01
5.300000000000000000e+04,4.000000000000000000e+02,2.999999999999999889e-01,5.999999999999999778e-01,4.235235083000000178e-01,2.534632967000000070e-01
5.500000000000000000e+04,4.000000000000000000e+02,2.999999999999999889e-01,5.999999999999999778e-01,4.235549165999999977e-01,2.535237530000000183e-01
5.700000000000000000e+04,4.000000000000000000e+02,2.999999999999999889e-01,5.999999999999999778e-01,4.235832723999999883e-01,2.535809618000000043e-01
5.900000000000000000e+04,4.000000000000000000e+02,2.999999999999999889e-01,5.999999999999999778e-01,4.236089152999999996e-01,2.536352219999999935e-01
6.100000000000000000e+04,4.000000000000000000e+02,2.999999999999999889e-01,5.999999999999999778e-01,4.236321384000000245e-01,2.536867955000000063e-01
6.300000000000000000e+04,4.000000000000000000e+02,2.999999999999999889e-01,5.999999999999999778e-01,4.236531962000000262e-01,2.537359124999999938e-01
6.500000000000000000e+04,4.000000000000000000e+02,2.999999999999999889e-01,5.999999999999999778e-01,4.236723102000000130e-01,2.537827767999999984e-01
6.700000000000000000e+04,4.000000000000000000e+02,2.999999999999999889e-01,5.999999999999999778e-01,4.236896742999999854e-01,2.538275689999999751e-01
6.900000000000000000e+04,4.000000000000000000e+02,2.999999999999999889e-01,5.999999999999999778e-01,4.237054588999999982e-01,2.538704502999999946e-01
7.100000000000000000e+04,4.000000000000000000e+02,2.999999999999999889e-01,5.999999999999999778e-01,4.237198139999999724e-01,2.539115644000000116e-01
7.300000000000000000e+04,4.000000000000000000e+02,2.999999999999999889e-01,5.999999999999999778e-01,4.237328725000000240e-01,2.539510407000000192e-01
7.500000000000000000e+04,4.000000000000000000e+02,2.999999999999999889e-01,5.999999999999999778e-01,4.237447522000000188e-01,2.539889953000000200e-01
7.700000000000000000e+04,4.000000000000000000e+02,2.999999999999999889e-01,5.999999999999999778e-01,4.237555579000000239e-01,2.540255331999999866e-01
7.900000000000000000e+04,4.000000000000000000e+02,2.999999999999999889e-01,5.999999999999999778e-01,4.237653833000000203e-01,2.540607495000000160e-01
8.100000000000000000e+04,4.000000000000000000e+02,2.999999999999999889e-01,5.999999999999999778e-01,4.237743122000000029e-01,2.540947304000000240e-01
8.300000000000000000e+04,4.000000000000000000e+02,2.999999999999999889e-01,5.999999999999999778e-01,4.237824197000000237e-01,2.541275544000000108e-01
8.500000000000000000e+04,4.000000000000000000e+02,2.999999999999999889e-01,5.999999999999999778e-01,4.237897735000000221e-01,2.541592932000000249e-01
8.700000000000000000e+04,4.000000000000000000e+02,2.999999999999999889e-01,5.999999999999999778e-01,4.237964345999999938e-01,2.541900122999999900e-01
8.900000000000000000e+04,4.000000000000000000e+02,2.999999999999999889e-01,5.999999999999999778e-01,4.238024579999999930e-01,2.542197716999999857e-01
9.100000000000000000e+04,4.000000000000000000e+02,2.999999999999999889e-01,5.999999999999999778e-01,4.238078935999999852e-01,2.542486266999999800e-01
9.300000000000000000e+04,4.000000000000000000e+02,2.999999999999999889e-01,5.999999999999999778e-01,4.238127868000000076e-01,2.542766278999999963e-01
9.500000000000000000e+04,4.000000000000000000e+02,2.999999999999999889e-01,5.999999999999999778e-01,4.238171786000000107e-01,2.543038222999999820e-01
9.700000000000000000e+04,4.000000000000000000e+02,2.999999999999999889e-01,5.999999999999999778e-01,4.238211065999999971e-01,2.543302530000000061e-01
9.900000000000000000e+04,4.000000000000000000e+02,2.999999999999999889e-01,5.999999999999999778e-01,4.238246049000000126e-01,2.543559601000000003e-01
1.000000000000000000e+04,4.000000000000000000e+02,2.999999999999999889e-01,5.999999999999999778e-01,4.180563545000000047e-01,2.484094980000000064e-01
3.000000000000000000e+04,4.000000000000000000e+02,2.999999999999999889e-01,5.999999999999999778e-01,4.227207022000000203e-01,2.523520783000000045e-01
5.000000000000000000e+04,4.000000000000000000e+02,2.999999999999999889e-01,5.999999999999999778e-01,4.234697901999999736e-01,2.533657588000000072e-01
7.000000000000000000e+04,4.000000000000000000e+02,2.999999999999999889e-01,5.999999999999999778e-01,4.237128064999999832e-01,2.538912198000000120e-01
9.000000000000000000e+04,4.000000000000000000e+02,2.999999999999999889e-01,5.999999999999999778e-01,4.238052462999999936e-01,2.542343089999999917e-01
1.100000000000000000e+05,4.000000000000000000e+02,2.999999999999999889e-01,5.999999999999999778e-01,4.238374375999999777e-01,2.544859472000000067e-01
1.300000000000000000e+05,4.000000000000000000e+02,2.999999999999999889e-01,5.999999999999999778e-01,4.238415882000000079e-01,2.546838164999999932e-01
1.500000000000000000e+05,4.000000000000000000e+02,2.999999999999999889e-01,5.999999999999999778e-01,4.238315508000000120e-01,2.548467333000000168e-01
1.700000000000000000e+05,4.000000000000000000e+02,2.999999999999999889e-01,5.999999999999999778e-01,4.238140373000000016e-01,2.549853014999999834e-01
1.900000000000000000e+05,4.000000000000000000e+02,2.999999999999999889e-01,5.999999999999999778e-01,4.237925740999999857e-01,2.551060289000000036e-01
2.100000000000000000e+05,4.000000000000000000e+02,2.999999999999999889e-01,5.999999999999999778e-01,4.237691217999999815e-01,2.552131710000000164e-01
2.300000000000000000e+05,4.000000000000000000e+02,2.999999999999999889e-01,5.999999999999999778e-01,4.237448144000000028e-01,2.553096503000000239e-01
2.500000000000000000e+05,4.000000000000000000e+02,2.999999999999999889e-01,5.999999999999999778e-01,4.237203244000000146e-01,2.553975544000000042e-01
2.700000000000000000e+05,4.000000000000000000e+02,2.999999999999999889e-01,5.999999999999999778e-01,4.236960557000000183e-01,2.554784221999999994e-01
2.900000000000000000e+05,4.000000000000000000e+02,2.999999999999999889e-01,5.999999999999999778e-01,4.236722506999999749e-01,2.555534188999999956e-01
3.100000000000000000e+05,4.000000000000000000e+02,2.999999999999999889e-01,5.999999999999999778e-01,4.236490520999999787e-01,2.556234466999999788e-01
3.300000000000000000e+05,4.000000000000000000e+02,2.999999999999999889e-01,5.999999999999999778e-01,4.236265397999999793e-01,2.556892174000000018e-01
3.500000000000000000e+05,4.000000000000000000e+02,2.999999999999999889e-01,5.999999999999999778e-01,4.236047535999999947e-01,2.557513021999999747e-01
3.700000000000000000e+05,4.000000000000000000e+02,2.999999999999999889e-01,5.999999999999999778e-01,4.235837077999999867e-01,2.558101657999999889e-01
3.900000000000000000e+05,4.000000000000000000e+02,2.999999999999999889e-01,5.999999999999999778e-01,4.235634001999999954e-01,2.558661912999999899e-01
4.100000000000000000e+05,4.000000000000000000e+02,2.999999999999999889e-01,5.999999999999999778e-01,4.235438181000000246e-01,2.559196980999999815e-01
4.300000000000000000e+05,4.000000000000000000e+02,2.999999999999999889e-01,5.999999999999999778e-01,4.235249421999999764e-01,2.559709550000000000e-01
4.500000000000000000e+05,4.000000000000000000e+02,2.999999999999999889e-01,5.999999999999999778e-01,4.235067496000000098e-01,2.560201904000000139e-01
4.700000000000000000e+05,4.000000000000000000e+02,2.999999999999999889e-01,5.999999999999999778e-01,4.234892149000000217e-01,2.560675998999999980e-01
4.900000000000000000e+05,4.000000000000000000e+02,2.999999999999999889e-01,5.999999999999999778e-01,4.234723121000000257e-01,2.561133523999999939e-01
5.100000000000000000e+05,4.000000000000000000e+02,2.999999999999999889e-01,5.999999999999999778e-01,4.234560149000000107e-01,2.561575944000000216e-01
5.300000000000000000e+05,4.000000000000000000e+02,2.999999999999999889e-01,5.999999999999999778e-01,4.234402971999999821e-01,2.562004540999999747e-01
5.500000000000000000e+05,4.000000000000000000e+02,2.999999999999999889e-01,5.999999999999999778e-01,4.234251338000000198e-01,2.562420440000000021e-01
5.700000000000000000e+05,4.000000000000000000e+02,2.999999999999999889e-01,5.999999999999999778e-01,4.234105002999999923e-01,2.562824636000000100e-01
5.900000000000000000e+05,4.000000000000000000e+02,2.999999999999999889e-01,5.999999999999999778e-01,4.233963732000000091e-01,2.563218011999999768e-01
6.100000000000000000e+05,4.000000000000000000e+02,2.999999999999999889e-01,5.999999999999999778e-01,4.233827303000000097e-01,2.563601355999999831e-01
6.300000000000000000e+05,4.000000000000000000e+02,2.999999999999999889e-01,5.999999999999999778e-01,4.233695504000000165e-01,2.563975372999999780e-01
6.500000000000000000e+05,4.000000000000000000e+02,2.999999999999999889e-01,5.999999999999999778e-01,4.233568132000000150e-01,2.564340694999999726e-01
6.700000000000000000e+05,4.000000000000000000e+02,2.999999999999999889e-01,5.999999999999999778e-01,4.233444995999999794e-01,2.564697894999999894e-01
6.900000000000000000e+05,4.000000000000000000e+02,2.999999999999999889e-01,5.999999999999999778e-01,4.233325916999999827e-01,2.565047489999999764e-01
7.100000000000000000e+05,4.000000000000000000e+02,2.999999999999999889e-01,5.999999999999999778e-01,4.233210722999999898e-01,2.565389948999999836e-01
7.300000000000000000e+05,4.000000000000000000e+02,2.999999999999999889e-01,5.999999999999999778e-01,4.233099250999999841e-01,2.565725699999999998e-01
7.500000000000000000e+05,4.000000000000000000e+02,2.999999999999999889e-01,5.999999999999999778e-01,4.232991351000000013e-01,2.566055132999999766e-01
7.700000000000000000e+05,4.000000000000000000e+02,2.999999999999999889e-01,5.999999999999999778e-01,4.232886875999999909e-01,2.566378604999999813e-01
7.900000000000000000e+05,4.000000000000000000e+02,2.999999999999999889e-01,5.999999999999999778e-01,4.232785692000000100e-01,2.566696446000000242e-01
8.100000000000000000e+05,4.000000000000000000e+02,2.999999999999999889e-01,5.999999999999999778e-01,4.232687667000000209e-01,2.567008955000000259e-01
8.300000000000000000e+05,4.000000000000000000e+02,2.999999999999999889e-01,5.999999999999999778e-01,4.232592680000000218e-01,2.567316412999999797e-01
8.500000000000000000e+05,4.000000000000000000e+02,2.999999999999999889e-01,5.999999999999999778e-01,4.232500614999999966e-01,2.567619074999999973e-01
8.700000000000000000e+05,4.000000000000000000e+02,2.999999999999999889e-01,5.999999999999999778e-01,4.232411362999999871e-01,2.567917181000000104e-01
8.900000000000000000e+05,4.000000000000000000e+02,2.999999999999999889e-01,5.999999999999999778e-01,4.232324819000000127e-01,2.568210949999999992e-01
9.100000000000000000e+05,4.000000000000000000e+02,2.999999999999999889e-01,5.999999999999999778e-01,4.232240884999999841e-01,2.568500586999999946e-01
9.300000000000000000e+05,4.000000000000000000e+02,2.999999999999999889e-01,5.999999999999999778e-01,4.232159468000000202e-01,2.568786284999999836e-01
9.500000000000000000e+05,4.000000000000000000e+02,2.999999999999999889e-01,5.999999999999999778e-01,4.232080477999999868e-01,2.569068219999999791e-01
9.700000000000000000e+05,4.000000000000000000e+02,2.999999999999999889e-01,5.999999999999999778e-01,4.232003831999999743e-01,2.569346558999999752e-01
9.900000000000000000e+05,4.000000000000000000e+02,2.999999999999999889e-01,5.999999999999999778e-01,4.231929448000000260e-01,2.569621457999999858e-01
1.000000000000000000e+05,4.000000000000000000e+02,2.999999999999999889e-01,5.999999999999999778e-01,4.238262027999999959e-01,2.543685539000000162e-01
3.000000000000000000e+05,4.000000000000000000e+02,2.999999999999999889e-01,5.999999999999999778e-01,4.236605694000000200e-01,2.555890055999999744e-01
5.000000000000000000e+05,4.000000000000000000e+02,2.999999999999999889e-01,5.999999999999999778e-01,4.234640894999999738e-01,2.561356537999999738e-01
7.000000000000000000e+05,4.000000000000000000e+02,2.999999999999999889e-01,5.999999999999999778e-01,4.233267843999999891e-01,2.565219584000000275e-01
9.000000000000000000e+05,4.000000000000000000e+02,2.999999999999999889e-01,5.999999999999999778e-01,4.232282532000000153e-01,2.568356272999999801e-01
1.100000000000000000e+06,4.000000000000000000e+02,2.999999999999999889e-01,5.999999999999999778e-01,4.231557553999999999e-01,2.571077982000000151e-01
1.300000000000000000e+06,4.000000000000000000e+02,2.999999999999999889e-01,5.999999999999999778e-01,4.231017457999999842e-01,2.573531059999999981e-01
1.500000000000000000e+06,4.000000000000000000e+02,2.999999999999999889e-01,5.999999999999999778e-01,4.230614922000000000e-01,2.575795968999999852e-01
1.700000000000000000e+06,4.000000000000000000e+02,2.999999999999999889e-01,5.999999999999999778e-01,4.230318549000000039e-01,2.577921685999999823e-01
1.900000000000000000e+06,4.000000000000000000e+02,2.999999999999999889e-01,5.999999999999999778e-01,4.230106509000000070e-01,2.579940231999999778e-01
2.100000000000000000e+06,4.000000000000000000e+02,2.999999999999999889e-01,5.999999999999999778e-01,4.229963037000000203e-01,2.581873692000000164e-01
2.300000000000000000e+06,4.000000000000000000e+02,2.999999999999999889e-01,5.999999999999999778e-01,4.229876390000000264e-01,2.583737940999999982e-01
2.500000000000000000e+06,4.000000000000000000e+02,2.999999999999999889e-01,5.999999999999999778e-01,4.229837585999999816e-01,2.585544772000000213e-01
2.700000000000000000e+06,4.000000000000000000e+02,2.999999999999999889e-01,5.999999999999999778e-01,4.229839608000000029e-01,2.587303182999999840e-01
2.900000000000000000e+06,4.000000000000000000e+02,2.999999999999999889e-01,5.999999999999999778e-01,4.229876868999999928e-01,2.589020201000000188e-01
3.100000000000000000e+06,4.000000000000000000e+02,2.999999999999999889e-01,5.999999999999999778e-01,4.229944849999999756e-01,2.590701411999999926e-01
3.300000000000000000e+06,4.000000000000000000e+02,2.999999999999999889e-01,5.999999999999999778e-01,4.230039842000000161e-01,2.592351334999999923e-01
3.500000000000000000e+06,4.000000000000000000e+02,2.999999999999999889e-01,5.999999999999999778e-01,4.230158768999999763e-01,2.593973674999999757e-01
3.700000000000000000e+06,4.000000000000000000e+02,2.999999999999999889e-01,5.999999999999999778e-01,4.230299046000000063e-01,2.595571508000000249e-01
3.900000000000000000e+06,4.000000000000000000e+02,2.999999999999999889e-01,5.999999999999999778e-01,4.230458482000000187e-01,2.597147415000000126e-01
4.100000000000000000e+06,4.000000000000000000e+02,2.999999999999999889e-01,5.999999999999999778e-01,4.230635206999999731e-01,2.598703585000000094e-01
4.300000000000000000e+06,4.000000000000000000e+02,2.999999999999999889e-01,5.999999999999999778e-01,4.230827605999999963e-01,2.600241886999999918e-01
4.500000000000000000e+06,4.000000000000000000e+02,2.999999999999999889e-01,5.999999999999999778e-01,4.231034281000000119e-01,2.601763933999999834e-01
4.700000000000000000e+06,4.000000000000000000e+02,2.999999999999999889e-01,5.999999999999999778e-01,4.231254010000000121e-01,2.603271122999999965e-01
4.900000000000000000e+06,4.000000000000000000e+02,2.999999999999999889e-01,5.999999999999999778e-01,4.231485718999999923e-01,2.604764674999999752e-01
5.100000000000000000e+06,4.000000000000000000e+02,2.999999999999999889e-01,5.999999999999999778e-01,4.231728460999999997e-01,2.606245663999999795e-01
5.300000000000000000e+06,4.000000000000000000e+02,2.999999999999999889e-01,5.999999999999999778e-01,4.231981395000000146e-01,2.607715037000000180e-01
5.500000000000000000e+06,4.000000000000000000e+02,2.999999999999999889e-01,5.999999999999999778e-01,4.232243769999999849e-01,2.609173632999999826e-01
5.700000000000000000e+06,4.000000000000000000e+02,2.999999999999999889e-01,5.999999999999999778e-01,4.232514915999999738e-01,2.610622202999999808e-01
5.900000000000000000e+06,4.000000000000000000e+02,2.999999999999999889e-01,5.999999999999999778e-01,4.232794228999999797e-01,2.612061419000000217e-01
6.100000000000000000e+06,4.000000000000000000e+02,2.999999999999999889e-01,5.999999999999999778e-01,4.233081164999999979e-01,2.613491882000000266e-01
6.300000000000000000e+06,4.000000000000000000e+02,2.999999999999999889e-01,5.999999999999999778e-01,4.233375232000000099e-01,2.614914139000000248e-01
6.500000000000000000e+06,4.000000000000000000e+02,2.999999999999999889e-01,5.999999999999999778e-01,4.233675981000000199e-01,2.616328681000000267e-01
6.700000000000000000e+06,4.000000000000000000e+02,2.999999999999999889e-01,5.999999999999999778e-01,4.233983005999999993e-01,2.617735956000000197e-01
6.900000000000000000e+06,4.000000000000000000e+02,2.999999999999999889e-01,5.999999999999999778e-01,4.234295934999999789e-01,2.619136370999999852e-01
7.100000000000000000e+06,4.000000000000000000e+02,2.999999999999999889e-01,5.999999999999999778e-01,4.234614426000000154e-01,2.620530300999999729e-01
7.300000000000000000e+06,4.000000000000000000e+02,2.999999999999999889e-01,5.999999999999999778e-01,4.234938166000000170e-01,2.621918084000000038e-01
7.500000000000000000e+06,4.000000000000000000e+02,2.999999999999999889e-01,5.999999999999999778e-01,4.235266867999999962e-01,2.623300035999999724e-01
7.700000000000000000e+06,4.000000000000000000e+02,2.999999999999999889e-01,5.999999999999999778e-01,4.235600265999999725e-01,2.624676443000000248e-01
7.900000000000000000e+06,4.000000000000000000e+02,2.999999999999999889e-01,5.999999999999999778e-01,4.235938114000000199e-01,2.626047572999999913e-01
8.100000000000000000e+06,4.000000000000000000e+02,2.999999999999999889e-01,5.999999999999999778e-01,4.236280185999999892e-01,2.627413670000000034e-01
8.300000000000000000e+06,4.000000000000000000e+02,2.999999999999999889e-01,5.999999999999999778e-01,4.236626270000000138e-01,2.628774963000000131e-01
8.500000000000000000e+06,4.000000000000000000e+02,2.999999999999999889e-01,5.999999999999999778e-01,4.236976169000000181e-01,2.630131662999999898e-01
8.700000000000000000e+06,4.000000000000000000e+02,2.999999999999999889e-01,5.999999999999999778e-01,4.237329703000000114e-01,2.631483967000000090e-01
8.900000000000000000e+06,4.000000000000000000e+02,2.999999999999999889e-01,5.999999999999999778e-01,4.237686699000000057e-01,2.632832057999999753e-01
9.100000000000000000e+06,4.000000000000000000e+02,2.999999999999999889e-01,5.999999999999999778e-01,4.238046998000000176e-01,2.634176106000000184e-01
9.300000000000000000e+06,4.000000000000000000e+02,2.999999999999999889e-01,5.999999999999999778e-01,4.238410452999999967e-01,2.635516271000000188e-01
9.500000000000000000e+06,4.000000000000000000e+02,2.999999999999999889e-01,5.999999999999999778e-01,4.238776922999999974e-01,2.636852702999999964e-01
9.700000000000000000e+06,4.000000000000000000e+02,2.999999999999999889e-01,5.999999999999999778e-01,4.239146277999999990e-01,2.638185540999999912e-01
9.900000000000000000e+06,4.000000000000000000e+02,2.999999999999999889e-01,5.999999999999999778e-01,4.239518393999999746e-01,2.639514915999999767e-01
1.000000000000000000e+06,4.000000000000000000e+02,2.999999999999999889e-01,5.999999999999999778e-01,4.231893080999999945e-01,2.569757663000000192e-01
3.000000000000000000e+06,4.000000000000000000e+02,2.999999999999999889e-01,5.999999999999999778e-01,4.229907267999999942e-01,2.589864977999999929e-01
5.000000000000000000e+06,4.000000000000000000e+02,2.999999999999999889e-01,5.999999999999999778e-01,4.231605766000000046e-01,2.605506678000000242e-01
7.000000000000000000e+06,4.000000000000000000e+02,2.999999999999999889e-01,5.999999999999999778e-01,4.234454504999999869e-01,2.619834125000000125e-01
9.000000000000000000e+06,4.000000000000000000e+02,2.999999999999999889e-01,5.999999999999999778e-01,4.237866444999999760e-01,2.633504576999999847e-01
1.100000000000000000e+07,4.000000000000000000e+02,2.999999999999999889e-01,5.999999999999999778e-01,4.241609544000000120e-01,2.646769760000000082e-01
1.300000000000000000e+07,4.000000000000000000e+02,2.999999999999999889e-01,5.999999999999999778e-01,4.245568078999999995e-01,2.659753262999999812e-01
1.500000000000000000e+07,4.000000000000000000e+02,2.999999999999999889e-01,5.999999999999999778e-01,4.249675944999999899e-01,2.672525065999999949e-01
1.700000000000000000e+07,4.000000000000000000e+02,2.999999999999999889e-01,5.999999999999999778e-01,4.253891823000000016e-01,2.685128702999999839e-01
1.900000000000000000e+07,4.000000000000000000e+02,2.999999999999999889e-01,5.999999999999999778e-01,4.258188164999999747e-01,2.697593135999999947e-01
2.100000000000000000e+07,4.000000000000000000e+02,2.999999999999999889e-01,5.999999999999999778e-01,4.262545690999999803e-01,2.709938637000000039e-01
2.300000000000000000e+07,4.000000000000000000e+02,2.999999999999999889e-01,5.999999999999999778e-01,4.266950388999999899e-01,2.722179967999999728e-01
2.500000000000000000e+07,4.000000000000000000e+02,2.999999999999999889e-01,5.999999999999999778e-01,4.271391759000000010e-01,2.734328230999999998e-01
2.700000000000000000e+07,4.000000000000000000e+02,2.999999999999999889e-01,5.999999999999999778e-01,4.275861737000000162e-01,2.746391995999999946e-01
2.900000000000000000e+07,4.000000000000000000e+02,2.999999999999999889e-01,5.999999999999999778e-01,4.280353999000000020e-01,2.758378029999999925e-01
3.100000000000000000e+07,4.000000000000000000e+02,2.999999999999999889e-01,5.999999999999999778e-01,4.284863495999999827e-01,2.770291779999999870e-01
3.300000000000000000e+07,4.000000000000000000e+02,2.999999999999999889e-01,5.999999999999999778e-01,4.289386141000000041e-01,2.782137701999999879e-01
3.500000000000000000e+07,4.000000000000000000e+02,2.999999999999999889e-01,5.999999999999999778e-01,4.293918577999999986e-01,2.793919496999999752e-01
3.700000000000000000e+07,4.000000000000000000e+02,2.999999999999999889e-01,5.999999999999999778e-01,4.298458021000000073e-01,2.805640276999999960e-01
3.900000000000000000e+07,4.000000000000000000e+02,2.999999999999999889e-01,5.999999999999999778e-01,4.303002135999999811e-01,2.817302689000000249e-01
4.100000000000000000e+07,4.000000000000000000e+02,2.999999999999999889e-01,5.999999999999999778e-01,4.307548949000000182e-01,2.828909009999999724e-01
4.300000000000000000e+07,4.000000000000000000e+02,2.999999999999999889e-01,5.999999999999999778e-01,4.312096778000000241e-01,2.840461215000000261e-01
4.500000000000000000e+07,4.000000000000000000e+02,2.999999999999999889e-01,5.999999999999999778e-01,4.316644179999999942e-01,2.851961035999999727e-01
4.700000000000000000e+07,4.000000000000000000e+02,2.999999999999999889e-01,5.999999999999999778e-01,4.321189907999999913e-01,2.863409997999999956e-01
4.900000000000000000e+07,4.000000000000000000e+02,2.999999999999999889e-01,5.999999999999999778e-01,4.325732881000000085e-01,2.874809456999999902e-01
5.100000000000000000e+07,4.000000000000000000e+02,2.999999999999999889e-01,5.999999999999999778e-01,4.330272155000000067e-01,2.886160629000000255e-01
5.300000000000000000e+07,4.000000000000000000e+02,2.999999999999999889e-01,5.999999999999999778e-01,4.334806904999999877e-01,2.897464605999999776e-01
5.500000000000000000e+07,4.000000000000000000e+02,2.999999999999999889e-01,5.999999999999999778e-01,4.339336402000000259e-01,2.908722380000000052e-01
5.700000000000000000e+07,4.000000000000000000e+02,2.999999999999999889e-01,5.999999999999999778e-01,4.343860005999999885e-01,2.919934851000000053e-01
5.900000000000000000e+07,4.000000000000000000e+02,2.999999999999999889e-01,5.999999999999999778e-01,4.348377145999999804e-01,2.931102845999999928e-01
6.100000000000000000e+07,4.000000000000000000e+02,2.999999999999999889e-01,5.999999999999999778e-01,4.352887319000000033e-01,2.942227123999999749e-01
6.300000000000000000e+07,4.000000000000000000e+02,2.999999999999999889e-01,5.999999999999999778e-01,4.357390074999999974e-01,2.953308385999999786e-01
6.500000000000000000e+07,4.000000000000000000e+02,2.999999999999999889e-01,5.999999999999999778e-01,4.361885012000000228e-01,2.964347281999999972e-01
6.700000000000000000e+07,4.000000000000000000e+02,2.999999999999999889e-01,5.999999999999999778e-01,4.366371772000000040e-01,2.975344419000000018e-01
6.900000000000000000e+07,4.000000000000000000e+02,2.999999999999999889e-01,5.999999999999999778e-01,4.370850032999999968e-01,2.986300363000000124e-01
7.100000000000000000e+07,4.000000000000000000e+02,2.999999999999999889e-01,5.999999999999999778e-01,4.375319508000000135e-01,2.997215643999999735e-01
7.300000000000000000e+07,4.000000000000000000e+02,2.999999999999999889e-01,5.999999999999999778e-01,4.379779937000000123e-01,3.008090762999999779e-01
7.500000000000000000e+07,4.000000000000000000e+02,2.999999999999999889e-01,5.999999999999999778e-01,4.384231088000000165e-01,3.018926190999999815e-01
7.700000000000000000e+07,4.000000000000000000e+02,2.999999999999999889e-01,5.999999999999999778e-01,4.388672752000000177e-01,3.029722374000000107e-01
7.900000000000000000e+07,4.000000000000000000e+02,2.999999999999999889e-01,5.999999999999999778e-01,4.393104740000000064e-01,3.040479736000000210e-01
8.100000000000000000e+07,4.000000000000000000e+02,2.999999999999999889e-01,5.999999999999999778e-01,4.397526883000000275e-01,3.051198680000000163e-01
8.300000000000000000e+07,4.000000000000000000e+02,2.999999999999999889e-01,5.999999999999999778e-01,4.401939027999999809e-01,3.061879591000000178e-01
8.500000000000000000e+07,4.000000000000000000e+02,2.999999999999999889e-01,5.999999999999999778e-01,4.406341039000000182e-01,3.072522835000000008e-01
8.700000000000000000e+07,4.000000000000000000e+02,2.999999999999999889e-01,5.999999999999999778e-01,4.410732790999999930e-01,3.083128764999999993e-01
8.900000000000000000e+07,4.000000000000000000e+02,2.999999999999999889e-01,5.999999999999999778e-01,4.415114173999999947e-01,3.093697718999999791e-01
9.100000000000000000e+07,4.000000000000000000e+02,2.999999999999999889e-01,5.999999999999999778e-01,4.419485087999999728e-01,3.104230021000000117e-01
9.300000000000000000e+07,4.000000000000000000e+02,2.999999999999999889e-01,5.999999999999999778e-01,4.423845444999999765e-01,3.114725984999999753e-01
9.500000000000000000e+07,4.000000000000000000e+02,2.999999999999999889e-01,5.999999999999999778e-01,4.428195164000000017e-01,3.125185911999999733e-01
9.700000000000000000e+07,4.000000000000000000e+02,2.999999999999999889e-01,5.999999999999999778e-01,4.432534175000000243e-01,3.135610093999999792e-01
9.900000000000000000e+07,4.000000000000000000e+02,2.999999999999999889e-01,5.999999999999999778e-01,4.436862414000000143e-01,3.145998812999999950e-01
1.000000000000000000e+07,4.000000000000000000e+02,2.999999999999999889e-01,5.999999999999999778e-01,4.239705450999999847e-01,2.640178344999999926e-01
3.000000000000000000e+07,4.000000000000000000e+02,2.999999999999999889e-01,5.999999999999999778e-01,4.282606868000000122e-01,2.764343642000000045e-01
5.000000000000000000e+07,4.000000000000000000e+02,2.999999999999999889e-01,5.999999999999999778e-01,4.328003033999999749e-01,2.880491008000000130e-01
7.000000000000000000e+07,4.000000000000000000e+02,2.999999999999999889e-01,5.999999999999999778e-01,4.373085885999999922e-01,2.991763054000000088e-01
9.000000000000000000e+07,4.000000000000000000e+02,2.999999999999999889e-01,5.999999999999999778e-01,4.417300945000000034e-01,3.098968431999999940e-01
1.000000000000000000e+08,4.000000000000000000e+02,2.999999999999999889e-01,5.999999999999999778e-01,4.439022476999999745e-01,3.151179961000000196e-01
