     Pressure (Pa)     C7-500 (mol/kg)        3mC6-500 (mol/kg)
    0.1000000000E+01    0.7078631872E-03    0.1677990894E-02
    0.3000000000E+01    0.2108777680E-02    0.4998938822E-02
    0.5000000000E+01    0.3490284632E-02    0.8273982398E-02
    0.7000000000E+01    0.4852784151E-02    0.1150406728E-01
    0.9000000000E+01    0.6196665421E-02    0.1469011334E-01
    0.1100000000E+02    0.7522307078E-02    0.1783301549E-01
    0.1300000000E+02    0.8830077561E-02    0.2093364460E-01
    0.1500000000E+02    0.1012033546E-01    0.2399284822E-01
    0.1700000000E+02    0.1139342982E-01    0.2701145140E-01
    0.1900000000E+02    0.1264970050E-01    0.2999025743E-01
    0.2100000000E+02    0.1388947844E-01    0.3293004855E-01
    0.2300000000E+02    0.1511308594E-01    0.3583158661E-01
    0.2500000000E+02    0.1632083697E-01    0.3869561377E-01
    0.2700000000E+02    0.1751303745E-01    0.4152285309E-01
    0.2900000000E+02    0.1868998544E-01    0.4431400919E-01
    0.3100000000E+02    0.1985197146E-01    0.4706976880E-01
    0.3300000000E+02    0.2099927870E-01    0.4979080131E-01
    0.3500000000E+02    0.2213218324E-01    0.5247775937E-01
    0.3700000000E+02    0.2325095429E-01    0.5513127934E-01
    0.3900000000E+02    0.2435585440E-01    0.5775198186E-01
    0.4100000000E+02    0.2544713963E-01    0.6034047228E-01
    0.4300000000E+02    0.2652505981E-01    0.6289734117E-01
    0.4500000000E+02    0.2758985869E-01    0.6542316473E-01
    0.4700000000E+02    0.2864177411E-01    0.6791850527E-01
    0.4900000000E+02    0.2968103822E-01    0.7038391157E-01
    0.5100000000E+02    0.3070787762E-01    0.7281991934E-01
    0.5300000000E+02    0.3172251354E-01    0.7522705156E-01
    0.5500000000E+02    0.3272516197E-01    0.7760581889E-01
    0.5700000000E+02    0.3371603384E-01    0.7995672002E-01
    0.5900000000E+02    0.3469533519E-01    0.8228024200E-01
    0.6100000000E+02    0.3566326725E-01    0.8457686062E-01
    0.6300000000E+02    0.3662002662E-01    0.8684704068E-01
    0.6500000000E+02    0.3756580541E-01    0.8909123634E-01
    0.6700000000E+02    0.3850079132E-01    0.9130989144E-01
    0.6900000000E+02    0.3942516784E-01    0.9350343974E-01
    0.7100000000E+02    0.4033911429E-01    0.9567230524E-01
    0.7300000000E+02    0.4124280598E-01    0.9781690245E-01
    0.7500000000E+02    0.4213641433E-01    0.9993763664E-01
    0.7700000000E+02    0.4302010696E-01    0.1020349041E+00
    0.7900000000E+02    0.4389404777E-01    0.1041090924E+00
    0.8100000000E+02    0.4475839709E-01    0.1061605807E+00
    0.8300000000E+02    0.4561331176E-01    0.1081897397E+00
    0.8500000000E+02    0.4645894521E-01    0.1101969323E+00
    0.8700000000E+02    0.4729544757E-01    0.1121825134E+00
    0.8900000000E+02    0.4812296573E-01    0.1141468304E+00
    0.9100000000E+02    0.4894164348E-01    0.1160902232E+00
    0.9300000000E+02    0.4975162153E-01    0.1180130246E+00
    0.9500000000E+02    0.5055303764E-01    0.1199155604E+00
    0.9700000000E+02    0.5134602666E-01    0.1217981493E+00
    0.9900000000E+02    0.5213072064E-01    0.1236611037E+00
    0.1000000000E+02    0.6861742939E-02    0.1626690242E-01
    0.3000000000E+02    0.1927283083E-01    0.4569627132E-01
    0.5000000000E+02    0.3019599706E-01    0.7160555729E-01
    0.7000000000E+02    0.3988343377E-01    0.9459093172E-01
    0.9000000000E+02    0.4853340079E-01    0.1151211213E+00
    0.1100000000E+03    0.5630390977E-01    0.1335697370E+00
    0.1300000000E+03    0.6332244321E-01    0.1502382363E+00
    0.1500000000E+03    0.6969298707E-01    0.1653725403E+00
    0.1700000000E+03    0.7550120511E-01    0.1791752603E+00
    0.1900000000E+03    0.8081830358E-01    0.1918148303E+00
    0.2100000000E+03    0.8570395736E-01    0.2034324223E+00
    0.2300000000E+03    0.9020855311E-01    0.2141472478E+00
    0.2500000000E+03    0.9437492845E-01    0.2240606682E+00
    0.2700000000E+03    0.9823973448E-01    0.2332594157E+00
    0.2900000000E+03    0.1018345135E+00    0.2418181405E+00
    0.3100000000E+03    0.1051865589E+00    0.2498014442E+00
    0.3300000000E+03    0.1083196076E+00    0.2572655154E+00
    0.3500000000E+03    0.1112544003E+00    0.2642594566E+00
    0.3700000000E+03    0.1140091402E+00    0.2708263667E+00
    0.3900000000E+03    0.1165998695E+00    0.2770042315E+00
    0.4100000000E+03    0.1190407802E+00    0.2828266607E+00
    0.4300000000E+03    0.1213444739E+00    0.2883234996E+00
    0.4500000000E+03    0.1235221783E+00    0.2935213426E+00
    0.4700000000E+03    0.1255839293E+00    0.2984439637E+00
    0.4900000000E+03    0.1275387252E+00    0.3031126810E+00
    0.5100000000E+03    0.1293946570E+00    0.3075466658E+00
    0.5300000000E+03    0.1311590205E+00    0.3117632060E+00
    0.5500000000E+03    0.1328384112E+00    0.3157779324E+00
    0.5700000000E+03    0.1344388065E+00    0.3196050119E+00
    0.5900000000E+03    0.1359656363E+00    0.3232573157E+00
    0.6100000000E+03    0.1374238443E+00    0.3267465637E+00
    0.6300000000E+03    0.1388179415E+00    0.3300834503E+00
    0.6500000000E+03    0.1401520520E+00    0.3332777548E+00
    0.6700000000E+03    0.1414299541E+00    0.3363384366E+00
    0.6900000000E+03    0.1426551154E+00    0.3392737195E+00
    0.7100000000E+03    0.1438307243E+00    0.3420911662E+00
    0.7300000000E+03    0.1449597175E+00    0.3447977426E+00
    0.7500000000E+03    0.1460448043E+00    0.3473998763E+00
    0.7700000000E+03    0.1470884882E+00    0.3499035072E+00
    0.7900000000E+03    0.1480930862E+00    0.3523141328E+00
    0.8100000000E+03    0.1490607455E+00    0.3546368491E+00
    0.8300000000E+03    0.1499934593E+00    0.3568763862E+00
    0.8500000000E+03    0.1508930797E+00    0.3590371408E+00
    0.8700000000E+03    0.1517613307E+00    0.3611232048E+00
    0.8900000000E+03    0.1525998184E+00    0.3631383916E+00
    0.9100000000E+03    0.1534100414E+00    0.3650862591E+00
    0.9300000000E+03    0.1541933994E+00    0.3669701311E+00
    0.9500000000E+03    0.1549512011E+00    0.3687931158E+00
    0.9700000000E+03    0.1556846719E+00    0.3705581234E+00
    0.9900000000E+03    0.1563949600E+00    0.3722678815E+00
    0.1000000000E+03    0.5251999750E-01    0.1245853138E+00
    0.3000000000E+03    0.1035393181E+00    0.2458780279E+00
    0.5000000000E+03    0.1284785756E+00    0.3053578931E+00
    0.7000000000E+03    0.1432489247E+00    0.3406967238E+00
    0.9000000000E+03    0.1530083733E+00    0.3641205273E+00
    0.1100000000E+04    0.1599321592E+00    0.3807908866E+00
    0.1300000000E+04    0.1650962323E+00    0.3932636497E+00
    0.1500000000E+04    0.1690936603E+00    0.4029491113E+00
    0.1700000000E+04    0.1722781293E+00    0.4106892176E+00
    0.1900000000E+04    0.1748736147E+00    0.4170177034E+00
    0.2100000000E+04    0.1770288278E+00    0.4222893230E+00
    0.2300000000E+04    0.1788463668E+00    0.4267490839E+00
    0.2500000000E+04    0.1803992954E+00    0.4305716482E+00
    0.2700000000E+04    0.1817410507E+00    0.4338848947E+00
    0.2900000000E+04    0.1829116149E+00    0.4367846032E+00
    0.3100000000E+04    0.1839414958E+00    0.4393439346E+00
    0.3300000000E+04    0.1848543744E+00    0.4416197376E+00
    0.3500000000E+04    0.1856689117E+00    0.4436568567E+00
    0.3700000000E+04    0.1864000104E+00    0.4454911431E+00
    0.3900000000E+04    0.1870597151E+00    0.4471516021E+00
    0.4100000000E+04    0.1876578652E+00    0.4486619539E+00
    0.4300000000E+04    0.1882025772E+00    0.4500417850E+00
    0.4500000000E+04    0.1887006050E+00    0.4513074120E+00
    0.4700000000E+04    0.1891576146E+00    0.4524725366E+00
    0.4900000000E+04    0.1895783939E+00    0.4535487498E+00
    0.5100000000E+04    0.1899670164E+00    0.4545459232E+00
    0.5300000000E+04    0.1903269694E+00    0.4554725170E+00
    0.5500000000E+04    0.1906612559E+00    0.4563358235E+00
    0.5700000000E+04    0.1909724751E+00    0.4571421620E+00
    0.5900000000E+04    0.1912628886E+00    0.4578970361E+00
    0.6100000000E+04    0.1915344730E+00    0.4586052612E+00
    0.6300000000E+04    0.1917889634E+00    0.4592710687E+00
    0.6500000000E+04    0.1920278893E+00    0.4598981926E+00
    0.6700000000E+04    0.1922526038E+00    0.4604899397E+00
    0.6900000000E+04    0.1924643087E+00    0.4610492500E+00
    0.7100000000E+04    0.1926640744E+00    0.4615787454E+00
    0.7300000000E+04    0.1928528582E+00    0.4620807721E+00
    0.7500000000E+04    0.1930315178E+00    0.4625574357E+00
    0.7700000000E+04    0.1932008249E+00    0.4630106317E+00
    0.7900000000E+04    0.1933614748E+00    0.4634420704E+00
    0.8100000000E+04    0.1935140964E+00    0.4638532998E+00
    0.8300000000E+04    0.1936592592E+00    0.4642457239E+00
    0.8500000000E+04    0.1937974807E+00    0.4646206191E+00
    0.8700000000E+04    0.1939292318E+00    0.4649791486E+00
    0.8900000000E+04    0.1940549422E+00    0.4653223747E+00
    0.9100000000E+04    0.1941750046E+00    0.4656512693E+00
    0.9300000000E+04    0.1942897786E+00    0.4659667236E+00
    0.9500000000E+04    0.1943995942E+00    0.4662695559E+00
    0.9700000000E+04    0.1945047548E+00    0.4665605194E+00
    0.9900000000E+04    0.1946055396E+00    0.4668403083E+00
    0.1000000000E+04    0.1567417498E+00    0.3731028478E+00
    0.3000000000E+04    0.1834425251E+00    0.4381029389E+00
    0.5000000000E+04    0.1897764943E+00    0.4540566577E+00
    0.7000000000E+04    0.1925656216E+00    0.4613175719E+00
    0.9000000000E+04    0.1941156562E+00    0.4654885560E+00
    0.1100000000E+05    0.1950922241E+00    0.4682057653E+00
    0.1300000000E+05    0.1957580137E+00    0.4701221260E+00
    0.1500000000E+05    0.1962372423E+00    0.4715497925E+00
    0.1700000000E+05    0.1965961142E+00    0.4726569601E+00
    0.1900000000E+05    0.1968730674E+00    0.4735423515E+00
    0.2100000000E+05    0.1970919048E+00    0.4742677717E+00
    0.2300000000E+05    0.1972681285E+00    0.4748739140E+00
    0.2500000000E+05    0.1974122519E+00    0.4753886801E+00
    0.2700000000E+05    0.1975316468E+00    0.4758318502E+00
    0.2900000000E+05    0.1976316281E+00    0.4762178439E+00
    0.3100000000E+05    0.1977161199E+00    0.4765574253E+00
    0.3300000000E+05    0.1977880788E+00    0.4768587959E+00
    0.3500000000E+05    0.1978497724E+00    0.4771283162E+00
    0.3700000000E+05    0.1979029671E+00    0.4773709968E+00
    0.3900000000E+05    0.1979490578E+00    0.4775908396E+00
    0.4100000000E+05    0.1979891599E+00    0.4777910805E+00
    0.4300000000E+05    0.1980241747E+00    0.4779743651E+00
    0.4500000000E+05    0.1980548382E+00    0.4781428778E+00
    0.4700000000E+05    0.1980817566E+00    0.4782984389E+00
    0.4900000000E+05    0.1981054330E+00    0.4784425774E+00
    0.5100000000E+05    0.1981262888E+00    0.4785765877E+00
    0.5300000000E+05    0.1981446787E+00    0.4787015730E+00
    0.5500000000E+05    0.1981609034E+00    0.4788184795E+00
    0.5700000000E+05    0.1981752192E+00    0.4789281235E+00
    0.5900000000E+05    0.1981878462E+00    0.4790312134E+00
    0.6100000000E+05    0.1981989735E+00    0.4791283667E+00
    0.6300000000E+05    0.1982087651E+00    0.4792201244E+00
    0.6500000000E+05    0.1982173636E+00    0.4793069625E+00
    0.6700000000E+05    0.1982248933E+00    0.4793893017E+00
    0.6900000000E+05    0.1982314632E+00    0.4794675151E+00
    0.7100000000E+05    0.1982371691E+00    0.4795419348E+00
    0.7300000000E+05    0.1982420955E+00    0.4796128576E+00
    0.7500000000E+05    0.1982463173E+00    0.4796805494E+00
    0.7700000000E+05    0.1982499009E+00    0.4797452493E+00
    0.7900000000E+05    0.1982529055E+00    0.4798071728E+00
    0.8100000000E+05    0.1982553837E+00    0.4798665148E+00
    0.8300000000E+05    0.1982573829E+00    0.4799234519E+00
    0.8500000000E+05    0.1982589453E+00    0.4799781446E+00
    0.8700000000E+05    0.1982601091E+00    0.4800307391E+00
    0.8900000000E+05    0.1982609085E+00    0.4800813688E+00
    0.9100000000E+05    0.1982613746E+00    0.4801301559E+00
    0.9300000000E+05    0.1982615353E+00    0.4801772122E+00
    0.9500000000E+05    0.1982614160E+00    0.4802226406E+00
    0.9700000000E+05    0.1982610398E+00    0.4802665356E+00
    0.9900000000E+05    0.1982604276E+00    0.4803089846E+00
    0.1000000000E+05    0.1946543724E+00    0.4669762145E+00
    0.3000000000E+05    0.1976756065E+00    0.4763928733E+00
    0.5000000000E+05    0.1981161900E+00    0.4785107756E+00
    0.7000000000E+05    0.1982344186E+00    0.4795051798E+00
    0.9000000000E+05    0.1982611814E+00    0.4801059855E+00
    0.1100000000E+06    0.1982536165E+00    0.4805199184E+00
    0.1300000000E+06    0.1982314613E+00    0.4808290925E+00
    0.1500000000E+06    0.1982028849E+00    0.4810729771E+00
    0.1700000000E+06    0.1981716615E+00    0.4812730582E+00
    0.1900000000E+06    0.1981396580E+00    0.4814421105E+00
    0.2100000000E+06    0.1981078334E+00    0.4815882476E+00
    0.2300000000E+06    0.1980766847E+00    0.4817168937E+00
    0.2500000000E+06    0.1980464629E+00    0.4818318269E+00
    0.2700000000E+06    0.1980172831E+00    0.4819357687E+00
    0.2900000000E+06    0.1979891846E+00    0.4820307352E+00
    0.3100000000E+06    0.1979621633E+00    0.4821182557E+00
    0.3300000000E+06    0.1979361913E+00    0.4821995143E+00
    0.3500000000E+06    0.1979112281E+00    0.4822754438E+00
    0.3700000000E+06    0.1978872264E+00    0.4823467906E+00
    0.3900000000E+06    0.1978641371E+00    0.4824141602E+00
    0.4100000000E+06    0.1978419108E+00    0.4824780497E+00
    0.4300000000E+06    0.1978204994E+00    0.4825388716E+00
    0.4500000000E+06    0.1977998572E+00    0.4825969716E+00
    0.4700000000E+06    0.1977799405E+00    0.4826526420E+00
    0.4900000000E+06    0.1977607087E+00    0.4827061319E+00
    0.5100000000E+06    0.1977421235E+00    0.4827576550E+00
    0.5300000000E+06    0.1977241493E+00    0.4828073961E+00
    0.5500000000E+06    0.1977067529E+00    0.4828555158E+00
    0.5700000000E+06    0.1976899035E+00    0.4829021546E+00
    0.5900000000E+06    0.1976735723E+00    0.4829474361E+00
    0.6100000000E+06    0.1976577325E+00    0.4829914692E+00
    0.6300000000E+06    0.1976423594E+00    0.4830343507E+00
    0.6500000000E+06    0.1976274297E+00    0.4830761668E+00
    0.6700000000E+06    0.1976129219E+00    0.4831169947E+00
    0.6900000000E+06    0.1975988159E+00    0.4831569036E+00
    0.7100000000E+06    0.1975850928E+00    0.4831959559E+00
    0.7300000000E+06    0.1975717350E+00    0.4832342079E+00
    0.7500000000E+06    0.1975587262E+00    0.4832717107E+00
    0.7700000000E+06    0.1975460509E+00    0.4833085109E+00
    0.7900000000E+06    0.1975336948E+00    0.4833446508E+00
    0.8100000000E+06    0.1975216441E+00    0.4833801691E+00
    0.8300000000E+06    0.1975098863E+00    0.4834151013E+00
    0.8500000000E+06    0.1974984093E+00    0.4834494800E+00
    0.8700000000E+06    0.1974872019E+00    0.4834833352E+00
    0.8900000000E+06    0.1974762535E+00    0.4835166945E+00
    0.9100000000E+06    0.1974655540E+00    0.4835495835E+00
    0.9300000000E+06    0.1974550939E+00    0.4835820259E+00
    0.9500000000E+06    0.1974448644E+00    0.4836140437E+00
    0.9700000000E+06    0.1974348569E+00    0.4836456572E+00
    0.9900000000E+06    0.1974250635E+00    0.4836768854E+00
    0.1000000000E+06    0.1982600391E+00    0.4803296921E+00
    0.3000000000E+06    0.1979755406E+00    0.4820753454E+00
    0.5000000000E+06    0.1977513376E+00    0.4827321271E+00
    0.7000000000E+06    0.1975919076E+00    0.4831765332E+00
    0.9000000000E+06    0.1974708732E+00    0.4835331963E+00
    0.1100000000E+07    0.1973747051E+00    0.4838424896E+00
    0.1300000000E+07    0.1972958667E+00    0.4841222886E+00
    0.1500000000E+07    0.1972297732E+00    0.4843820085E+00
    0.1700000000E+07    0.1971734384E+00    0.4846271958E+00
    0.1900000000E+07    0.1971248118E+00    0.4848613848E+00
    0.2100000000E+07    0.1970824261E+00    0.4850869625E+00
    0.2300000000E+07    0.1970451953E+00    0.4853056152E+00
    0.2500000000E+07    0.1970122936E+00    0.4855185772E+00
    0.2700000000E+07    0.1969830784E+00    0.4857267792E+00
    0.2900000000E+07    0.1969570401E+00    0.4859309393E+00
    0.3100000000E+07    0.1969337675E+00    0.4861316237E+00
    0.3300000000E+07    0.1969129244E+00    0.4863292862E+00
    0.3500000000E+07    0.1968942321E+00    0.4865242963E+00
    0.3700000000E+07    0.1968774571E+00    0.4867169586E+00
    0.3900000000E+07    0.1968624019E+00    0.4869075272E+00
    0.4100000000E+07    0.1968488980E+00    0.4870962165E+00
    0.4300000000E+07    0.1968368002E+00    0.4872832086E+00
    0.4500000000E+07    0.1968259830E+00    0.4874686600E+00
    0.4700000000E+07    0.1968163366E+00    0.4876527056E+00
    0.4900000000E+07    0.1968077650E+00    0.4878354629E+00
    0.5100000000E+07    0.1968001831E+00    0.4880170349E+00
    0.5300000000E+07    0.1967935158E+00    0.4881975121E+00
    0.5500000000E+07    0.1967876960E+00    0.4883769745E+00
    0.5700000000E+07    0.1967826639E+00    0.4885554934E+00
    0.5900000000E+07    0.1967783654E+00    0.4887331324E+00
    0.6100000000E+07    0.1967747522E+00    0.4889099486E+00
    0.6300000000E+07    0.1967717801E+00    0.4890859933E+00
    0.6500000000E+07    0.1967694095E+00    0.4892613129E+00
    0.6700000000E+07    0.1967676039E+00    0.4894359493E+00
    0.6900000000E+07    0.1967663303E+00    0.4896099409E+00
    0.7100000000E+07    0.1967655582E+00    0.4897833225E+00
    0.7300000000E+07    0.1967652600E+00    0.4899561259E+00
    0.7500000000E+07    0.1967654100E+00    0.4901283804E+00
    0.7700000000E+07    0.1967659846E+00    0.4903001128E+00
    0.7900000000E+07    0.1967669619E+00    0.4904713478E+00
    0.8100000000E+07    0.1967683218E+00    0.4906421083E+00
    0.8300000000E+07    0.1967700455E+00    0.4908124154E+00
    0.8500000000E+07    0.1967721157E+00    0.4909822886E+00
    0.8700000000E+07    0.1967745161E+00    0.4911517462E+00
    0.8900000000E+07    0.1967772316E+00    0.4913208050E+00
    0.9100000000E+07    0.1967802481E+00    0.4914894808E+00
    0.9300000000E+07    0.1967835524E+00    0.4916577884E+00
    0.9500000000E+07    0.1967871322E+00    0.4918257414E+00
    0.9700000000E+07    0.1967909757E+00    0.4919933527E+00
    0.9900000000E+07    0.1967950723E+00    0.4921606345E+00
    0.1000000000E+07    0.1974202446E+00    0.4836923606E+00
    0.3000000000E+07    0.1969450806E+00    0.4860316854E+00
    0.5000000000E+07    0.1968038552E+00    0.4879263912E+00
    0.7000000000E+07    0.1967658833E+00    0.4896967059E+00
    0.9000000000E+07    0.1967787031E+00    0.4914051898E+00
    0.1100000000E+08    0.1968216948E+00    0.4930752669E+00
    0.1300000000E+08    0.1968846055E+00    0.4947182976E+00
    0.1500000000E+08    0.1969615885E+00    0.4963406657E+00
    0.1700000000E+08    0.1970489932E+00    0.4979463228E+00
    0.1900000000E+08    0.1971443869E+00    0.4995378893E+00
    0.2100000000E+08    0.1972460674E+00    0.5011171956E+00
    0.2300000000E+08    0.1973527972E+00    0.5026855734E+00
    0.2500000000E+08    0.1974636485E+00    0.5042440238E+00
    0.2700000000E+08    0.1975779082E+00    0.5057933204E+00
    0.2900000000E+08    0.1976950163E+00    0.5073340746E+00
    0.3100000000E+08    0.1978145254E+00    0.5088667796E+00
    0.3300000000E+08    0.1979360721E+00    0.5103918398E+00
    0.3500000000E+08    0.1980593577E+00    0.5119095923E+00
    0.3700000000E+08    0.1981841337E+00    0.5134203212E+00
    0.3900000000E+08    0.1983101911E+00    0.5149242697E+00
    0.4100000000E+08    0.1984373526E+00    0.5164216477E+00
    0.4300000000E+08    0.1985654666E+00    0.5179126381E+00
    0.4500000000E+08    0.1986944024E+00    0.5193974022E+00
    0.4700000000E+08    0.1988240468E+00    0.5208760830E+00
    0.4900000000E+08    0.1989543010E+00    0.5223488085E+00
    0.5100000000E+08    0.1990850781E+00    0.5238156941E+00
    0.5300000000E+08    0.1992163018E+00    0.5252768442E+00
    0.5500000000E+08    0.1993479044E+00    0.5267323541E+00
    0.5700000000E+08    0.1994798257E+00    0.5281823113E+00
    0.5900000000E+08    0.1996120120E+00    0.5296267966E+00
    0.6100000000E+08    0.1997444150E+00    0.5310658846E+00
    0.6300000000E+08    0.1998769916E+00    0.5324996449E+00
    0.6500000000E+08    0.2000097027E+00    0.5339281426E+00
    0.6700000000E+08    0.2001425130E+00    0.5353514388E+00
    0.6900000000E+08    0.2002753907E+00    0.5367695908E+00
    0.7100000000E+08    0.2004083067E+00    0.5381826530E+00
    0.7300000000E+08    0.2005412346E+00    0.5395906771E+00
    0.7500000000E+08    0.2006741501E+00    0.5409937119E+00
    0.7700000000E+08    0.2008070313E+00    0.5423918042E+00
    0.7900000000E+08    0.2009398581E+00    0.5437849986E+00
    0.8100000000E+08    0.2010726117E+00    0.5451733381E+00
    0.8300000000E+08    0.2012052754E+00    0.5465568636E+00
    0.8500000000E+08    0.2013378333E+00    0.5479356149E+00
    0.8700000000E+08    0.2014702710E+00    0.5493096299E+00
    0.8900000000E+08    0.2016025753E+00    0.5506789458E+00
    0.9100000000E+08    0.2017347339E+00    0.5520435980E+00
    0.9300000000E+08    0.2018667354E+00    0.5534036212E+00
    0.9500000000E+08    0.2019985693E+00    0.5547590490E+00
    0.9700000000E+08    0.2021302260E+00    0.5561099141E+00
    0.9900000000E+08    0.2022616962E+00    0.5574562481E+00
    0.1000000000E+08    0.1967972121E+00    0.4922441553E+00
    0.3000000000E+08    0.1977544952E+00    0.5081014062E+00
    0.5000000000E+08    0.1990196292E+00    0.5230829746E+00
    0.7000000000E+08    0.2003418457E+00    0.5374767548E+00
    0.9000000000E+08    0.2016686736E+00    0.5513618526E+00
    0.1100000000E+09    0.2029811071E+00    0.5647814413E+00
    0.1300000000E+09    0.2042707645E+00    0.5777663794E+00
    0.1500000000E+09    0.2055336703E+00    0.5903416793E+00
    0.1700000000E+09    0.2067679773E+00    0.6025289299E+00
    0.1900000000E+09    0.2079729701E+00    0.6143474040E+00
    0.2100000000E+09    0.2091485740E+00    0.6258146414E+00
    0.2300000000E+09    0.2102950908E+00    0.6369467948E+00
    0.2500000000E+09    0.2114130481E+00    0.6477588542E+00
    0.2700000000E+09    0.2125031087E+00    0.6582648037E+00
    0.2900000000E+09    0.2135660142E+00    0.6684777386E+00
    0.3100000000E+09    0.2146025484E+00    0.6784099575E+00
    0.3300000000E+09    0.2156135142E+00    0.6880730365E+00
    0.3500000000E+09    0.2165997174E+00    0.6974778915E+00
    0.3700000000E+09    0.2175619569E+00    0.7066348321E+00
    0.3900000000E+09    0.2185010171E+00    0.7155536082E+00
    0.4100000000E+09    0.2194176638E+00    0.7242434505E+00
    0.4300000000E+09    0.2203126412E+00    0.7327131083E+00
    0.4500000000E+09    0.2211866701E+00    0.7409708819E+00
    0.4700000000E+09    0.2220404471E+00    0.7490246525E+00
    0.4900000000E+09    0.2228746438E+00    0.7568819101E+00
    0.5100000000E+09    0.2236899074E+00    0.7645497778E+00
    0.5300000000E+09    0.2244868604E+00    0.7720350350E+00
    0.5500000000E+09    0.2252661018E+00    0.7793441383E+00
    0.5700000000E+09    0.2260282071E+00    0.7864832412E+00
    0.5900000000E+09    0.2267737292E+00    0.7934582118E+00
    0.6100000000E+09    0.2275031992E+00    0.8002746495E+00
    0.6300000000E+09    0.2282171276E+00    0.8069379005E+00
    0.6500000000E+09    0.2289160042E+00    0.8134530720E+00
    0.6700000000E+09    0.2296002998E+00    0.8198250458E+00
    0.6900000000E+09    0.2302704665E+00    0.8260584907E+00
    0.7100000000E+09    0.2309269388E+00    0.8321578737E+00
    0.7300000000E+09    0.2315701340E+00    0.8381274715E+00
    0.7500000000E+09    0.2322004532E+00    0.8439713801E+00
    0.7700000000E+09    0.2328182821E+00    0.8496935246E+00
    0.7900000000E+09    0.2334239914E+00    0.8552976680E+00
    0.8100000000E+09    0.2340179376E+00    0.8607874194E+00
    0.8300000000E+09    0.2346004637E+00    0.8661662420E+00
    0.8500000000E+09    0.2351718998E+00    0.8714374604E+00
    0.8700000000E+09    0.2357325634E+00    0.8766042674E+00
    0.8900000000E+09    0.2362827603E+00    0.8816697305E+00
    0.9100000000E+09    0.2368227851E+00    0.8866367982E+00
    0.9300000000E+09    0.2373529215E+00    0.8915083056E+00
    0.9500000000E+09    0.2378734426E+00    0.8962869796E+00
    0.9700000000E+09    0.2383846121E+00    0.9009754444E+00
    0.9900000000E+09    0.2388866839E+00    0.9055762262E+00
    0.1000000000E+09    0.2023273588E+00    0.5581277257E+00
