# pressure,temperature,f1,f2,molkg1,molkg2
1.000000000000000000e+00,4.000000000000000000e+02,2.000000000000000111e-01,6.999999999999999556e-01,2.049806997999999852e-03,1.321820520999999896e-03
3.000000000000000000e+00,4.000000000000000000e+02,2.000000000000000111e-01,6.999999999999999556e-01,6.088940468000000016e-03,3.926546864999999956e-03
5.000000000000000000e+00,4.000000000000000000e+02,2.000000000000000111e-01,6.999999999999999556e-01,1.004939558999999941e-02,6.480648644999999902e-03
7.000000000000000000e+00,4.000000000000000000e+02,2.000000000000000111e-01,6.999999999999999556e-01,1.393344776999999937e-02,8.985588840999999757e-03
9.000000000000000000e+00,4.000000000000000000e+02,2.000000000000000111e-01,6.999999999999999556e-01,1.774328547999999908e-02,1.144277458999999955e-02
1.100000000000000000e+01,4.000000000000000000e+02,2.000000000000000111e-01,6.999999999999999556e-01,2.148101444999999873e-02,1.385355983000000069e-02
1.300000000000000000e+01,4.000000000000000000e+02,2.000000000000000111e-01,6.999999999999999556e-01,2.514866149999999898e-02,1.621924777000000040e-02
1.500000000000000000e+01,4.000000000000000000e+02,2.000000000000000111e-01,6.999999999999999556e-01,2.874817819999999843e-02,1.854109325999999877e-02
1.700000000000000000e+01,4.000000000000000000e+02,2.000000000000000111e-01,6.999999999999999556e-01,3.228144431999999814e-02,2.082030502999999977e-02
1.900000000000000000e+01,4.000000000000000000e+02,2.000000000000000111e-01,6.999999999999999556e-01,3.575027115999999949e-02,2.305804775000000126e-02
2.100000000000000000e+01,4.000000000000000000e+02,2.000000000000000111e-01,6.999999999999999556e-01,3.915640455000000270e-02,2.525544404999999909e-02
2.300000000000000000e+01,4.000000000000000000e+02,2.000000000000000111e-01,6.999999999999999556e-01,4.250152786999999988e-02,2.741357638999999957e-02
2.500000000000000000e+01,4.000000000000000000e+02,2.000000000000000111e-01,6.999999999999999556e-01,4.578726473999999991e-02,2.953348885000000104e-02
2.700000000000000000e+01,4.000000000000000000e+02,2.000000000000000111e-01,6.999999999999999556e-01,4.901518172000000201e-02,3.161618878999999938e-02
2.900000000000000000e+01,4.000000000000000000e+02,2.000000000000000111e-01,6.999999999999999556e-01,5.218679073000000168e-02,3.366264848000000143e-02
3.100000000000000000e+01,4.000000000000000000e+02,2.000000000000000111e-01,6.999999999999999556e-01,5.530355146000000277e-02,3.567380660999999731e-02
3.300000000000000000e+01,4.000000000000000000e+02,2.000000000000000111e-01,6.999999999999999556e-01,5.836687357999999909e-02,3.765056970999999808e-02
3.500000000000000000e+01,4.000000000000000000e+02,2.000000000000000111e-01,6.999999999999999556e-01,6.137811885999999717e-02,3.959381354000000158e-02
3.700000000000000000e+01,4.000000000000000000e+02,2.000000000000000111e-01,6.999999999999999556e-01,6.433860321999999854e-02,4.150438433999999871e-02
3.900000000000000000e+01,4.000000000000000000e+02,2.000000000000000111e-01,6.999999999999999556e-01,6.724959860000000178e-02,4.338310013999999853e-02
4.100000000000000000e+01,4.000000000000000000e+02,2.000000000000000111e-01,6.999999999999999556e-01,7.011233482999999767e-02,4.523075183999999971e-02
4.300000000000000000e+01,4.000000000000000000e+02,2.000000000000000111e-01,6.999999999999999556e-01,7.292800130000000325e-02,4.704810439999999871e-02
4.500000000000000000e+01,4.000000000000000000e+02,2.000000000000000111e-01,6.999999999999999556e-01,7.569774866999999519e-02,4.883589783000000240e-02
4.700000000000000000e+01,4.000000000000000000e+02,2.000000000000000111e-01,6.999999999999999556e-01,7.842269038000000692e-02,5.059484825999999852e-02
4.900000000000000000e+01,4.000000000000000000e+02,2.000000000000000111e-01,6.999999999999999556e-01,8.110390418000000545e-02,5.232564884000000249e-02
5.100000000000000000e+01,4.000000000000000000e+02,2.000000000000000111e-01,6.999999999999999556e-01,8.374243353999999417e-02,5.402897069999999802e-02
5.300000000000000000e+01,4.000000000000000000e+02,2.000000000000000111e-01,6.999999999999999556e-01,8.633928897999999796e-02,5.570546378999999965e-02
5.500000000000000000e+01,4.000000000000000000e+02,2.000000000000000111e-01,6.999999999999999556e-01,8.889544939000000590e-02,5.735575770999999656e-02
5.700000000000000000e+01,4.000000000000000000e+02,2.000000000000000111e-01,6.999999999999999556e-01,9.141186325000000279e-02,5.898046251999999878e-02
5.900000000000000000e+01,4.000000000000000000e+02,2.000000000000000111e-01,6.999999999999999556e-01,9.388944978999999580e-02,6.058016947000000041e-02
6.100000000000000000e+01,4.000000000000000000e+02,2.000000000000000111e-01,6.999999999999999556e-01,9.632910011999999689e-02,6.215545175000000006e-02
6.300000000000000000e+01,4.000000000000000000e+02,2.000000000000000111e-01,6.999999999999999556e-01,9.873167827999999868e-02,6.370686511999999746e-02
6.500000000000000000e+01,4.000000000000000000e+02,2.000000000000000111e-01,6.999999999999999556e-01,1.010980223000000067e-01,6.523494862999999755e-02
6.700000000000000000e+01,4.000000000000000000e+02,2.000000000000000111e-01,6.999999999999999556e-01,1.034289451000000026e-01,6.674022521000000374e-02
6.900000000000000000e+01,4.000000000000000000e+02,2.000000000000000111e-01,6.999999999999999556e-01,1.057252355000000005e-01,6.822320225000000349e-02
7.100000000000000000e+01,4.000000000000000000e+02,2.000000000000000111e-01,6.999999999999999556e-01,1.079876590999999941e-01,6.968437222999999958e-02
7.300000000000000000e+01,4.000000000000000000e+02,2.000000000000000111e-01,6.999999999999999556e-01,1.102169590999999976e-01,7.112421319999999436e-02
7.500000000000000000e+01,4.000000000000000000e+02,2.000000000000000111e-01,6.999999999999999556e-01,1.124138570000000059e-01,7.254318935999999607e-02
7.700000000000000000e+01,4.000000000000000000e+02,2.000000000000000111e-01,6.999999999999999556e-01,1.145790537000000026e-01,7.394175151000000057e-02
7.900000000000000000e+01,4.000000000000000000e+02,2.000000000000000111e-01,6.999999999999999556e-01,1.167132297999999985e-01,7.532033757000000662e-02
8.100000000000000000e+01,4.000000000000000000e+02,2.000000000000000111e-01,6.999999999999999556e-01,1.188170468000000063e-01,7.667937300999999595e-02
8.300000000000000000e+01,4.000000000000000000e+02,2.000000000000000111e-01,6.999999999999999556e-01,1.208911473000000014e-01,7.801927129999999821e-02
8.500000000000000000e+01,4.000000000000000000e+02,2.000000000000000111e-01,6.999999999999999556e-01,1.229361561999999936e-01,7.934043433000000090e-02
8.700000000000000000e+01,4.000000000000000000e+02,2.000000000000000111e-01,6.999999999999999556e-01,1.249526804999999963e-01,8.064325281999999706e-02
8.900000000000000000e+01,4.000000000000000000e+02,2.000000000000000111e-01,6.999999999999999556e-01,1.269413111000000094e-01,8.192810667000000047e-02
9.100000000000000000e+01,4.000000000000000000e+02,2.000000000000000111e-01,6.999999999999999556e-01,1.289026219999999945e-01,8.319536539999999869e-02
9.300000000000000000e+01,4.000000000000000000e+02,2.000000000000000111e-01,6.999999999999999556e-01,1.308371721000000099e-01,8.444538842000000323e-02
9.500000000000000000e+01,4.000000000000000000e+02,2.000000000000000111e-01,6.999999999999999556e-01,1.327455047999999971e-01,8.567852544000000015e-02
9.700000000000000000e+01,4.000000000000000000e+02,2.000000000000000111e-01,6.999999999999999556e-01,1.346281491000000108e-01,8.689511677000000267e-02
9.900000000000000000e+01,4.000000000000000000e+02,2.000000000000000111e-01,6.999999999999999556e-01,1.364856198000000131e-01,8.809549362000000661e-02
1.000000000000000000e+01,4.000000000000000000e+02,2.000000000000000111e-01,6.999999999999999556e-01,1.962103508000000163e-02,1.265388465999999976e-02
3.000000000000000000e+01,4.000000000000000000e+02,2.000000000000000111e-01,6.999999999999999556e-01,5.375193788000000306e-02,3.467258285000000134e-02
5.000000000000000000e+01,4.000000000000000000e+02,2.000000000000000111e-01,6.999999999999999556e-01,8.242844050000000533e-02,5.318070350000000251e-02
7.000000000000000000e+01,4.000000000000000000e+02,2.000000000000000111e-01,6.999999999999999556e-01,1.068606336999999989e-01,6.895648291000000540e-02
9.000000000000000000e+01,4.000000000000000000e+02,2.000000000000000111e-01,6.999999999999999556e-01,1.279253462000000119e-01,8.256391272999999420e-02
1.100000000000000000e+02,4.000000000000000000e+02,2.000000000000000111e-01,6.999999999999999556e-01,1.462734753999999915e-01,9.442172371000000231e-02
1.300000000000000000e+02,4.000000000000000000e+02,2.000000000000000111e-01,6.999999999999999556e-01,1.623983489999999974e-01,1.048473270000000040e-01
1.500000000000000000e+02,4.000000000000000000e+02,2.000000000000000111e-01,6.999999999999999556e-01,1.766806820000000056e-01,1.140857138000000021e-01
1.700000000000000000e+02,4.000000000000000000e+02,2.000000000000000111e-01,6.999999999999999556e-01,1.894189726000000129e-01,1.223289974000000002e-01
1.900000000000000000e+02,4.000000000000000000e+02,2.000000000000000111e-01,6.999999999999999556e-01,2.008505576999999875e-01,1.297299500999999911e-01
2.100000000000000000e+02,4.000000000000000000e+02,2.000000000000000111e-01,6.999999999999999556e-01,2.111665131999999889e-01,1.364115841999999912e-01
2.300000000000000000e+02,4.000000000000000000e+02,2.000000000000000111e-01,6.999999999999999556e-01,2.205224004999999932e-01,1.424740633000000090e-01
2.500000000000000000e+02,4.000000000000000000e+02,2.000000000000000111e-01,6.999999999999999556e-01,2.290461507000000063e-01,1.479997724999999875e-01
2.700000000000000000e+02,4.000000000000000000e+02,2.000000000000000111e-01,6.999999999999999556e-01,2.368439377000000068e-01,1.530570954000000095e-01
2.900000000000000000e+02,4.000000000000000000e+02,2.000000000000000111e-01,6.999999999999999556e-01,2.440046143999999861e-01,1.577032686000000017e-01
3.100000000000000000e+02,4.000000000000000000e+02,2.000000000000000111e-01,6.999999999999999556e-01,2.506031060999999727e-01,1.619865637000000025e-01
3.300000000000000000e+02,4.000000000000000000e+02,2.000000000000000111e-01,6.999999999999999556e-01,2.567030363000000204e-01,1.659479769999999965e-01
3.500000000000000000e+02,4.000000000000000000e+02,2.000000000000000111e-01,6.999999999999999556e-01,2.623587796999999888e-01,1.696225506000000050e-01
3.700000000000000000e+02,4.000000000000000000e+02,2.000000000000000111e-01,6.999999999999999556e-01,2.676170838999999968e-01,1.730404155999999971e-01
3.900000000000000000e+02,4.000000000000000000e+02,2.000000000000000111e-01,6.999999999999999556e-01,2.725183613000000116e-01,1.762276238000000106e-01
4.100000000000000000e+02,4.000000000000000000e+02,2.000000000000000111e-01,6.999999999999999556e-01,2.770977267999999993e-01,1.792068149999999915e-01
4.300000000000000000e+02,4.000000000000000000e+02,2.000000000000000111e-01,6.999999999999999556e-01,2.813858382000000158e-01,1.819977584999999953e-01
4.500000000000000000e+02,4.000000000000000000e+02,2.000000000000000111e-01,6.999999999999999556e-01,2.854095815000000091e-01,1.846177938999999935e-01
4.700000000000000000e+02,4.000000000000000000e+02,2.000000000000000111e-01,6.999999999999999556e-01,2.891926336999999791e-01,1.870821934999999936e-01
4.900000000000000000e+02,4.000000000000000000e+02,2.000000000000000111e-01,6.999999999999999556e-01,2.927559275000000127e-01,1.894044612000000127e-01
5.100000000000000000e+02,4.000000000000000000e+02,2.000000000000000111e-01,6.999999999999999556e-01,2.961180377000000030e-01,1.915965819999999875e-01
5.300000000000000000e+02,4.000000000000000000e+02,2.000000000000000111e-01,6.999999999999999556e-01,2.992955037999999734e-01,1.936692288999999900e-01
5.500000000000000000e+02,4.000000000000000000e+02,2.000000000000000111e-01,6.999999999999999556e-01,3.023031018999999819e-01,1.956319384000000106e-01
5.700000000000000000e+02,4.000000000000000000e+02,2.000000000000000111e-01,6.999999999999999556e-01,3.051540727000000008e-01,1.974932574999999912e-01
5.900000000000000000e+02,4.000000000000000000e+02,2.000000000000000111e-01,6.999999999999999556e-01,3.078603167000000251e-01,1.992608690999999876e-01
6.100000000000000000e+02,4.000000000000000000e+02,2.000000000000000111e-01,6.999999999999999556e-01,3.104325589999999968e-01,2.009416981999999907e-01
6.300000000000000000e+02,4.000000000000000000e+02,2.000000000000000111e-01,6.999999999999999556e-01,3.128804909999999828e-01,2.025420035999999924e-01
6.500000000000000000e+02,4.000000000000000000e+02,2.000000000000000111e-01,6.999999999999999556e-01,3.152128922999999916e-01,2.040674556000000028e-01
6.700000000000000000e+02,4.000000000000000000e+02,2.000000000000000111e-01,6.999999999999999556e-01,3.174377347999999821e-01,2.055232039999999871e-01
6.900000000000000000e+02,4.000000000000000000e+02,2.000000000000000111e-01,6.999999999999999556e-01,3.195622740999999878e-01,2.069139365000000064e-01
7.100000000000000000e+02,4.000000000000000000e+02,2.000000000000000111e-01,6.999999999999999556e-01,3.215931280000000059e-01,2.082439292000000108e-01
7.300000000000000000e+02,4.000000000000000000e+02,2.000000000000000111e-01,6.999999999999999556e-01,3.235363447999999864e-01,2.095170909000000081e-01
7.500000000000000000e+02,4.000000000000000000e+02,2.000000000000000111e-01,6.999999999999999556e-01,3.253974633999999755e-01,2.107370018999999983e-01
7.700000000000000000e+02,4.000000000000000000e+02,2.000000000000000111e-01,6.999999999999999556e-01,3.271815661999999958e-01,2.119069473999999897e-01
7.900000000000000000e+02,4.000000000000000000e+02,2.000000000000000111e-01,6.999999999999999556e-01,3.288933244000000200e-01,2.130299476999999997e-01
8.100000000000000000e+02,4.000000000000000000e+02,2.000000000000000111e-01,6.999999999999999556e-01,3.305370395000000183e-01,2.141087844000000018e-01
8.300000000000000000e+02,4.000000000000000000e+02,2.000000000000000111e-01,6.999999999999999556e-01,3.321166784999999844e-01,2.151460231000000001e-01
8.500000000000000000e+02,4.000000000000000000e+02,2.000000000000000111e-01,6.999999999999999556e-01,3.336359065000000235e-01,2.161440344999999985e-01
8.700000000000000000e+02,4.000000000000000000e+02,2.000000000000000111e-01,6.999999999999999556e-01,3.350981142000000190e-01,2.171050120000000139e-01
8.900000000000000000e+02,4.000000000000000000e+02,2.000000000000000111e-01,6.999999999999999556e-01,3.365064435999999826e-01,2.180309887000000113e-01
9.100000000000000000e+02,4.000000000000000000e+02,2.000000000000000111e-01,6.999999999999999556e-01,3.378638098999999784e-01,2.189238511000000109e-01
9.300000000000000000e+02,4.000000000000000000e+02,2.000000000000000111e-01,6.999999999999999556e-01,3.391729220999999961e-01,2.197853525000000030e-01
9.500000000000000000e+02,4.000000000000000000e+02,2.000000000000000111e-01,6.999999999999999556e-01,3.404363006000000191e-01,2.206171242999999949e-01
9.700000000000000000e+02,4.000000000000000000e+02,2.000000000000000111e-01,6.999999999999999556e-01,3.416562934999999857e-01,2.214206867000000079e-01
9.900000000000000000e+02,4.000000000000000000e+02,2.000000000000000111e-01,6.999999999999999556e-01,3.428350908000000197e-01,2.221974576999999895e-01
1.000000000000000000e+02,4.000000000000000000e+02,2.000000000000000111e-01,6.999999999999999556e-01,1.374050722000000058e-01,8.868970270999999850e-02
3.000000000000000000e+02,4.000000000000000000e+02,2.000000000000000111e-01,6.999999999999999556e-01,2.473699185000000078e-01,1.598875602000000007e-01
5.000000000000000000e+02,4.000000000000000000e+02,2.000000000000000111e-01,6.999999999999999556e-01,2.944610524999999868e-01,1.905160944000000023e-01
7.000000000000000000e+02,4.000000000000000000e+02,2.000000000000000111e-01,6.999999999999999556e-01,3.205890210999999823e-01,2.075862729000000073e-01
9.000000000000000000e+02,4.000000000000000000e+02,2.000000000000000111e-01,6.999999999999999556e-01,3.371913232000000038e-01,2.184814465999999900e-01
1.100000000000000000e+03,4.000000000000000000e+02,2.000000000000000111e-01,6.999999999999999556e-01,3.486671733000000217e-01,2.260459015999999877e-01
1.300000000000000000e+03,4.000000000000000000e+02,2.000000000000000111e-01,6.999999999999999556e-01,3.570691366000000033e-01,2.316087373999999866e-01
1.500000000000000000e+03,4.000000000000000000e+02,2.000000000000000111e-01,6.999999999999999556e-01,3.634835218999999951e-01,2.358744355000000070e-01
1.700000000000000000e+03,4.000000000000000000e+02,2.000000000000000111e-01,6.999999999999999556e-01,3.685390017999999879e-01,2.392513075000000100e-01
1.900000000000000000e+03,4.000000000000000000e+02,2.000000000000000111e-01,6.999999999999999556e-01,3.726245868999999988e-01,2.419923861000000120e-01
2.100000000000000000e+03,4.000000000000000000e+02,2.000000000000000111e-01,6.999999999999999556e-01,3.759938621000000203e-01,2.442628621000000055e-01
2.300000000000000000e+03,4.000000000000000000e+02,2.000000000000000111e-01,6.999999999999999556e-01,3.788191818000000155e-01,2.461751774000000004e-01
2.500000000000000000e+03,4.000000000000000000e+02,2.000000000000000111e-01,6.999999999999999556e-01,3.812217716999999895e-01,2.478085355999999906e-01
2.700000000000000000e+03,4.000000000000000000e+02,2.000000000000000111e-01,6.999999999999999556e-01,3.832893705000000040e-01,2.492203463000000063e-01
2.900000000000000000e+03,4.000000000000000000e+02,2.000000000000000111e-01,6.999999999999999556e-01,3.850870409000000105e-01,2.504532446000000134e-01
3.100000000000000000e+03,4.000000000000000000e+02,2.000000000000000111e-01,6.999999999999999556e-01,3.866640465000000249e-01,2.515395602000000119e-01
3.300000000000000000e+03,4.000000000000000000e+02,2.000000000000000111e-01,6.999999999999999556e-01,3.880583702000000024e-01,2.525042565000000239e-01
3.500000000000000000e+03,4.000000000000000000e+02,2.000000000000000111e-01,6.999999999999999556e-01,3.892997662000000081e-01,2.533669177999999800e-01
3.700000000000000000e+03,4.000000000000000000e+02,2.000000000000000111e-01,6.999999999999999556e-01,3.904118722000000097e-01,2.541431252999999946e-01
3.900000000000000000e+03,4.000000000000000000e+02,2.000000000000000111e-01,6.999999999999999556e-01,3.914137033999999793e-01,2.548454316000000053e-01
4.100000000000000000e+03,4.000000000000000000e+02,2.000000000000000111e-01,6.999999999999999556e-01,3.923207284999999933e-01,2.554840635000000248e-01
4.300000000000000000e+03,4.000000000000000000e+02,2.000000000000000111e-01,6.999999999999999556e-01,3.931456591999999972e-01,2.560674370000000089e-01
4.500000000000000000e+03,4.000000000000000000e+02,2.000000000000000111e-01,6.999999999999999556e-01,3.938990374999999933e-01,2.566025422000000056e-01
4.700000000000000000e+03,4.000000000000000000e+02,2.000000000000000111e-01,6.999999999999999556e-01,3.945896794000000041e-01,2.570952333000000034e-01
4.900000000000000000e+03,4.000000000000000000e+02,2.000000000000000111e-01,6.999999999999999556e-01,3.952250137000000163e-01,2.575504504000000194e-01
5.100000000000000000e+03,4.000000000000000000e+02,2.000000000000000111e-01,6.999999999999999556e-01,3.958113443999999870e-01,2.579723918999999865e-01
5.300000000000000000e+03,4.000000000000000000e+02,2.000000000000000111e-01,6.999999999999999556e-01,3.963540554000000160e-01,2.583646487999999852e-01
5.500000000000000000e+03,4.000000000000000000e+02,2.000000000000000111e-01,6.999999999999999556e-01,3.968577723999999751e-01,2.587303107000000213e-01
5.700000000000000000e+03,4.000000000000000000e+02,2.000000000000000111e-01,6.999999999999999556e-01,3.973264915999999980e-01,2.590720508000000089e-01
5.900000000000000000e+03,4.000000000000000000e+02,2.000000000000000111e-01,6.999999999999999556e-01,3.977636829000000263e-01,2.593921938000000038e-01
6.100000000000000000e+03,4.000000000000000000e+02,2.000000000000000111e-01,6.999999999999999556e-01,3.981723742000000121e-01,2.596927707000000196e-01
6.300000000000000000e+03,4.000000000000000000e+02,2.000000000000000111e-01,6.999999999999999556e-01,3.985552189000000078e-01,2.599755646999999947e-01
6.500000000000000000e+03,4.000000000000000000e+02,2.000000000000000111e-01,6.999999999999999556e-01,3.989145524000000109e-01,2.602421469000000265e-01
6.700000000000000000e+03,4.000000000000000000e+02,2.000000000000000111e-01,6.999999999999999556e-01,3.992524382000000038e-01,2.604939077999999797e-01
6.900000000000000000e+03,4.000000000000000000e+02,2.000000000000000111e-01,6.999999999999999556e-01,3.995707059999999977e-01,2.607320821999999927e-01
7.100000000000000000e+03,4.000000000000000000e+02,2.000000000000000111e-01,6.999999999999999556e-01,3.998709842000000014e-01,2.609577706000000274e-01
7.300000000000000000e+03,4.000000000000000000e+02,2.000000000000000111e-01,6.999999999999999556e-01,4.001547266000000103e-01,2.611719570000000101e-01
7.500000000000000000e+03,4.000000000000000000e+02,2.000000000000000111e-01,6.999999999999999556e-01,4.004232354000000216e-01,2.613755240000000257e-01
7.700000000000000000e+03,4.000000000000000000e+02,2.000000000000000111e-01,6.999999999999999556e-01,4.006776798000000195e-01,2.615692652000000118e-01
7.900000000000000000e+03,4.000000000000000000e+02,2.000000000000000111e-01,6.999999999999999556e-01,4.009191134999999795e-01,2.617538969000000049e-01
8.100000000000000000e+03,4.000000000000000000e+02,2.000000000000000111e-01,6.999999999999999556e-01,4.011484874999999839e-01,2.619300666000000111e-01
8.300000000000000000e+03,4.000000000000000000e+02,2.000000000000000111e-01,6.999999999999999556e-01,4.013666631999999734e-01,2.620983614999999878e-01
8.500000000000000000e+03,4.000000000000000000e+02,2.000000000000000111e-01,6.999999999999999556e-01,4.015744223000000113e-01,2.622593153000000177e-01
8.700000000000000000e+03,4.000000000000000000e+02,2.000000000000000111e-01,6.999999999999999556e-01,4.017724755000000036e-01,2.624134141000000198e-01
8.900000000000000000e+03,4.000000000000000000e+02,2.000000000000000111e-01,6.999999999999999556e-01,4.019614710000000146e-01,2.625611016000000131e-01
9.100000000000000000e+03,4.000000000000000000e+02,2.000000000000000111e-01,6.999999999999999556e-01,4.021420008000000101e-01,2.627027838000000060e-01
9.300000000000000000e+03,4.000000000000000000e+02,2.000000000000000111e-01,6.999999999999999556e-01,4.023146065000000049e-01,2.628388327999999774e-01
9.500000000000000000e+03,4.000000000000000000e+02,2.000000000000000111e-01,6.999999999999999556e-01,4.024797850999999871e-01,2.629695901999999919e-01
9.700000000000000000e+03,4.000000000000000000e+02,2.000000000000000111e-01,6.999999999999999556e-01,4.026379929000000191e-01,2.630953704999999809e-01
9.900000000000000000e+03,4.000000000000000000e+02,2.000000000000000111e-01,6.999999999999999556e-01,4.027896499999999991e-01,2.632164632999999809e-01
1.000000000000000000e+03,4.000000000000000000e+02,2.000000000000000111e-01,6.999999999999999556e-01,3.434096856000000142e-01,2.225762138999999862e-01
3.000000000000000000e+03,4.000000000000000000e+02,2.000000000000000111e-01,6.999999999999999556e-01,3.859005299000000111e-01,2.510130192999999732e-01
5.000000000000000000e+03,4.000000000000000000e+02,2.000000000000000111e-01,6.999999999999999556e-01,3.955239484999999999e-01,2.577653433000000049e-01
7.000000000000000000e+03,4.000000000000000000e+02,2.000000000000000111e-01,6.999999999999999556e-01,3.997229990999999760e-01,2.608464231000000022e-01
9.000000000000000000e+03,4.000000000000000000e+02,2.000000000000000111e-01,6.999999999999999556e-01,4.020527590999999901e-01,2.626326693000000101e-01
1.100000000000000000e+04,4.000000000000000000e+02,2.000000000000000111e-01,6.999999999999999556e-01,4.035225699000000166e-01,2.638096859999999877e-01
1.300000000000000000e+04,4.000000000000000000e+02,2.000000000000000111e-01,6.999999999999999556e-01,4.045276071000000195e-01,2.646500574000000272e-01
1.500000000000000000e+04,4.000000000000000000e+02,2.000000000000000111e-01,6.999999999999999556e-01,4.052539178999999825e-01,2.652840617000000178e-01
1.700000000000000000e+04,4.000000000000000000e+02,2.000000000000000111e-01,6.999999999999999556e-01,4.058004103999999779e-01,2.657819960000000203e-01
1.900000000000000000e+04,4.000000000000000000e+02,2.000000000000000111e-01,6.999999999999999556e-01,4.062244293999999756e-01,2.661852222000000157e-01
2.100000000000000000e+04,4.000000000000000000e+02,2.000000000000000111e-01,6.999999999999999556e-01,4.065614617000000153e-01,2.665197142999999880e-01
2.300000000000000000e+04,4.000000000000000000e+02,2.000000000000000111e-01,6.999999999999999556e-01,4.068346149000000023e-01,2.668026334999999971e-01
2.500000000000000000e+04,4.000000000000000000e+02,2.000000000000000111e-01,6.999999999999999556e-01,4.070595633999999907e-01,2.670457909999999768e-01
2.700000000000000000e+04,4.000000000000000000e+02,2.000000000000000111e-01,6.999999999999999556e-01,4.072473028999999967e-01,2.672575933999999931e-01
2.900000000000000000e+04,4.000000000000000000e+02,2.000000000000000111e-01,6.999999999999999556e-01,4.074057670999999825e-01,2.674441939000000157e-01
3.100000000000000000e+04,4.000000000000000000e+02,2.000000000000000111e-01,6.999999999999999556e-01,4.075408180999999797e-01,2.676102054999999758e-01
3.300000000000000000e+04,4.000000000000000000e+02,2.000000000000000111e-01,6.999999999999999556e-01,4.076568776999999755e-01,2.677591574000000030e-01
3.500000000000000000e+04,4.000000000000000000e+02,2.000000000000000111e-01,6.999999999999999556e-01,4.077573409999999954e-01,2.678937988999999797e-01
3.700000000000000000e+04,4.000000000000000000e+02,2.000000000000000111e-01,6.999999999999999556e-01,4.078448559000000251e-01,2.680163050000000102e-01
3.900000000000000000e+04,4.000000000000000000e+02,2.000000000000000111e-01,6.999999999999999556e-01,4.079215164000000171e-01,2.681284204000000115e-01
4.100000000000000000e+04,4.000000000000000000e+02,2.000000000000000111e-01,6.999999999999999556e-01,4.079889991000000271e-01,2.682315619999999790e-01
4.300000000000000000e+04,4.000000000000000000e+02,2.000000000000000111e-01,6.999999999999999556e-01,4.080486611999999957e-01,2.683268932999999801e-01
4.500000000000000000e+04,4.000000000000000000e+02,2.000000000000000111e-01,6.999999999999999556e-01,4.081016123999999801e-01,2.684153791000000178e-01
4.700000000000000000e+04,4.000000000000000000e+02,2.000000000000000111e-01,6.999999999999999556e-01,4.081487682000000117e-01,2.684978268000000057e-01
4.900000000000000000e+04,4.000000000000000000e+02,2.000000000000000111e-01,6.999999999999999556e-01,4.081908900999999812e-01,2.685749177000000265e-01
5.100000000000000000e+04,4.000000000000000000e+02,2.000000000000000111e-01,6.999999999999999556e-01,4.082286165999999827e-01,2.686472308999999781e-01
5.300000000000000000e+04,4.000000000000000000e+02,2.000000000000000111e-01,6.999999999999999556e-01,4.082624861999999966e-01,2.687152621000000186e-01
5.500000000000000000e+04,4.000000000000000000e+02,2.000000000000000111e-01,6.999999999999999556e-01,4.082929565000000260e-01,2.687794381999999982e-01
5.700000000000000000e+04,4.000000000000000000e+02,2.000000000000000111e-01,6.999999999999999556e-01,4.083204181999999793e-01,2.688401293000000081e-01
5.900000000000000000e+04,4.000000000000000000e+02,2.000000000000000111e-01,6.999999999999999556e-01,4.083452072000000044e-01,2.688976574999999980e-01
6.100000000000000000e+04,4.000000000000000000e+02,2.000000000000000111e-01,6.999999999999999556e-01,4.083676131999999792e-01,2.689523050000000026e-01
6.300000000000000000e+04,4.000000000000000000e+02,2.000000000000000111e-01,6.999999999999999556e-01,4.083878875999999991e-01,2.690043201999999800e-01
6.500000000000000000e+04,4.000000000000000000e+02,2.000000000000000111e-01,6.999999999999999556e-01,4.084062493000000238e-01,2.690539222000000175e-01
6.700000000000000000e+04,4.000000000000000000e+02,2.000000000000000111e-01,6.999999999999999556e-01,4.084228899999999829e-01,2.691013057000000153e-01
6.900000000000000000e+04,4.000000000000000000e+02,2.000000000000000111e-01,6.999999999999999556e-01,4.084379777000000100e-01,2.691466439999999904e-01
7.100000000000000000e+04,4.000000000000000000e+02,2.000000000000000111e-01,6.999999999999999556e-01,4.084516609000000131e-01,2.691900917999999754e-01
7.300000000000000000e+04,4.000000000000000000e+02,2.000000000000000111e-01,6.999999999999999556e-01,4.084640704999999983e-01,2.692317882999999967e-01
7.500000000000000000e+04,4.000000000000000000e+02,2.000000000000000111e-01,6.999999999999999556e-01,4.084753227999999847e-01,2.692718582999999999e-01
7.700000000000000000e+04,4.000000000000000000e+02,2.000000000000000111e-01,6.999999999999999556e-01,4.084855213999999957e-01,2.693104145999999921e-01
7.900000000000000000e+04,4.000000000000000000e+02,2.000000000000000111e-01,6.999999999999999556e-01,4.084947586000000075e-01,2.693475592999999835e-01
8.100000000000000000e+04,4.000000000000000000e+02,2.000000000000000111e-01,6.999999999999999556e-01,4.085031170000000267e-01,2.693833851999999918e-01
8.300000000000000000e+04,4.000000000000000000e+02,2.000000000000000111e-01,6.999999999999999556e-01,4.085106707000000226e-01,2.694179763999999810e-01
8.500000000000000000e+04,4.000000000000000000e+02,2.000000000000000111e-01,6.999999999999999556e-01,4.085174865000000266e-01,2.694514098999999940e-01
8.700000000000000000e+04,4.000000000000000000e+02,2.000000000000000111e-01,6.999999999999999556e-01,4.085236244000000072e-01,2.694837560000000187e-01
8.900000000000000000e+04,4.000000000000000000e+02,2.000000000000000111e-01,6.999999999999999556e-01,4.085291386000000080e-01,2.695150792000000073e-01
9.100000000000000000e+04,4.000000000000000000e+02,2.000000000000000111e-01,6.999999999999999556e-01,4.085340784000000003e-01,2.695454385000000119e-01
9.300000000000000000e+04,4.000000000000000000e+02,2.000000000000000111e-01,6.999999999999999556e-01,4.085384884000000105e-01,2.695748882999999818e-01
9.500000000000000000e+04,4.000000000000000000e+02,2.000000000000000111e-01,6.999999999999999556e-01,4.085424088999999870e-01,2.696034789999999792e-01
9.700000000000000000e+04,4.000000000000000000e+02,2.000000000000000111e-01,6.999999999999999556e-01,4.085458768999999934e-01,2.696312566999999882e-01
9.900000000000000000e+04,4.000000000000000000e+02,2.000000000000000111e-01,6.999999999999999556e-01,4.085489260999999872e-01,2.696582644000000140e-01
1.000000000000000000e+04,4.000000000000000000e+02,2.000000000000000111e-01,6.999999999999999556e-01,4.028631441000000146e-01,2.632753362999999958e-01
3.000000000000000000e+04,4.000000000000000000e+02,2.000000000000000111e-01,6.999999999999999556e-01,4.074759148000000053e-01,2.675295314999999730e-01
5.000000000000000000e+04,4.000000000000000000e+02,2.000000000000000111e-01,6.999999999999999556e-01,4.082102670000000155e-01,2.686116387999999966e-01
7.000000000000000000e+04,4.000000000000000000e+02,2.000000000000000111e-01,6.999999999999999556e-01,4.084449862999999792e-01,2.691685952000000270e-01
9.000000000000000000e+04,4.000000000000000000e+02,2.000000000000000111e-01,6.999999999999999556e-01,4.085316775000000233e-01,2.695303757999999994e-01
1.100000000000000000e+05,4.000000000000000000e+02,2.000000000000000111e-01,6.999999999999999556e-01,4.085594602000000020e-01,2.697946827000000103e-01
1.300000000000000000e+05,4.000000000000000000e+02,2.000000000000000111e-01,6.999999999999999556e-01,4.085600213000000203e-01,2.700018732000000199e-01
1.500000000000000000e+05,4.000000000000000000e+02,2.000000000000000111e-01,6.999999999999999556e-01,4.085469441999999840e-01,2.701720412999999987e-01
1.700000000000000000e+05,4.000000000000000000e+02,2.000000000000000111e-01,6.999999999999999556e-01,4.085267845000000175e-01,2.703164825000000104e-01
1.900000000000000000e+05,4.000000000000000000e+02,2.000000000000000111e-01,6.999999999999999556e-01,4.085029700000000208e-01,2.704421132000000005e-01
2.100000000000000000e+05,4.000000000000000000e+02,2.000000000000000111e-01,6.999999999999999556e-01,4.084773956000000150e-01,2.705534471000000107e-01
2.300000000000000000e+05,4.000000000000000000e+02,2.000000000000000111e-01,6.999999999999999556e-01,4.084511489000000051e-01,2.706535788000000164e-01
2.500000000000000000e+05,4.000000000000000000e+02,2.000000000000000111e-01,6.999999999999999556e-01,4.084248686999999989e-01,2.707447144999999833e-01
2.700000000000000000e+05,4.000000000000000000e+02,2.000000000000000111e-01,6.999999999999999556e-01,4.083989339999999912e-01,2.708284785999999777e-01
2.900000000000000000e+05,4.000000000000000000e+02,2.000000000000000111e-01,6.999999999999999556e-01,4.083735676999999953e-01,2.709060993999999889e-01
3.100000000000000000e+05,4.000000000000000000e+02,2.000000000000000111e-01,6.999999999999999556e-01,4.083488974999999743e-01,2.709785263999999749e-01
3.300000000000000000e+05,4.000000000000000000e+02,2.000000000000000111e-01,6.999999999999999556e-01,4.083249909000000177e-01,2.710465081999999803e-01
3.500000000000000000e+05,4.000000000000000000e+02,2.000000000000000111e-01,6.999999999999999556e-01,4.083018782000000235e-01,2.711106447000000141e-01
3.700000000000000000e+05,4.000000000000000000e+02,2.000000000000000111e-01,6.999999999999999556e-01,4.082795654999999968e-01,2.711714235000000084e-01
3.900000000000000000e+05,4.000000000000000000e+02,2.000000000000000111e-01,6.999999999999999556e-01,4.082580438000000256e-01,2.712292461999999960e-01
4.100000000000000000e+05,4.000000000000000000e+02,2.000000000000000111e-01,6.999999999999999556e-01,4.082372947999999835e-01,2.712844475000000255e-01
4.300000000000000000e+05,4.000000000000000000e+02,2.000000000000000111e-01,6.999999999999999556e-01,4.082172946000000024e-01,2.713373085999999934e-01
4.500000000000000000e+05,4.000000000000000000e+02,2.000000000000000111e-01,6.999999999999999556e-01,4.081980157999999803e-01,2.713880684000000154e-01
4.700000000000000000e+05,4.000000000000000000e+02,2.000000000000000111e-01,6.999999999999999556e-01,4.081794299000000015e-01,2.714369313000000172e-01
4.900000000000000000e+05,4.000000000000000000e+02,2.000000000000000111e-01,6.999999999999999556e-01,4.081615075000000203e-01,2.714840736999999948e-01
5.100000000000000000e+05,4.000000000000000000e+02,2.000000000000000111e-01,6.999999999999999556e-01,4.081442196999999772e-01,2.715296484999999982e-01
5.300000000000000000e+05,4.000000000000000000e+02,2.000000000000000111e-01,6.999999999999999556e-01,4.081275381999999730e-01,2.715737893999999875e-01
5.500000000000000000e+05,4.000000000000000000e+02,2.000000000000000111e-01,6.999999999999999556e-01,4.081114356000000165e-01,2.716166138000000174e-01
5.700000000000000000e+05,4.000000000000000000e+02,2.000000000000000111e-01,6.999999999999999556e-01,4.080958856999999940e-01,2.716582253000000002e-01
5.900000000000000000e+05,4.000000000000000000e+02,2.000000000000000111e-01,6.999999999999999556e-01,4.080808632999999852e-01,2.716987157999999902e-01
6.100000000000000000e+05,4.000000000000000000e+02,2.000000000000000111e-01,6.999999999999999556e-01,4.080663447000000277e-01,2.717381674000000080e-01
6.300000000000000000e+05,4.000000000000000000e+02,2.000000000000000111e-01,6.999999999999999556e-01,4.080523073999999806e-01,2.717766534000000123e-01
6.500000000000000000e+05,4.000000000000000000e+02,2.000000000000000111e-01,6.999999999999999556e-01,4.080387299000000079e-01,2.718142397000000154e-01
6.700000000000000000e+05,4.000000000000000000e+02,2.000000000000000111e-01,6.999999999999999556e-01,4.080255921000000008e-01,2.718509856999999919e-01
6.900000000000000000e+05,4.000000000000000000e+02,2.000000000000000111e-01,6.999999999999999556e-01,4.080128749999999971e-01,2.718869450999999993e-01
7.100000000000000000e+05,4.000000000000000000e+02,2.000000000000000111e-01,6.999999999999999556e-01,4.080005606000000062e-01,2.719221667000000231e-01
7.300000000000000000e+05,4.000000000000000000e+02,2.000000000000000111e-01,6.999999999999999556e-01,4.079886318000000012e-01,2.719566949000000178e-01
7.500000000000000000e+05,4.000000000000000000e+02,2.000000000000000111e-01,6.999999999999999556e-01,4.079770725999999903e-01,2.719905703000000119e-01
7.700000000000000000e+05,4.000000000000000000e+02,2.000000000000000111e-01,6.999999999999999556e-01,4.079658680000000093e-01,2.720238299000000137e-01
7.900000000000000000e+05,4.000000000000000000e+02,2.000000000000000111e-01,6.999999999999999556e-01,4.079550035000000241e-01,2.720565078000000137e-01
8.100000000000000000e+05,4.000000000000000000e+02,2.000000000000000111e-01,6.999999999999999556e-01,4.079444657999999890e-01,2.720886351999999841e-01
8.300000000000000000e+05,4.000000000000000000e+02,2.000000000000000111e-01,6.999999999999999556e-01,4.079342420000000025e-01,2.721202410999999932e-01
8.500000000000000000e+05,4.000000000000000000e+02,2.000000000000000111e-01,6.999999999999999556e-01,4.079243201000000152e-01,2.721513520000000130e-01
8.700000000000000000e+05,4.000000000000000000e+02,2.000000000000000111e-01,6.999999999999999556e-01,4.079146885000000111e-01,2.721819925999999779e-01
8.900000000000000000e+05,4.000000000000000000e+02,2.000000000000000111e-01,6.999999999999999556e-01,4.079053366000000014e-01,2.722121858000000061e-01
9.100000000000000000e+05,4.000000000000000000e+02,2.000000000000000111e-01,6.999999999999999556e-01,4.078962540000000137e-01,2.722419528000000200e-01
9.300000000000000000e+05,4.000000000000000000e+02,2.000000000000000111e-01,6.999999999999999556e-01,4.078874310000000225e-01,2.722713135000000007e-01
9.500000000000000000e+05,4.000000000000000000e+02,2.000000000000000111e-01,6.999999999999999556e-01,4.078788583999999884e-01,2.723002862000000190e-01
9.700000000000000000e+05,4.000000000000000000e+02,2.000000000000000111e-01,6.999999999999999556e-01,4.078705274000000158e-01,2.723288880999999995e-01
9.900000000000000000e+05,4.000000000000000000e+02,2.000000000000000111e-01,6.999999999999999556e-01,4.078624296999999732e-01,2.723571354000000055e-01
1.000000000000000000e+05,4.000000000000000000e+02,2.000000000000000111e-01,6.999999999999999556e-01,4.085503032999999729e-01,2.696714920000000126e-01
3.000000000000000000e+05,4.000000000000000000e+02,2.000000000000000111e-01,6.999999999999999556e-01,4.083611402999999807e-01,2.709429112999999778e-01
5.000000000000000000e+05,4.000000000000000000e+02,2.000000000000000111e-01,6.999999999999999556e-01,4.081527860999999979e-01,2.715070482999999979e-01
7.000000000000000000e+05,4.000000000000000000e+02,2.000000000000000111e-01,6.999999999999999556e-01,4.080066685000000026e-01,2.719046452000000169e-01
9.000000000000000000e+05,4.000000000000000000e+02,2.000000000000000111e-01,6.999999999999999556e-01,4.079007622999999971e-01,2.722271212999999856e-01
1.100000000000000000e+06,4.000000000000000000e+02,2.000000000000000111e-01,6.999999999999999556e-01,4.078217266999999979e-01,2.725067848000000126e-01
1.300000000000000000e+06,4.000000000000000000e+02,2.000000000000000111e-01,6.999999999999999556e-01,4.077617279999999900e-01,2.727587786999999819e-01
1.500000000000000000e+06,4.000000000000000000e+02,2.000000000000000111e-01,6.999999999999999556e-01,4.077158727999999899e-01,2.729914135000000019e-01
1.700000000000000000e+06,4.000000000000000000e+02,2.000000000000000111e-01,6.999999999999999556e-01,4.076809223000000260e-01,2.732097400999999870e-01
1.900000000000000000e+06,4.000000000000000000e+02,2.000000000000000111e-01,6.999999999999999556e-01,4.076546281999999799e-01,2.734170577000000213e-01
2.100000000000000000e+06,4.000000000000000000e+02,2.000000000000000111e-01,6.999999999999999556e-01,4.076353688000000086e-01,2.736156396000000157e-01
2.300000000000000000e+06,4.000000000000000000e+02,2.000000000000000111e-01,6.999999999999999556e-01,4.076219367999999732e-01,2.738071188000000267e-01
2.500000000000000000e+06,4.000000000000000000e+02,2.000000000000000111e-01,6.999999999999999556e-01,4.076134096999999845e-01,2.739927077000000044e-01
2.700000000000000000e+06,4.000000000000000000e+02,2.000000000000000111e-01,6.999999999999999556e-01,4.076090670999999999e-01,2.741733310000000201e-01
2.900000000000000000e+06,4.000000000000000000e+02,2.000000000000000111e-01,6.999999999999999556e-01,4.076083357999999990e-01,2.743497101999999854e-01
3.100000000000000000e+06,4.000000000000000000e+02,2.000000000000000111e-01,6.999999999999999556e-01,4.076107520000000206e-01,2.745224192999999868e-01
3.300000000000000000e+06,4.000000000000000000e+02,2.000000000000000111e-01,6.999999999999999556e-01,4.076159355999999789e-01,2.746919218000000162e-01
3.500000000000000000e+06,4.000000000000000000e+02,2.000000000000000111e-01,6.999999999999999556e-01,4.076235710000000179e-01,2.748585981000000178e-01
3.700000000000000000e+06,4.000000000000000000e+02,2.000000000000000111e-01,6.999999999999999556e-01,4.076333933999999881e-01,2.750227635999999976e-01
3.900000000000000000e+06,4.000000000000000000e+02,2.000000000000000111e-01,6.999999999999999556e-01,4.076451783999999745e-01,2.751846832000000020e-01
4.100000000000000000e+06,4.000000000000000000e+02,2.000000000000000111e-01,6.999999999999999556e-01,4.076587340999999753e-01,2.753445811999999937e-01
4.300000000000000000e+06,4.000000000000000000e+02,2.000000000000000111e-01,6.999999999999999556e-01,4.076738952999999777e-01,2.755026494000000215e-01
4.500000000000000000e+06,4.000000000000000000e+02,2.000000000000000111e-01,6.999999999999999556e-01,4.076905187000000041e-01,2.756590528999999790e-01
4.700000000000000000e+06,4.000000000000000000e+02,2.000000000000000111e-01,6.999999999999999556e-01,4.077084791000000208e-01,2.758139352000000266e-01
4.900000000000000000e+06,4.000000000000000000e+02,2.000000000000000111e-01,6.999999999999999556e-01,4.077276665999999827e-01,2.759674213000000154e-01
5.100000000000000000e+06,4.000000000000000000e+02,2.000000000000000111e-01,6.999999999999999556e-01,4.077479842999999771e-01,2.761196210999999900e-01
5.300000000000000000e+06,4.000000000000000000e+02,2.000000000000000111e-01,6.999999999999999556e-01,4.077693459000000242e-01,2.762706317999999994e-01
5.500000000000000000e+06,4.000000000000000000e+02,2.000000000000000111e-01,6.999999999999999556e-01,4.077916748000000036e-01,2.764205392999999900e-01
5.700000000000000000e+06,4.000000000000000000e+02,2.000000000000000111e-01,6.999999999999999556e-01,4.078149021999999957e-01,2.765694206000000044e-01
5.900000000000000000e+06,4.000000000000000000e+02,2.000000000000000111e-01,6.999999999999999556e-01,4.078389664000000026e-01,2.767173443000000010e-01
6.100000000000000000e+06,4.000000000000000000e+02,2.000000000000000111e-01,6.999999999999999556e-01,4.078638117000000229e-01,2.768643722999999945e-01
6.300000000000000000e+06,4.000000000000000000e+02,2.000000000000000111e-01,6.999999999999999556e-01,4.078893875999999863e-01,2.770105601999999778e-01
6.500000000000000000e+06,4.000000000000000000e+02,2.000000000000000111e-01,6.999999999999999556e-01,4.079156485000000054e-01,2.771559585999999742e-01
6.700000000000000000e+06,4.000000000000000000e+02,2.000000000000000111e-01,6.999999999999999556e-01,4.079425524999999997e-01,2.773006134000000067e-01
6.900000000000000000e+06,4.000000000000000000e+02,2.000000000000000111e-01,6.999999999999999556e-01,4.079700615999999891e-01,2.774445661000000118e-01
7.100000000000000000e+06,4.000000000000000000e+02,2.000000000000000111e-01,6.999999999999999556e-01,4.079981408999999726e-01,2.775878549999999945e-01
7.300000000000000000e+06,4.000000000000000000e+02,2.000000000000000111e-01,6.999999999999999556e-01,4.080267584000000225e-01,2.777305150000000111e-01
7.500000000000000000e+06,4.000000000000000000e+02,2.000000000000000111e-01,6.999999999999999556e-01,4.080558846999999822e-01,2.778725780999999895e-01
7.700000000000000000e+06,4.000000000000000000e+02,2.000000000000000111e-01,6.999999999999999556e-01,4.080854925999999883e-01,2.780140738999999916e-01
7.900000000000000000e+06,4.000000000000000000e+02,2.000000000000000111e-01,6.999999999999999556e-01,4.081155569000000094e-01,2.781550295999999922e-01
8.100000000000000000e+06,4.000000000000000000e+02,2.000000000000000111e-01,6.999999999999999556e-01,4.081460545000000217e-01,2.782954703000000141e-01
8.300000000000000000e+06,4.000000000000000000e+02,2.000000000000000111e-01,6.999999999999999556e-01,4.081769637000000062e-01,2.784354195000000032e-01
8.500000000000000000e+06,4.000000000000000000e+02,2.000000000000000111e-01,6.999999999999999556e-01,4.082082644000000204e-01,2.785748986000000094e-01
8.700000000000000000e+06,4.000000000000000000e+02,2.000000000000000111e-01,6.999999999999999556e-01,4.082399380000000244e-01,2.787139277999999831e-01
8.900000000000000000e+06,4.000000000000000000e+02,2.000000000000000111e-01,6.999999999999999556e-01,4.082719671000000217e-01,2.788525258999999812e-01
9.100000000000000000e+06,4.000000000000000000e+02,2.000000000000000111e-01,6.999999999999999556e-01,4.083043353999999958e-01,2.789907102999999999e-01
9.300000000000000000e+06,4.000000000000000000e+02,2.000000000000000111e-01,6.999999999999999556e-01,4.083370276000000132e-01,2.791284973000000003e-01
9.500000000000000000e+06,4.000000000000000000e+02,2.000000000000000111e-01,6.999999999999999556e-01,4.083700295000000091e-01,2.792659022999999796e-01
9.700000000000000000e+06,4.000000000000000000e+02,2.000000000000000111e-01,6.999999999999999556e-01,4.084033276999999851e-01,2.794029395000000027e-01
9.900000000000000000e+06,4.000000000000000000e+02,2.000000000000000111e-01,6.999999999999999556e-01,4.084369096000000088e-01,2.795396224000000207e-01
1.000000000000000000e+06,4.000000000000000000e+02,2.000000000000000111e-01,6.999999999999999556e-01,4.078584658000000140e-01,2.723711308000000275e-01
3.000000000000000000e+06,4.000000000000000000e+02,2.000000000000000111e-01,6.999999999999999556e-01,4.076091759000000092e-01,2.744364923000000012e-01
5.000000000000000000e+06,4.000000000000000000e+02,2.000000000000000111e-01,6.999999999999999556e-01,4.077376898000000249e-01,2.760436755999999825e-01
7.000000000000000000e+06,4.000000000000000000e+02,2.000000000000000111e-01,6.999999999999999556e-01,4.079840319999999965e-01,2.775162912999999953e-01
9.000000000000000000e+06,4.000000000000000000e+02,2.000000000000000111e-01,6.999999999999999556e-01,4.082881098000000208e-01,2.789216687000000139e-01
1.100000000000000000e+07,4.000000000000000000e+02,2.000000000000000111e-01,6.999999999999999556e-01,4.086261856000000248e-01,2.802855734999999959e-01
1.300000000000000000e+07,4.000000000000000000e+02,2.000000000000000111e-01,6.999999999999999556e-01,4.089864246000000092e-01,2.816206498000000114e-01
1.500000000000000000e+07,4.000000000000000000e+02,2.000000000000000111e-01,6.999999999999999556e-01,4.093620680000000234e-01,2.829340551999999787e-01
1.700000000000000000e+07,4.000000000000000000e+02,2.000000000000000111e-01,6.999999999999999556e-01,4.097488912999999733e-01,2.842302414999999804e-01
1.900000000000000000e+07,4.000000000000000000e+02,2.000000000000000111e-01,6.999999999999999556e-01,4.101440781999999841e-01,2.855121701000000178e-01
2.100000000000000000e+07,4.000000000000000000e+02,2.000000000000000111e-01,6.999999999999999556e-01,4.105456576000000024e-01,2.867819133000000242e-01
2.300000000000000000e+07,4.000000000000000000e+02,2.000000000000000111e-01,6.999999999999999556e-01,4.109521970000000191e-01,2.880409803000000268e-01
2.500000000000000000e+07,4.000000000000000000e+02,2.000000000000000111e-01,6.999999999999999556e-01,4.113626226000000052e-01,2.892905058999999945e-01
2.700000000000000000e+07,4.000000000000000000e+02,2.000000000000000111e-01,6.999999999999999556e-01,4.117761099000000202e-01,2.905313661999999741e-01
2.900000000000000000e+07,4.000000000000000000e+02,2.000000000000000111e-01,6.999999999999999556e-01,4.121920119999999965e-01,2.917642529999999734e-01
3.100000000000000000e+07,4.000000000000000000e+02,2.000000000000000111e-01,6.999999999999999556e-01,4.126098126000000144e-01,2.929897229999999797e-01
3.300000000000000000e+07,4.000000000000000000e+02,2.000000000000000111e-01,6.999999999999999556e-01,4.130290931999999748e-01,2.942082316999999891e-01
3.500000000000000000e+07,4.000000000000000000e+02,2.000000000000000111e-01,6.999999999999999556e-01,4.134495102999999894e-01,2.954201573999999941e-01
3.700000000000000000e+07,4.000000000000000000e+02,2.000000000000000111e-01,6.999999999999999556e-01,4.138707788000000054e-01,2.966258184000000186e-01
3.900000000000000000e+07,4.000000000000000000e+02,2.000000000000000111e-01,6.999999999999999556e-01,4.142926594999999934e-01,2.978254852000000175e-01
4.100000000000000000e+07,4.000000000000000000e+02,2.000000000000000111e-01,6.999999999999999556e-01,4.147149501999999877e-01,2.990193906999999984e-01
4.300000000000000000e+07,4.000000000000000000e+02,2.000000000000000111e-01,6.999999999999999556e-01,4.151374782000000208e-01,3.002077368000000135e-01
4.500000000000000000e+07,4.000000000000000000e+02,2.000000000000000111e-01,6.999999999999999556e-01,4.155600957000000206e-01,3.013907006000000055e-01
4.700000000000000000e+07,4.000000000000000000e+02,2.000000000000000111e-01,6.999999999999999556e-01,4.159826745999999908e-01,3.025684381000000034e-01
4.900000000000000000e+07,4.000000000000000000e+02,2.000000000000000111e-01,6.999999999999999556e-01,4.164051038000000093e-01,3.037410882000000090e-01
5.100000000000000000e+07,4.000000000000000000e+02,2.000000000000000111e-01,6.999999999999999556e-01,4.168272863999999966e-01,3.049087749000000125e-01
5.300000000000000000e+07,4.000000000000000000e+02,2.000000000000000111e-01,6.999999999999999556e-01,4.172491373000000170e-01,3.060716103000000188e-01
5.500000000000000000e+07,4.000000000000000000e+02,2.000000000000000111e-01,6.999999999999999556e-01,4.176705815999999793e-01,3.072296956000000190e-01
5.700000000000000000e+07,4.000000000000000000e+02,2.000000000000000111e-01,6.999999999999999556e-01,4.180915531000000129e-01,3.083831231999999978e-01
5.900000000000000000e+07,4.000000000000000000e+02,2.000000000000000111e-01,6.999999999999999556e-01,4.185119930999999793e-01,3.095319774999999995e-01
6.100000000000000000e+07,4.000000000000000000e+02,2.000000000000000111e-01,6.999999999999999556e-01,4.189318495000000087e-01,3.106763363000000222e-01
6.300000000000000000e+07,4.000000000000000000e+02,2.000000000000000111e-01,6.999999999999999556e-01,4.193510757000000200e-01,3.118162714000000113e-01
6.500000000000000000e+07,4.000000000000000000e+02,2.000000000000000111e-01,6.999999999999999556e-01,4.197696301000000130e-01,3.129518492999999735e-01
6.700000000000000000e+07,4.000000000000000000e+02,2.000000000000000111e-01,6.999999999999999556e-01,4.201874756000000266e-01,3.140831323000000119e-01
6.900000000000000000e+07,4.000000000000000000e+02,2.000000000000000111e-01,6.999999999999999556e-01,4.206045786000000009e-01,3.152101781000000158e-01
7.100000000000000000e+07,4.000000000000000000e+02,2.000000000000000111e-01,6.999999999999999556e-01,4.210209093000000236e-01,3.163330414000000146e-01
7.300000000000000000e+07,4.000000000000000000e+02,2.000000000000000111e-01,6.999999999999999556e-01,4.214364404000000008e-01,3.174517732000000092e-01
7.500000000000000000e+07,4.000000000000000000e+02,2.000000000000000111e-01,6.999999999999999556e-01,4.218511477999999926e-01,3.185664219000000075e-01
7.700000000000000000e+07,4.000000000000000000e+02,2.000000000000000111e-01,6.999999999999999556e-01,4.222650095000000103e-01,3.196770332000000159e-01
7.900000000000000000e+07,4.000000000000000000e+02,2.000000000000000111e-01,6.999999999999999556e-01,4.226780056000000174e-01,3.207836506000000254e-01
8.100000000000000000e+07,4.000000000000000000e+02,2.000000000000000111e-01,6.999999999999999556e-01,4.230901182999999843e-01,3.218863155000000198e-01
8.300000000000000000e+07,4.000000000000000000e+02,2.000000000000000111e-01,6.999999999999999556e-01,4.235013314000000140e-01,3.229850671000000228e-01
8.500000000000000000e+07,4.000000000000000000e+02,2.000000000000000111e-01,6.999999999999999556e-01,4.239116304000000168e-01,3.240799431999999980e-01
8.700000000000000000e+07,4.000000000000000000e+02,2.000000000000000111e-01,6.999999999999999556e-01,4.243210021000000109e-01,3.251709798999999901e-01
8.900000000000000000e+07,4.000000000000000000e+02,2.000000000000000111e-01,6.999999999999999556e-01,4.247294346000000109e-01,3.262582118999999836e-01
9.100000000000000000e+07,4.000000000000000000e+02,2.000000000000000111e-01,6.999999999999999556e-01,4.251369172000000196e-01,3.273416725000000138e-01
9.300000000000000000e+07,4.000000000000000000e+02,2.000000000000000111e-01,6.999999999999999556e-01,4.255434403000000199e-01,3.284213938000000166e-01
9.500000000000000000e+07,4.000000000000000000e+02,2.000000000000000111e-01,6.999999999999999556e-01,4.259489951000000052e-01,3.294974068000000034e-01
9.700000000000000000e+07,4.000000000000000000e+02,2.000000000000000111e-01,6.999999999999999556e-01,4.263535740000000129e-01,3.305697415000000139e-01
9.900000000000000000e+07,4.000000000000000000e+02,2.000000000000000111e-01,6.999999999999999556e-01,4.267571698000000024e-01,3.316384267999999969e-01
1.000000000000000000e+07,4.000000000000000000e+02,2.000000000000000111e-01,6.999999999999999556e-01,4.084538032000000207e-01,2.796078349000000185e-01
3.000000000000000000e+07,4.000000000000000000e+02,2.000000000000000111e-01,6.999999999999999556e-01,4.124007030999999879e-01,2.923778845000000182e-01
5.000000000000000000e+07,4.000000000000000000e+02,2.000000000000000111e-01,6.999999999999999556e-01,4.166162314999999894e-01,3.043255447000000058e-01
7.000000000000000000e+07,4.000000000000000000e+02,2.000000000000000111e-01,6.999999999999999556e-01,4.208128422999999896e-01,3.157721292999999818e-01
9.000000000000000000e+07,4.000000000000000000e+02,2.000000000000000111e-01,6.999999999999999556e-01,4.249332953000000135e-01,3.268004116000000070e-01
1.000000000000000000e+08,4.000000000000000000e+02,2.000000000000000111e-01,6.999999999999999556e-01,4.269585971000000035e-01,3.321714097999999837e-01
