# pressure,temperature,f1,f2,molkg1,molkg2
1.000000000000000000e+00,4.000000000000000000e+02,0.000000000000000000e+00,9.000000000000000222e-01,1.416598237000000061e-04,1.828268380000000080e-03
3.000000000000000000e+00,4.000000000000000000e+02,0.000000000000000000e+00,9.000000000000000222e-01,4.225302514999999793e-04,5.453265425000000145e-03
5.000000000000000000e+00,4.000000000000000000e+02,0.000000000000000000e+00,9.000000000000000222e-01,7.001817709000000009e-04,9.036810676000000056e-03
7.000000000000000000e+00,4.000000000000000000e+02,0.000000000000000000e+00,9.000000000000000222e-01,9.746693268999999642e-04,1.257961116999999941e-02
9.000000000000000000e+00,4.000000000000000000e+02,0.000000000000000000e+00,9.000000000000000222e-01,1.246046620999999906e-03,1.608235795000000079e-02
1.100000000000000000e+01,4.000000000000000000e+02,0.000000000000000000e+00,9.000000000000000222e-01,1.514366148999999901e-03,1.954572652000000077e-02
1.300000000000000000e+01,4.000000000000000000e+02,0.000000000000000000e+00,9.000000000000000222e-01,1.779679227999999896e-03,2.297037727999999904e-02
1.500000000000000000e+01,4.000000000000000000e+02,0.000000000000000000e+00,9.000000000000000222e-01,2.042036036999999964e-03,2.635695595000000016e-02
1.700000000000000000e+01,4.000000000000000000e+02,0.000000000000000000e+00,9.000000000000000222e-01,2.301485644999999840e-03,2.970609395999999902e-02
1.900000000000000000e+01,4.000000000000000000e+02,0.000000000000000000e+00,9.000000000000000222e-01,2.558076039000000117e-03,3.301840886000000086e-02
2.100000000000000000e+01,4.000000000000000000e+02,0.000000000000000000e+00,9.000000000000000222e-01,2.811854158000000152e-03,3.629450468999999985e-02
2.300000000000000000e+01,4.000000000000000000e+02,0.000000000000000000e+00,9.000000000000000222e-01,3.062865918999999916e-03,3.953497235000000276e-02
2.500000000000000000e+01,4.000000000000000000e+02,0.000000000000000000e+00,9.000000000000000222e-01,3.311156244999999883e-03,4.274038995999999979e-02
2.700000000000000000e+01,4.000000000000000000e+02,0.000000000000000000e+00,9.000000000000000222e-01,3.556769092000000056e-03,4.591132318999999878e-02
2.900000000000000000e+01,4.000000000000000000e+02,0.000000000000000000e+00,9.000000000000000222e-01,3.799747474999999857e-03,4.904832561999999951e-02
3.100000000000000000e+01,4.000000000000000000e+02,0.000000000000000000e+00,9.000000000000000222e-01,4.040133490999999778e-03,5.215193902000000298e-02
3.300000000000000000e+01,4.000000000000000000e+02,0.000000000000000000e+00,9.000000000000000222e-01,4.277968348999999955e-03,5.522269369999999872e-02
3.500000000000000000e+01,4.000000000000000000e+02,0.000000000000000000e+00,9.000000000000000222e-01,4.513292385999999670e-03,5.826110880999999658e-02
3.700000000000000000e+01,4.000000000000000000e+02,0.000000000000000000e+00,9.000000000000000222e-01,4.746145095000000279e-03,6.126769258999999884e-02
3.900000000000000000e+01,4.000000000000000000e+02,0.000000000000000000e+00,9.000000000000000222e-01,4.976565145000000356e-03,6.424294271000000056e-02
4.100000000000000000e+01,4.000000000000000000e+02,0.000000000000000000e+00,9.000000000000000222e-01,5.204590402999999948e-03,6.718734650999999558e-02
4.300000000000000000e+01,4.000000000000000000e+02,0.000000000000000000e+00,9.000000000000000222e-01,5.430257953000000061e-03,7.010138127999999968e-02
4.500000000000000000e+01,4.000000000000000000e+02,0.000000000000000000e+00,9.000000000000000222e-01,5.653604121000000392e-03,7.298551452000000273e-02
4.700000000000000000e+01,4.000000000000000000e+02,0.000000000000000000e+00,9.000000000000000222e-01,5.874664485999999720e-03,7.584020415999999376e-02
4.900000000000000000e+01,4.000000000000000000e+02,0.000000000000000000e+00,9.000000000000000222e-01,6.093473908000000133e-03,7.866589883999999810e-02
5.100000000000000000e+01,4.000000000000000000e+02,0.000000000000000000e+00,9.000000000000000222e-01,6.310066540999999599e-03,8.146303815000000004e-02
5.300000000000000000e+01,4.000000000000000000e+02,0.000000000000000000e+00,9.000000000000000222e-01,6.524475850000000139e-03,8.423205279999999850e-02
5.500000000000000000e+01,4.000000000000000000e+02,0.000000000000000000e+00,9.000000000000000222e-01,6.736734632000000375e-03,8.697336491000000336e-02
5.700000000000000000e+01,4.000000000000000000e+02,0.000000000000000000e+00,9.000000000000000222e-01,6.946875029000000243e-03,8.968738817999999391e-02
5.900000000000000000e+01,4.000000000000000000e+02,0.000000000000000000e+00,9.000000000000000222e-01,7.154928548000000048e-03,9.237452812999999430e-02
6.100000000000000000e+01,4.000000000000000000e+02,0.000000000000000000e+00,9.000000000000000222e-01,7.360926073000000416e-03,9.503518226000000346e-02
6.300000000000000000e+01,4.000000000000000000e+02,0.000000000000000000e+00,9.000000000000000222e-01,7.564897882000000059e-03,9.766974030000000195e-02
6.500000000000000000e+01,4.000000000000000000e+02,0.000000000000000000e+00,9.000000000000000222e-01,7.766873661999999616e-03,1.002785843000000010e-01
6.700000000000000000e+01,4.000000000000000000e+02,0.000000000000000000e+00,9.000000000000000222e-01,7.966882523000000729e-03,1.028620890999999982e-01
6.900000000000000000e+01,4.000000000000000000e+02,0.000000000000000000e+00,9.000000000000000222e-01,8.164953011000000357e-03,1.054206218999999972e-01
7.100000000000000000e+01,4.000000000000000000e+02,0.000000000000000000e+00,9.000000000000000222e-01,8.361113123999999383e-03,1.079545432999999971e-01
7.300000000000000000e+01,4.000000000000000000e+02,0.000000000000000000e+00,9.000000000000000222e-01,8.555390321000000409e-03,1.104642066000000034e-01
7.500000000000000000e+01,4.000000000000000000e+02,0.000000000000000000e+00,9.000000000000000222e-01,8.747811541999999871e-03,1.129499585999999972e-01
7.700000000000000000e+01,4.000000000000000000e+02,0.000000000000000000e+00,9.000000000000000222e-01,8.938403209999999308e-03,1.154121394000000023e-01
7.900000000000000000e+01,4.000000000000000000e+02,0.000000000000000000e+00,9.000000000000000222e-01,9.127191253999999629e-03,1.178510828000000066e-01
8.100000000000000000e+01,4.000000000000000000e+02,0.000000000000000000e+00,9.000000000000000222e-01,9.314201112999999366e-03,1.202671163000000043e-01
8.300000000000000000e+01,4.000000000000000000e+02,0.000000000000000000e+00,9.000000000000000222e-01,9.499457750999999381e-03,1.226605610999999957e-01
8.500000000000000000e+01,4.000000000000000000e+02,0.000000000000000000e+00,9.000000000000000222e-01,9.682985664999999367e-03,1.250317326000000007e-01
8.700000000000000000e+01,4.000000000000000000e+02,0.000000000000000000e+00,9.000000000000000222e-01,9.864808900999999519e-03,1.273809404000000034e-01
8.900000000000000000e+01,4.000000000000000000e+02,0.000000000000000000e+00,9.000000000000000222e-01,1.004495105999999964e-02,1.297084881999999995e-01
9.100000000000000000e+01,4.000000000000000000e+02,0.000000000000000000e+00,9.000000000000000222e-01,1.022343531000000083e-02,1.320146742999999956e-01
9.300000000000000000e+01,4.000000000000000000e+02,0.000000000000000000e+00,9.000000000000000222e-01,1.040028439000000027e-02,1.342997914000000070e-01
9.500000000000000000e+01,4.000000000000000000e+02,0.000000000000000000e+00,9.000000000000000222e-01,1.057552062999999980e-02,1.365641270999999879e-01
9.700000000000000000e+01,4.000000000000000000e+02,0.000000000000000000e+00,9.000000000000000222e-01,1.074916597000000022e-02,1.388079634000000118e-01
9.900000000000000000e+01,4.000000000000000000e+02,0.000000000000000000e+00,9.000000000000000222e-01,1.092124191999999973e-02,1.410315776999999937e-01
1.000000000000000000e+01,4.000000000000000000e+02,0.000000000000000000e+00,9.000000000000000222e-01,1.380585370999999964e-03,1.781892288000000088e-02
3.000000000000000000e+01,4.000000000000000000e+02,0.000000000000000000e+00,9.000000000000000222e-01,3.920261932999999713e-03,5.060427254000000180e-02
5.000000000000000000e+01,4.000000000000000000e+02,0.000000000000000000e+00,9.000000000000000222e-01,6.202045215999999785e-03,8.006801079000000487e-02
7.000000000000000000e+01,4.000000000000000000e+02,0.000000000000000000e+00,9.000000000000000222e-01,8.263270136000000834e-03,1.066906368000000022e-01
9.000000000000000000e+01,4.000000000000000000e+02,0.000000000000000000e+00,9.000000000000000222e-01,1.013439898999999970e-02,1.308642331000000048e-01
1.100000000000000000e+02,4.000000000000000000e+02,0.000000000000000000e+00,9.000000000000000222e-01,1.184053309000000082e-02,1.529119083000000101e-01
1.300000000000000000e+02,4.000000000000000000e+02,0.000000000000000000e+00,9.000000000000000222e-01,1.340254222999999988e-02,1.731023254999999872e-01
1.500000000000000000e+02,4.000000000000000000e+02,0.000000000000000000e+00,9.000000000000000222e-01,1.483792020000000017e-02,1.916607067999999969e-01
1.700000000000000000e+02,4.000000000000000000e+02,0.000000000000000000e+00,9.000000000000000222e-01,1.616144078000000123e-02,2.087772720000000137e-01
1.900000000000000000e+02,4.000000000000000000e+02,0.000000000000000000e+00,9.000000000000000222e-01,1.738566655000000141e-02,2.246137847999999937e-01
2.100000000000000000e+02,4.000000000000000000e+02,0.000000000000000000e+00,9.000000000000000222e-01,1.852134759000000075e-02,2.393086816999999977e-01
2.300000000000000000e+02,4.000000000000000000e+02,0.000000000000000000e+00,9.000000000000000222e-01,1.957773689999999997e-02,2.529811304999999844e-01
2.500000000000000000e+02,4.000000000000000000e+02,0.000000000000000000e+00,9.000000000000000222e-01,2.056284222999999953e-02,2.657342705999999888e-01
2.700000000000000000e+02,4.000000000000000000e+02,0.000000000000000000e+00,9.000000000000000222e-01,2.148362867000000107e-02,2.776578197999999831e-01
2.900000000000000000e+02,4.000000000000000000e+02,0.000000000000000000e+00,9.000000000000000222e-01,2.234618299000000127e-02,2.888301889000000067e-01
3.100000000000000000e+02,4.000000000000000000e+02,0.000000000000000000e+00,9.000000000000000222e-01,2.315584784000000035e-02,2.993202084000000096e-01
3.300000000000000000e+02,4.000000000000000000e+02,0.000000000000000000e+00,9.000000000000000222e-01,2.391733202000000114e-02,3.091885486000000016e-01
3.500000000000000000e+02,4.000000000000000000e+02,0.000000000000000000e+00,9.000000000000000222e-01,2.463480181999999977e-02,3.184888938000000058e-01
3.700000000000000000e+02,4.000000000000000000e+02,0.000000000000000000e+00,9.000000000000000222e-01,2.531195686999999916e-02,3.272689201000000270e-01
3.900000000000000000e+02,4.000000000000000000e+02,0.000000000000000000e+00,9.000000000000000222e-01,2.595209374999999860e-02,3.355711124999999906e-01
4.100000000000000000e+02,4.000000000000000000e+02,0.000000000000000000e+00,9.000000000000000222e-01,2.655815937000000071e-02,3.434334533000000245e-01
4.300000000000000000e+02,4.000000000000000000e+02,0.000000000000000000e+00,9.000000000000000222e-01,2.713279612000000021e-02,3.508900027999999893e-01
4.500000000000000000e+02,4.000000000000000000e+02,0.000000000000000000e+00,9.000000000000000222e-01,2.767838024000000147e-02,3.579713930000000266e-01
4.700000000000000000e+02,4.000000000000000000e+02,0.000000000000000000e+00,9.000000000000000222e-01,2.819705445000000171e-02,3.647052484000000150e-01
4.900000000000000000e+02,4.000000000000000000e+02,0.000000000000000000e+00,9.000000000000000222e-01,2.869075599000000046e-02,3.711165459999999916e-01
5.100000000000000000e+02,4.000000000000000000e+02,0.000000000000000000e+00,9.000000000000000222e-01,2.916124060999999990e-02,3.772279253999999971e-01
5.300000000000000000e+02,4.000000000000000000e+02,0.000000000000000000e+00,9.000000000000000222e-01,2.961010338999999977e-02,3.830599558000000182e-01
5.500000000000000000e+02,4.000000000000000000e+02,0.000000000000000000e+00,9.000000000000000222e-01,3.003879666999999948e-02,3.886313673999999829e-01
5.700000000000000000e+02,4.000000000000000000e+02,0.000000000000000000e+00,9.000000000000000222e-01,3.044864565000000162e-02,3.939592523000000068e-01
5.900000000000000000e+02,4.000000000000000000e+02,0.000000000000000000e+00,9.000000000000000222e-01,3.084086203999999998e-02,3.990592399999999818e-01
6.100000000000000000e+02,4.000000000000000000e+02,0.000000000000000000e+00,9.000000000000000222e-01,3.121655593000000062e-02,4.039456504999999753e-01
6.300000000000000000e+02,4.000000000000000000e+02,0.000000000000000000e+00,9.000000000000000222e-01,3.157674618999999766e-02,4.086316286000000186e-01
6.500000000000000000e+02,4.000000000000000000e+02,0.000000000000000000e+00,9.000000000000000222e-01,3.192236971000000229e-02,4.131292618999999888e-01
6.700000000000000000e+02,4.000000000000000000e+02,0.000000000000000000e+00,9.000000000000000222e-01,3.225428944000000020e-02,4.174496851999999758e-01
6.900000000000000000e+02,4.000000000000000000e+02,0.000000000000000000e+00,9.000000000000000222e-01,3.257330154000000200e-02,4.216031726000000202e-01
7.100000000000000000e+02,4.000000000000000000e+02,0.000000000000000000e+00,9.000000000000000222e-01,3.288014171999999874e-02,4.255992188000000120e-01
7.300000000000000000e+02,4.000000000000000000e+02,0.000000000000000000e+00,9.000000000000000222e-01,3.317549088999999923e-02,4.294466120000000053e-01
7.500000000000000000e+02,4.000000000000000000e+02,0.000000000000000000e+00,9.000000000000000222e-01,3.345998013999999798e-02,4.331534980000000257e-01
7.700000000000000000e+02,4.000000000000000000e+02,0.000000000000000000e+00,9.000000000000000222e-01,3.373419521999999893e-02,4.367274382999999927e-01
7.900000000000000000e+02,4.000000000000000000e+02,0.000000000000000000e+00,9.000000000000000222e-01,3.399868055000000028e-02,4.401754613000000149e-01
8.100000000000000000e+02,4.000000000000000000e+02,0.000000000000000000e+00,9.000000000000000222e-01,3.425394279999999930e-02,4.435041083999999856e-01
8.300000000000000000e+02,4.000000000000000000e+02,0.000000000000000000e+00,9.000000000000000222e-01,3.450045406999999870e-02,4.467194756999999794e-01
8.500000000000000000e+02,4.000000000000000000e+02,0.000000000000000000e+00,9.000000000000000222e-01,3.473865484000000087e-02,4.498272509999999835e-01
8.700000000000000000e+02,4.000000000000000000e+02,0.000000000000000000e+00,9.000000000000000222e-01,3.496895652999999771e-02,4.528327477999999906e-01
8.900000000000000000e+02,4.000000000000000000e+02,0.000000000000000000e+00,9.000000000000000222e-01,3.519174389000000180e-02,4.557409351000000219e-01
9.100000000000000000e+02,4.000000000000000000e+02,0.000000000000000000e+00,9.000000000000000222e-01,3.540737708999999733e-02,4.585564651999999852e-01
9.300000000000000000e+02,4.000000000000000000e+02,0.000000000000000000e+00,9.000000000000000222e-01,3.561619368999999896e-02,4.612836985000000056e-01
9.500000000000000000e+02,4.000000000000000000e+02,0.000000000000000000e+00,9.000000000000000222e-01,3.581851035999999988e-02,4.639267260000000115e-01
9.700000000000000000e+02,4.000000000000000000e+02,0.000000000000000000e+00,9.000000000000000222e-01,3.601462448000000011e-02,4.664893897999999872e-01
9.900000000000000000e+02,4.000000000000000000e+02,0.000000000000000000e+00,9.000000000000000222e-01,3.620481555999999906e-02,4.689753017000000135e-01
1.000000000000000000e+02,4.000000000000000000e+02,0.000000000000000000e+00,9.000000000000000222e-01,1.100669800000000052e-02,1.421358867999999998e-01
3.000000000000000000e+02,4.000000000000000000e+02,0.000000000000000000e+00,9.000000000000000222e-01,2.275731859999999968e-02,2.941565239999999748e-01
5.000000000000000000e+02,4.000000000000000000e+02,0.000000000000000000e+00,9.000000000000000222e-01,2.892879718000000017e-02,3.742083943000000246e-01
7.000000000000000000e+02,4.000000000000000000e+02,0.000000000000000000e+00,9.000000000000000222e-01,3.272819933999999986e-02,4.236203108000000106e-01
9.000000000000000000e+02,4.000000000000000000e+02,0.000000000000000000e+00,9.000000000000000222e-01,3.530043314999999765e-02,4.571600031999999980e-01
1.100000000000000000e+03,4.000000000000000000e+02,0.000000000000000000e+00,9.000000000000000222e-01,3.715601231000000004e-02,4.814182902999999958e-01
1.300000000000000000e+03,4.000000000000000000e+02,0.000000000000000000e+00,9.000000000000000222e-01,3.855692298999999906e-02,4.997804529000000051e-01
1.500000000000000000e+03,4.000000000000000000e+02,0.000000000000000000e+00,9.000000000000000222e-01,3.965141654999999876e-02,5.141638196000000161e-01
1.700000000000000000e+03,4.000000000000000000e+02,0.000000000000000000e+00,9.000000000000000222e-01,4.052966824999999773e-02,5.257356444999999878e-01
1.900000000000000000e+03,4.000000000000000000e+02,0.000000000000000000e+00,9.000000000000000222e-01,4.124966903999999907e-02,5.352472340999999689e-01
2.100000000000000000e+03,4.000000000000000000e+02,0.000000000000000000e+00,9.000000000000000222e-01,4.185040184000000246e-02,5.432040747999999919e-01
2.300000000000000000e+03,4.000000000000000000e+02,0.000000000000000000e+00,9.000000000000000222e-01,4.235903583000000250e-02,5.499587725000000260e-01
2.500000000000000000e+03,4.000000000000000000e+02,0.000000000000000000e+00,9.000000000000000222e-01,4.279508390000000273e-02,5.557647888000000203e-01
2.700000000000000000e+03,4.000000000000000000e+02,0.000000000000000000e+00,9.000000000000000222e-01,4.317292040000000192e-02,5.608090006999999488e-01
2.900000000000000000e+03,4.000000000000000000e+02,0.000000000000000000e+00,9.000000000000000222e-01,4.350336691000000061e-02,5.652322188999999719e-01
3.100000000000000000e+03,4.000000000000000000e+02,0.000000000000000000e+00,9.000000000000000222e-01,4.379472513999999733e-02,5.691425594000000254e-01
3.300000000000000000e+03,4.000000000000000000e+02,0.000000000000000000e+00,9.000000000000000222e-01,4.405346940000000322e-02,5.726244125999999657e-01
3.500000000000000000e+03,4.000000000000000000e+02,0.000000000000000000e+00,9.000000000000000222e-01,4.428472272999999654e-02,5.757446134000000493e-01
3.700000000000000000e+03,4.000000000000000000e+02,0.000000000000000000e+00,9.000000000000000222e-01,4.449259156999999659e-02,5.785567807999999479e-01
3.900000000000000000e+03,4.000000000000000000e+02,0.000000000000000000e+00,9.000000000000000222e-01,4.468040573999999820e-02,5.811044313000000017e-01
4.100000000000000000e+03,4.000000000000000000e+02,0.000000000000000000e+00,9.000000000000000222e-01,4.485089354999999972e-02,5.834232511000000398e-01
4.300000000000000000e+03,4.000000000000000000e+02,0.000000000000000000e+00,9.000000000000000222e-01,4.500631154000000328e-02,5.855427815000000535e-01
4.500000000000000000e+03,4.000000000000000000e+02,0.000000000000000000e+00,9.000000000000000222e-01,4.514854213999999755e-02,5.874876875000000220e-01
4.700000000000000000e+03,4.000000000000000000e+02,0.000000000000000000e+00,9.000000000000000222e-01,4.527916795999999827e-02,5.892787238000000150e-01
4.900000000000000000e+03,4.000000000000000000e+02,0.000000000000000000e+00,9.000000000000000222e-01,4.539952913999999867e-02,5.909334806999999579e-01
5.100000000000000000e+03,4.000000000000000000e+02,0.000000000000000000e+00,9.000000000000000222e-01,4.551076798999999923e-02,5.924669646000000345e-01
5.300000000000000000e+03,4.000000000000000000e+02,0.000000000000000000e+00,9.000000000000000222e-01,4.561386412000000001e-02,5.938920559999999460e-01
5.500000000000000000e+03,4.000000000000000000e+02,0.000000000000000000e+00,9.000000000000000222e-01,4.570966239000000264e-02,5.952198730000000104e-01
5.700000000000000000e+03,4.000000000000000000e+02,0.000000000000000000e+00,9.000000000000000222e-01,4.579889522999999740e-02,5.964600630999999931e-01
5.900000000000000000e+03,4.000000000000000000e+02,0.000000000000000000e+00,9.000000000000000222e-01,4.588220073999999676e-02,5.976210379999999933e-01
6.100000000000000000e+03,4.000000000000000000e+02,0.000000000000000000e+00,9.000000000000000222e-01,4.596013734999999933e-02,5.987101661999999491e-01
6.300000000000000000e+03,4.000000000000000000e+02,0.000000000000000000e+00,9.000000000000000222e-01,4.603319587000000157e-02,5.997339289999999989e-01
6.500000000000000000e+03,4.000000000000000000e+02,0.000000000000000000e+00,9.000000000000000222e-01,4.610180937000000340e-02,6.006980508000000496e-01
6.700000000000000000e+03,4.000000000000000000e+02,0.000000000000000000e+00,9.000000000000000222e-01,4.616636144999999858e-02,6.016076060999999697e-01
6.900000000000000000e+03,4.000000000000000000e+02,0.000000000000000000e+00,9.000000000000000222e-01,4.622719305999999778e-02,6.024671095000000420e-01
7.100000000000000000e+03,4.000000000000000000e+02,0.000000000000000000e+00,9.000000000000000222e-01,4.628460829000000110e-02,6.032805906000000551e-01
7.300000000000000000e+03,4.000000000000000000e+02,0.000000000000000000e+00,9.000000000000000222e-01,4.633887914999999802e-02,6.040516576000000137e-01
7.500000000000000000e+03,4.000000000000000000e+02,0.000000000000000000e+00,9.000000000000000222e-01,4.639024972999999941e-02,6.047835507000000055e-01
7.700000000000000000e+03,4.000000000000000000e+02,0.000000000000000000e+00,9.000000000000000222e-01,4.643893967999999928e-02,6.054791885000000429e-01
7.900000000000000000e+03,4.000000000000000000e+02,0.000000000000000000e+00,9.000000000000000222e-01,4.648514715000000297e-02,6.061412062000000045e-01
8.100000000000000000e+03,4.000000000000000000e+02,0.000000000000000000e+00,9.000000000000000222e-01,4.652905138999999940e-02,6.067719897000000140e-01
8.300000000000000000e+03,4.000000000000000000e+02,0.000000000000000000e+00,9.000000000000000222e-01,4.657081492000000184e-02,6.073737040000000142e-01
8.500000000000000000e+03,4.000000000000000000e+02,0.000000000000000000e+00,9.000000000000000222e-01,4.661058544999999859e-02,6.079483187999999982e-01
8.700000000000000000e+03,4.000000000000000000e+02,0.000000000000000000e+00,9.000000000000000222e-01,4.664849749999999684e-02,6.084976293999999619e-01
8.900000000000000000e+03,4.000000000000000000e+02,0.000000000000000000e+00,9.000000000000000222e-01,4.668467385999999775e-02,6.090232758000000413e-01
9.100000000000000000e+03,4.000000000000000000e+02,0.000000000000000000e+00,9.000000000000000222e-01,4.671922683000000187e-02,6.095267592999999984e-01
9.300000000000000000e+03,4.000000000000000000e+02,0.000000000000000000e+00,9.000000000000000222e-01,4.675225929000000058e-02,6.100094568999999689e-01
9.500000000000000000e+03,4.000000000000000000e+02,0.000000000000000000e+00,9.000000000000000222e-01,4.678386570999999716e-02,6.104726335000000281e-01
9.700000000000000000e+03,4.000000000000000000e+02,0.000000000000000000e+00,9.000000000000000222e-01,4.681413294999999669e-02,6.109174534000000323e-01
9.900000000000000000e+03,4.000000000000000000e+02,0.000000000000000000e+00,9.000000000000000222e-01,4.684314101999999952e-02,6.113449901999999936e-01
1.000000000000000000e+03,4.000000000000000000e+02,0.000000000000000000e+00,9.000000000000000222e-01,3.629777277000000024e-02,4.701905456000000094e-01
3.000000000000000000e+03,4.000000000000000000e+02,0.000000000000000000e+00,9.000000000000000222e-01,4.365349100000000260e-02,5.672457515000000061e-01
5.000000000000000000e+03,4.000000000000000000e+02,0.000000000000000000e+00,9.000000000000000222e-01,4.545622417999999748e-02,5.917145315999999822e-01
7.000000000000000000e+03,4.000000000000000000e+02,0.000000000000000000e+00,9.000000000000000222e-01,4.625631001999999659e-02,6.028793681999999876e-01
9.000000000000000000e+03,4.000000000000000000e+02,0.000000000000000000e+00,9.000000000000000222e-01,4.670214662999999655e-02,6.092776990999999587e-01
1.100000000000000000e+04,4.000000000000000000e+02,0.000000000000000000e+00,9.000000000000000222e-01,4.698321249000000227e-02,6.134282950999999651e-01
1.300000000000000000e+04,4.000000000000000000e+02,0.000000000000000000e+00,9.000000000000000222e-01,4.717474574999999670e-02,6.163406109000000299e-01
1.500000000000000000e+04,4.000000000000000000e+02,0.000000000000000000e+00,9.000000000000000222e-01,4.731245334999999858e-02,6.184981282999999497e-01
1.700000000000000000e+04,4.000000000000000000e+02,0.000000000000000000e+00,9.000000000000000222e-01,4.741540995000000092e-02,6.201614946000000295e-01
1.900000000000000000e+04,4.000000000000000000e+02,0.000000000000000000e+00,9.000000000000000222e-01,4.749470691999999744e-02,6.214836619000000395e-01
2.100000000000000000e+04,4.000000000000000000e+02,0.000000000000000000e+00,9.000000000000000222e-01,4.755721947000000199e-02,6.225603155000000166e-01
2.300000000000000000e+04,4.000000000000000000e+02,0.000000000000000000e+00,9.000000000000000222e-01,4.760742803999999662e-02,6.234543891999999587e-01
2.500000000000000000e+04,4.000000000000000000e+02,0.000000000000000000e+00,9.000000000000000222e-01,4.764837236999999726e-02,6.242089785000000113e-01
2.700000000000000000e+04,4.000000000000000000e+02,0.000000000000000000e+00,9.000000000000000222e-01,4.768218424000000150e-02,6.248545897999999710e-01
2.900000000000000000e+04,4.000000000000000000e+02,0.000000000000000000e+00,9.000000000000000222e-01,4.771040066999999996e-02,6.254134260999999473e-01
3.100000000000000000e+04,4.000000000000000000e+02,0.000000000000000000e+00,9.000000000000000222e-01,4.773415634000000018e-02,6.259020341000000043e-01
3.300000000000000000e+04,4.000000000000000000e+02,0.000000000000000000e+00,9.000000000000000222e-01,4.775430601999999802e-02,6.263329980999999824e-01
3.500000000000000000e+04,4.000000000000000000e+02,0.000000000000000000e+00,9.000000000000000222e-01,4.777150508999999934e-02,6.267160601000000275e-01
3.700000000000000000e+04,4.000000000000000000e+02,0.000000000000000000e+00,9.000000000000000222e-01,4.778626388999999974e-02,6.270588798999999769e-01
3.900000000000000000e+04,4.000000000000000000e+02,0.000000000000000000e+00,9.000000000000000222e-01,4.779898529999999923e-02,6.273675633999999945e-01
4.100000000000000000e+04,4.000000000000000000e+02,0.000000000000000000e+00,9.000000000000000222e-01,4.780999125000000294e-02,6.276470380999999987e-01
4.300000000000000000e+04,4.000000000000000000e+02,0.000000000000000000e+00,9.000000000000000222e-01,4.781954181999999859e-02,6.279013245000000243e-01
4.500000000000000000e+04,4.000000000000000000e+02,0.000000000000000000e+00,9.000000000000000222e-01,4.782784921000000217e-02,6.281337358999999898e-01
4.700000000000000000e+04,4.000000000000000000e+02,0.000000000000000000e+00,9.000000000000000222e-01,4.783508808999999834e-02,6.283470271000000107e-01
4.900000000000000000e+04,4.000000000000000000e+02,0.000000000000000000e+00,9.000000000000000222e-01,4.784140343999999934e-02,6.285435081000000368e-01
5.100000000000000000e+04,4.000000000000000000e+02,0.000000000000000000e+00,9.000000000000000222e-01,4.784691644999999882e-02,6.287251297000000516e-01
5.300000000000000000e+04,4.000000000000000000e+02,0.000000000000000000e+00,9.000000000000000222e-01,4.785172916000000193e-02,6.288935516000000447e-01
5.500000000000000000e+04,4.000000000000000000e+02,0.000000000000000000e+00,9.000000000000000222e-01,4.785592798999999814e-02,6.290501941999999680e-01
5.700000000000000000e+04,4.000000000000000000e+02,0.000000000000000000e+00,9.000000000000000222e-01,4.785958658000000199e-02,6.291962803999999743e-01
5.900000000000000000e+04,4.000000000000000000e+02,0.000000000000000000e+00,9.000000000000000222e-01,4.786276798999999915e-02,6.293328691999999780e-01
6.100000000000000000e+04,4.000000000000000000e+02,0.000000000000000000e+00,9.000000000000000222e-01,4.786552653000000074e-02,6.294608816000000218e-01
6.300000000000000000e+04,4.000000000000000000e+02,0.000000000000000000e+00,9.000000000000000222e-01,4.786790913999999786e-02,6.295811233000000451e-01
6.500000000000000000e+04,4.000000000000000000e+02,0.000000000000000000e+00,9.000000000000000222e-01,4.786995662000000096e-02,6.296943013000000366e-01
6.700000000000000000e+04,4.000000000000000000e+02,0.000000000000000000e+00,9.000000000000000222e-01,4.787170453000000325e-02,6.298010392999999763e-01
6.900000000000000000e+04,4.000000000000000000e+02,0.000000000000000000e+00,9.000000000000000222e-01,4.787318399999999918e-02,6.299018893000000174e-01
7.100000000000000000e+04,4.000000000000000000e+02,0.000000000000000000e+00,9.000000000000000222e-01,4.787442237000000267e-02,6.299973415999999826e-01
7.300000000000000000e+04,4.000000000000000000e+02,0.000000000000000000e+00,9.000000000000000222e-01,4.787544375999999713e-02,6.300878333999999636e-01
7.500000000000000000e+04,4.000000000000000000e+02,0.000000000000000000e+00,9.000000000000000222e-01,4.787626947000000327e-02,6.301737555999999962e-01
7.700000000000000000e+04,4.000000000000000000e+02,0.000000000000000000e+00,9.000000000000000222e-01,4.787691840999999671e-02,6.302554591000000261e-01
7.900000000000000000e+04,4.000000000000000000e+02,0.000000000000000000e+00,9.000000000000000222e-01,4.787740736999999969e-02,6.303332592999999484e-01
8.100000000000000000e+04,4.000000000000000000e+02,0.000000000000000000e+00,9.000000000000000222e-01,4.787775134999999738e-02,6.304074410000000128e-01
8.300000000000000000e+04,4.000000000000000000e+02,0.000000000000000000e+00,9.000000000000000222e-01,4.787796373000000050e-02,6.304782617999999950e-01
8.500000000000000000e+04,4.000000000000000000e+02,0.000000000000000000e+00,9.000000000000000222e-01,4.787805651000000273e-02,6.305459549999999913e-01
8.700000000000000000e+04,4.000000000000000000e+02,0.000000000000000000e+00,9.000000000000000222e-01,4.787804047000000091e-02,6.306107331000000427e-01
8.900000000000000000e+04,4.000000000000000000e+02,0.000000000000000000e+00,9.000000000000000222e-01,4.787792528999999797e-02,6.306727894000000445e-01
9.100000000000000000e+04,4.000000000000000000e+02,0.000000000000000000e+00,9.000000000000000222e-01,4.787771972000000320e-02,6.307323003999999456e-01
9.300000000000000000e+04,4.000000000000000000e+02,0.000000000000000000e+00,9.000000000000000222e-01,4.787743165999999717e-02,6.307894276000000078e-01
9.500000000000000000e+04,4.000000000000000000e+02,0.000000000000000000e+00,9.000000000000000222e-01,4.787706824000000083e-02,6.308443191000000505e-01
9.700000000000000000e+04,4.000000000000000000e+02,0.000000000000000000e+00,9.000000000000000222e-01,4.787663594000000217e-02,6.308971107999999939e-01
9.900000000000000000e+04,4.000000000000000000e+02,0.000000000000000000e+00,9.000000000000000222e-01,4.787614065999999668e-02,6.309479277999999747e-01
1.000000000000000000e+04,4.000000000000000000e+02,0.000000000000000000e+00,9.000000000000000222e-01,4.685719616000000309e-02,6.115525902999999763e-01
3.000000000000000000e+04,4.000000000000000000e+02,0.000000000000000000e+00,9.000000000000000222e-01,4.772277721999999833e-02,6.256656445999999594e-01
5.000000000000000000e+04,4.000000000000000000e+02,0.000000000000000000e+00,9.000000000000000222e-01,4.784425345999999968e-02,6.286360664000000265e-01
7.000000000000000000e+04,4.000000000000000000e+02,0.000000000000000000e+00,9.000000000000000222e-01,4.787383173999999741e-02,6.299502616000000055e-01
9.000000000000000000e+04,4.000000000000000000e+02,0.000000000000000000e+00,9.000000000000000222e-01,4.787783328999999782e-02,6.307028526000000301e-01
1.100000000000000000e+05,4.000000000000000000e+02,0.000000000000000000e+00,9.000000000000000222e-01,4.787250727999999705e-02,6.311968586999999742e-01
1.300000000000000000e+05,4.000000000000000000e+02,0.000000000000000000e+00,9.000000000000000222e-01,4.786339445999999997e-02,6.315500577999999532e-01
1.500000000000000000e+05,4.000000000000000000e+02,0.000000000000000000e+00,9.000000000000000222e-01,4.785275008999999996e-02,6.318178960000000455e-01
1.700000000000000000e+05,4.000000000000000000e+02,0.000000000000000000e+00,9.000000000000000222e-01,4.784159344000000341e-02,6.320299573000000004e-01
1.900000000000000000e+05,4.000000000000000000e+02,0.000000000000000000e+00,9.000000000000000222e-01,4.783041353999999828e-02,6.322034944000000101e-01
2.100000000000000000e+05,4.000000000000000000e+02,0.000000000000000000e+00,9.000000000000000222e-01,4.781945068000000021e-02,6.323492613000000206e-01
2.300000000000000000e+05,4.000000000000000000e+02,0.000000000000000000e+00,9.000000000000000222e-01,4.780882080999999950e-02,6.324743180999999881e-01
2.500000000000000000e+05,4.000000000000000000e+02,0.000000000000000000e+00,9.000000000000000222e-01,4.779857510999999809e-02,6.325834966000000170e-01
2.700000000000000000e+05,4.000000000000000000e+02,0.000000000000000000e+00,9.000000000000000222e-01,4.778873013999999919e-02,6.326802185000000023e-01
2.900000000000000000e+05,4.000000000000000000e+02,0.000000000000000000e+00,9.000000000000000222e-01,4.777928380000000252e-02,6.327669766000000307e-01
3.100000000000000000e+05,4.000000000000000000e+02,0.000000000000000000e+00,9.000000000000000222e-01,4.777022406999999887e-02,6.328456318999999830e-01
3.300000000000000000e+05,4.000000000000000000e+02,0.000000000000000000e+00,9.000000000000000222e-01,4.776153394999999718e-02,6.329176024999999539e-01
3.500000000000000000e+05,4.000000000000000000e+02,0.000000000000000000e+00,9.000000000000000222e-01,4.775319421000000231e-02,6.329839887999999526e-01
3.700000000000000000e+05,4.000000000000000000e+02,0.000000000000000000e+00,9.000000000000000222e-01,4.774518499000000166e-02,6.330456585000000524e-01
3.900000000000000000e+05,4.000000000000000000e+02,0.000000000000000000e+00,9.000000000000000222e-01,4.773748674000000136e-02,6.331033048999999968e-01
4.100000000000000000e+05,4.000000000000000000e+02,0.000000000000000000e+00,9.000000000000000222e-01,4.773008061999999690e-02,6.331574894999999481e-01
4.300000000000000000e+05,4.000000000000000000e+02,0.000000000000000000e+00,9.000000000000000222e-01,4.772294883000000043e-02,6.332086718999999642e-01
4.500000000000000000e+05,4.000000000000000000e+02,0.000000000000000000e+00,9.000000000000000222e-01,4.771607469999999962e-02,6.332572320999999560e-01
4.700000000000000000e+05,4.000000000000000000e+02,0.000000000000000000e+00,9.000000000000000222e-01,4.770944268999999932e-02,6.333034869000000455e-01
4.900000000000000000e+05,4.000000000000000000e+02,0.000000000000000000e+00,9.000000000000000222e-01,4.770303836999999908e-02,6.333477033000000089e-01
5.100000000000000000e+05,4.000000000000000000e+02,0.000000000000000000e+00,9.000000000000000222e-01,4.769684837999999677e-02,6.333901071999999965e-01
5.300000000000000000e+05,4.000000000000000000e+02,0.000000000000000000e+00,9.000000000000000222e-01,4.769086037999999833e-02,6.334308916999999983e-01
5.500000000000000000e+05,4.000000000000000000e+02,0.000000000000000000e+00,9.000000000000000222e-01,4.768506292000000008e-02,6.334702227999999824e-01
5.700000000000000000e+05,4.000000000000000000e+02,0.000000000000000000e+00,9.000000000000000222e-01,4.767944545999999728e-02,6.335082436000000206e-01
5.900000000000000000e+05,4.000000000000000000e+02,0.000000000000000000e+00,9.000000000000000222e-01,4.767399818999999705e-02,6.335450786999999861e-01
6.100000000000000000e+05,4.000000000000000000e+02,0.000000000000000000e+00,9.000000000000000222e-01,4.766871208000000165e-02,6.335808370000000078e-01
6.300000000000000000e+05,4.000000000000000000e+02,0.000000000000000000e+00,9.000000000000000222e-01,4.766357871000000135e-02,6.336156138999999854e-01
6.500000000000000000e+05,4.000000000000000000e+02,0.000000000000000000e+00,9.000000000000000222e-01,4.765859029999999774e-02,6.336494934999999940e-01
6.700000000000000000e+05,4.000000000000000000e+02,0.000000000000000000e+00,9.000000000000000222e-01,4.765373961000000241e-02,6.336825504999999970e-01
6.900000000000000000e+05,4.000000000000000000e+02,0.000000000000000000e+00,9.000000000000000222e-01,4.764901990999999976e-02,6.337148508000000069e-01
7.100000000000000000e+05,4.000000000000000000e+02,0.000000000000000000e+00,9.000000000000000222e-01,4.764442492999999834e-02,6.337464536000000370e-01
7.300000000000000000e+05,4.000000000000000000e+02,0.000000000000000000e+00,9.000000000000000222e-01,4.763994880999999904e-02,6.337774118000000234e-01
7.500000000000000000e+05,4.000000000000000000e+02,0.000000000000000000e+00,9.000000000000000222e-01,4.763558611000000276e-02,6.338077726999999939e-01
7.700000000000000000e+05,4.000000000000000000e+02,0.000000000000000000e+00,9.000000000000000222e-01,4.763133171000000221e-02,6.338375791000000481e-01
7.900000000000000000e+05,4.000000000000000000e+02,0.000000000000000000e+00,9.000000000000000222e-01,4.762718084999999907e-02,6.338668696000000491e-01
8.100000000000000000e+05,4.000000000000000000e+02,0.000000000000000000e+00,9.000000000000000222e-01,4.762312904999999735e-02,6.338956789999999897e-01
8.300000000000000000e+05,4.000000000000000000e+02,0.000000000000000000e+00,9.000000000000000222e-01,4.761917211000000344e-02,6.339240392999999640e-01
8.500000000000000000e+05,4.000000000000000000e+02,0.000000000000000000e+00,9.000000000000000222e-01,4.761530608999999664e-02,6.339519792000000153e-01
8.700000000000000000e+05,4.000000000000000000e+02,0.000000000000000000e+00,9.000000000000000222e-01,4.761152728000000306e-02,6.339795250999999965e-01
8.900000000000000000e+05,4.000000000000000000e+02,0.000000000000000000e+00,9.000000000000000222e-01,4.760783219999999843e-02,6.340067011000000141e-01
9.100000000000000000e+05,4.000000000000000000e+02,0.000000000000000000e+00,9.000000000000000222e-01,4.760421756000000199e-02,6.340335293000000094e-01
9.300000000000000000e+05,4.000000000000000000e+02,0.000000000000000000e+00,9.000000000000000222e-01,4.760068024999999925e-02,6.340600301000000050e-01
9.500000000000000000e+05,4.000000000000000000e+02,0.000000000000000000e+00,9.000000000000000222e-01,4.759721734999999843e-02,6.340862219999999772e-01
9.700000000000000000e+05,4.000000000000000000e+02,0.000000000000000000e+00,9.000000000000000222e-01,4.759382608999999931e-02,6.341121224000000334e-01
9.900000000000000000e+05,4.000000000000000000e+02,0.000000000000000000e+00,9.000000000000000222e-01,4.759050386000000105e-02,6.341377470000000294e-01
1.000000000000000000e+05,4.000000000000000000e+02,0.000000000000000000e+00,9.000000000000000222e-01,4.787587108000000008e-02,6.309726323000000026e-01
3.000000000000000000e+05,4.000000000000000000e+02,0.000000000000000000e+00,9.000000000000000222e-01,4.777470660000000119e-02,6.328072197999999871e-01
5.000000000000000000e+05,4.000000000000000000e+02,0.000000000000000000e+00,9.000000000000000222e-01,4.769991737999999815e-02,6.333691190000000359e-01
7.000000000000000000e+05,4.000000000000000000e+02,0.000000000000000000e+00,9.000000000000000222e-01,4.764670720999999998e-02,6.337307359999999612e-01
9.000000000000000000e+05,4.000000000000000000e+02,0.000000000000000000e+00,9.000000000000000222e-01,4.760601502000000318e-02,6.340201573999999507e-01
1.100000000000000000e+06,4.000000000000000000e+02,0.000000000000000000e+00,9.000000000000000222e-01,4.757336079999999884e-02,6.342743610000000087e-01
1.300000000000000000e+06,4.000000000000000000e+02,0.000000000000000000e+00,9.000000000000000222e-01,4.754628209000000272e-02,6.345083169999999884e-01
1.500000000000000000e+06,4.000000000000000000e+02,0.000000000000000000e+00,9.000000000000000222e-01,4.752329155999999999e-02,6.347293527999999796e-01
1.700000000000000000e+06,4.000000000000000000e+02,0.000000000000000000e+00,9.000000000000000222e-01,4.750342479999999923e-02,6.349415260999999866e-01
1.900000000000000000e+06,4.000000000000000000e+02,0.000000000000000000e+00,9.000000000000000222e-01,4.748602164000000070e-02,6.351472883000000014e-01
2.100000000000000000e+06,4.000000000000000000e+02,0.000000000000000000e+00,9.000000000000000222e-01,4.747061070999999965e-02,6.353482203000000439e-01
2.300000000000000000e+06,4.000000000000000000e+02,0.000000000000000000e+00,9.000000000000000222e-01,4.745684382999999784e-02,6.355453939999999857e-01
2.500000000000000000e+06,4.000000000000000000e+02,0.000000000000000000e+00,9.000000000000000222e-01,4.744445656000000067e-02,6.357395662999999475e-01
2.700000000000000000e+06,4.000000000000000000e+02,0.000000000000000000e+00,9.000000000000000222e-01,4.743324340999999916e-02,6.359312890999999635e-01
2.900000000000000000e+06,4.000000000000000000e+02,0.000000000000000000e+00,9.000000000000000222e-01,4.742304153000000133e-02,6.361209764999999905e-01
3.100000000000000000e+06,4.000000000000000000e+02,0.000000000000000000e+00,9.000000000000000222e-01,4.741371969000000158e-02,6.363089458999999781e-01
3.300000000000000000e+06,4.000000000000000000e+02,0.000000000000000000e+00,9.000000000000000222e-01,4.740517058999999672e-02,6.364954457999999482e-01
3.500000000000000000e+06,4.000000000000000000e+02,0.000000000000000000e+00,9.000000000000000222e-01,4.739730539999999909e-02,6.366806740999999548e-01
3.700000000000000000e+06,4.000000000000000000e+02,0.000000000000000000e+00,9.000000000000000222e-01,4.739004972000000065e-02,6.368647906000000081e-01
3.900000000000000000e+06,4.000000000000000000e+02,0.000000000000000000e+00,9.000000000000000222e-01,4.738334065000000123e-02,6.370479261000000504e-01
4.100000000000000000e+06,4.000000000000000000e+02,0.000000000000000000e+00,9.000000000000000222e-01,4.737712453000000185e-02,6.372301889999999469e-01
4.300000000000000000e+06,4.000000000000000000e+02,0.000000000000000000e+00,9.000000000000000222e-01,4.737135518999999878e-02,6.374116698999999775e-01
4.500000000000000000e+06,4.000000000000000000e+02,0.000000000000000000e+00,9.000000000000000222e-01,4.736599266000000169e-02,6.375924455000000490e-01
4.700000000000000000e+06,4.000000000000000000e+02,0.000000000000000000e+00,9.000000000000000222e-01,4.736100208999999978e-02,6.377725811000000133e-01
4.900000000000000000e+06,4.000000000000000000e+02,0.000000000000000000e+00,9.000000000000000222e-01,4.735635288000000082e-02,6.379521326999999520e-01
5.100000000000000000e+06,4.000000000000000000e+02,0.000000000000000000e+00,9.000000000000000222e-01,4.735201807000000152e-02,6.381311487999999921e-01
5.300000000000000000e+06,4.000000000000000000e+02,0.000000000000000000e+00,9.000000000000000222e-01,4.734797376000000196e-02,6.383096714999999532e-01
5.500000000000000000e+06,4.000000000000000000e+02,0.000000000000000000e+00,9.000000000000000222e-01,4.734419865000000227e-02,6.384877375999999938e-01
5.700000000000000000e+06,4.000000000000000000e+02,0.000000000000000000e+00,9.000000000000000222e-01,4.734067371000000302e-02,6.386653797000000354e-01
5.900000000000000000e+06,4.000000000000000000e+02,0.000000000000000000e+00,9.000000000000000222e-01,4.733738182000000322e-02,6.388426265000000104e-01
6.100000000000000000e+06,4.000000000000000000e+02,0.000000000000000000e+00,9.000000000000000222e-01,4.733430757999999849e-02,6.390195034000000218e-01
6.300000000000000000e+06,4.000000000000000000e+02,0.000000000000000000e+00,9.000000000000000222e-01,4.733143705000000118e-02,6.391960332999999661e-01
6.500000000000000000e+06,4.000000000000000000e+02,0.000000000000000000e+00,9.000000000000000222e-01,4.732875756999999767e-02,6.393722364999999686e-01
6.700000000000000000e+06,4.000000000000000000e+02,0.000000000000000000e+00,9.000000000000000222e-01,4.732625764000000096e-02,6.395481312999999890e-01
6.900000000000000000e+06,4.000000000000000000e+02,0.000000000000000000e+00,9.000000000000000222e-01,4.732392673000000022e-02,6.397237341999999494e-01
7.100000000000000000e+06,4.000000000000000000e+02,0.000000000000000000e+00,9.000000000000000222e-01,4.732175523999999911e-02,6.398990603999999971e-01
7.300000000000000000e+06,4.000000000000000000e+02,0.000000000000000000e+00,9.000000000000000222e-01,4.731973434000000256e-02,6.400741233000000197e-01
7.500000000000000000e+06,4.000000000000000000e+02,0.000000000000000000e+00,9.000000000000000222e-01,4.731785589999999708e-02,6.402489353000000438e-01
7.700000000000000000e+06,4.000000000000000000e+02,0.000000000000000000e+00,9.000000000000000222e-01,4.731611245000000299e-02,6.404235078000000136e-01
7.900000000000000000e+06,4.000000000000000000e+02,0.000000000000000000e+00,9.000000000000000222e-01,4.731449707000000282e-02,6.405978512000000125e-01
8.100000000000000000e+06,4.000000000000000000e+02,0.000000000000000000e+00,9.000000000000000222e-01,4.731300335000000051e-02,6.407719748000000326e-01
8.300000000000000000e+06,4.000000000000000000e+02,0.000000000000000000e+00,9.000000000000000222e-01,4.731162536999999890e-02,6.409458876000000416e-01
8.500000000000000000e+06,4.000000000000000000e+02,0.000000000000000000e+00,9.000000000000000222e-01,4.731035760999999923e-02,6.411195975000000269e-01
8.700000000000000000e+06,4.000000000000000000e+02,0.000000000000000000e+00,9.000000000000000222e-01,4.730919491999999865e-02,6.412931120000000540e-01
8.900000000000000000e+06,4.000000000000000000e+02,0.000000000000000000e+00,9.000000000000000222e-01,4.730813252999999802e-02,6.414664380000000277e-01
9.100000000000000000e+06,4.000000000000000000e+02,0.000000000000000000e+00,9.000000000000000222e-01,4.730716596000000135e-02,6.416395819000000333e-01
9.300000000000000000e+06,4.000000000000000000e+02,0.000000000000000000e+00,9.000000000000000222e-01,4.730629103000000280e-02,6.418125497000000124e-01
9.500000000000000000e+06,4.000000000000000000e+02,0.000000000000000000e+00,9.000000000000000222e-01,4.730550381999999721e-02,6.419853468999999757e-01
9.700000000000000000e+06,4.000000000000000000e+02,0.000000000000000000e+00,9.000000000000000222e-01,4.730480066000000011e-02,6.421579787000000206e-01
9.900000000000000000e+06,4.000000000000000000e+02,0.000000000000000000e+00,9.000000000000000222e-01,4.730417809000000279e-02,6.423304498999999890e-01
1.000000000000000000e+06,4.000000000000000000e+02,0.000000000000000000e+00,9.000000000000000222e-01,4.758886785000000091e-02,6.341504606000000210e-01
3.000000000000000000e+06,4.000000000000000000e+02,0.000000000000000000e+00,9.000000000000000222e-01,4.741827779999999853e-02,6.362151590000000301e-01
5.000000000000000000e+06,4.000000000000000000e+02,0.000000000000000000e+00,9.000000000000000222e-01,4.735414773999999799e-02,6.380417049000000063e-01
7.000000000000000000e+06,4.000000000000000000e+02,0.000000000000000000e+00,9.000000000000000222e-01,4.732282162999999764e-02,6.398114310000000415e-01
9.000000000000000000e+06,4.000000000000000000e+02,0.000000000000000000e+00,9.000000000000000222e-01,4.730763753000000182e-02,6.415530323000000479e-01
1.100000000000000000e+07,4.000000000000000000e+02,0.000000000000000000e+00,9.000000000000000222e-01,4.730205864999999926e-02,6.432763586999999950e-01
1.300000000000000000e+07,4.000000000000000000e+02,0.000000000000000000e+00,9.000000000000000222e-01,4.730283795000000263e-02,6.449859535999999949e-01
1.500000000000000000e+07,4.000000000000000000e+02,0.000000000000000000e+00,9.000000000000000222e-01,4.730812514999999802e-02,6.466842897000000256e-01
1.700000000000000000e+07,4.000000000000000000e+02,0.000000000000000000e+00,9.000000000000000222e-01,4.731676542999999763e-02,6.483728661000000004e-01
1.900000000000000000e+07,4.000000000000000000e+02,0.000000000000000000e+00,9.000000000000000222e-01,4.732798953000000308e-02,6.500526645999999964e-01
2.100000000000000000e+07,4.000000000000000000e+02,0.000000000000000000e+00,9.000000000000000222e-01,4.734125928999999983e-02,6.517243660000000549e-01
2.300000000000000000e+07,4.000000000000000000e+02,0.000000000000000000e+00,9.000000000000000222e-01,4.735618350000000282e-02,6.533884651000000376e-01
2.500000000000000000e+07,4.000000000000000000e+02,0.000000000000000000e+00,9.000000000000000222e-01,4.737246889999999905e-02,6.550453348000000453e-01
2.700000000000000000e+07,4.000000000000000000e+02,0.000000000000000000e+00,9.000000000000000222e-01,4.738989002999999950e-02,6.566952651999999890e-01
2.900000000000000000e+07,4.000000000000000000e+02,0.000000000000000000e+00,9.000000000000000222e-01,4.740826984000000299e-02,6.583384880999999522e-01
3.100000000000000000e+07,4.000000000000000000e+02,0.000000000000000000e+00,9.000000000000000222e-01,4.742746680999999909e-02,6.599751928000000545e-01
3.300000000000000000e+07,4.000000000000000000e+02,0.000000000000000000e+00,9.000000000000000222e-01,4.744736603000000025e-02,6.616055374000000544e-01
3.500000000000000000e+07,4.000000000000000000e+02,0.000000000000000000e+00,9.000000000000000222e-01,4.746787295999999740e-02,6.632296559000000480e-01
3.700000000000000000e+07,4.000000000000000000e+02,0.000000000000000000e+00,9.000000000000000222e-01,4.748890892000000308e-02,6.648476639000000521e-01
3.900000000000000000e+07,4.000000000000000000e+02,0.000000000000000000e+00,9.000000000000000222e-01,4.751040768999999914e-02,6.664596627000000106e-01
4.100000000000000000e+07,4.000000000000000000e+02,0.000000000000000000e+00,9.000000000000000222e-01,4.753231309000000016e-02,6.680657419000000097e-01
4.300000000000000000e+07,4.000000000000000000e+02,0.000000000000000000e+00,9.000000000000000222e-01,4.755457702000000231e-02,6.696659816000000154e-01
4.500000000000000000e+07,4.000000000000000000e+02,0.000000000000000000e+00,9.000000000000000222e-01,4.757715802000000299e-02,6.712604545999999450e-01
4.700000000000000000e+07,4.000000000000000000e+02,0.000000000000000000e+00,9.000000000000000222e-01,4.760002009000000034e-02,6.728492271999999552e-01
4.900000000000000000e+07,4.000000000000000000e+02,0.000000000000000000e+00,9.000000000000000222e-01,4.762313179000000202e-02,6.744323603999999861e-01
5.100000000000000000e+07,4.000000000000000000e+02,0.000000000000000000e+00,9.000000000000000222e-01,4.764646550999999952e-02,6.760099109999999634e-01
5.300000000000000000e+07,4.000000000000000000e+02,0.000000000000000000e+00,9.000000000000000222e-01,4.766999689000000345e-02,6.775819318000000369e-01
5.500000000000000000e+07,4.000000000000000000e+02,0.000000000000000000e+00,9.000000000000000222e-01,4.769370431000000132e-02,6.791484725999999972e-01
5.700000000000000000e+07,4.000000000000000000e+02,0.000000000000000000e+00,9.000000000000000222e-01,4.771756854999999881e-02,6.807095802999999501e-01
5.900000000000000000e+07,4.000000000000000000e+02,0.000000000000000000e+00,9.000000000000000222e-01,4.774157239000000053e-02,6.822652994000000248e-01
6.100000000000000000e+07,4.000000000000000000e+02,0.000000000000000000e+00,9.000000000000000222e-01,4.776570038999999879e-02,6.838156722999999548e-01
6.300000000000000000e+07,4.000000000000000000e+02,0.000000000000000000e+00,9.000000000000000222e-01,4.778993866000000312e-02,6.853607395999999907e-01
6.500000000000000000e+07,4.000000000000000000e+02,0.000000000000000000e+00,9.000000000000000222e-01,4.781427465000000210e-02,6.869005403000000287e-01
6.700000000000000000e+07,4.000000000000000000e+02,0.000000000000000000e+00,9.000000000000000222e-01,4.783869696999999699e-02,6.884351119999999602e-01
6.900000000000000000e+07,4.000000000000000000e+02,0.000000000000000000e+00,9.000000000000000222e-01,4.786319531000000210e-02,6.899644906999999883e-01
7.100000000000000000e+07,4.000000000000000000e+02,0.000000000000000000e+00,9.000000000000000222e-01,4.788776025000000131e-02,6.914887117000000361e-01
7.300000000000000000e+07,4.000000000000000000e+02,0.000000000000000000e+00,9.000000000000000222e-01,4.791238322000000022e-02,6.930078088000000136e-01
7.500000000000000000e+07,4.000000000000000000e+02,0.000000000000000000e+00,9.000000000000000222e-01,4.793705634999999993e-02,6.945218152000000034e-01
7.700000000000000000e+07,4.000000000000000000e+02,0.000000000000000000e+00,9.000000000000000222e-01,4.796177244000000145e-02,6.960307631000000050e-01
7.900000000000000000e+07,4.000000000000000000e+02,0.000000000000000000e+00,9.000000000000000222e-01,4.798652488999999993e-02,6.975346838999999521e-01
8.100000000000000000e+07,4.000000000000000000e+02,0.000000000000000000e+00,9.000000000000000222e-01,4.801130759999999720e-02,6.990336083000000533e-01
8.300000000000000000e+07,4.000000000000000000e+02,0.000000000000000000e+00,9.000000000000000222e-01,4.803611496000000092e-02,7.005275664000000235e-01
8.500000000000000000e+07,4.000000000000000000e+02,0.000000000000000000e+00,9.000000000000000222e-01,4.806094179999999966e-02,7.020165874999999556e-01
8.700000000000000000e+07,4.000000000000000000e+02,0.000000000000000000e+00,9.000000000000000222e-01,4.808578331999999872e-02,7.035007004000000119e-01
8.900000000000000000e+07,4.000000000000000000e+02,0.000000000000000000e+00,9.000000000000000222e-01,4.811063508999999933e-02,7.049799335999999972e-01
9.100000000000000000e+07,4.000000000000000000e+02,0.000000000000000000e+00,9.000000000000000222e-01,4.813549300000000142e-02,7.064543148999999911e-01
9.300000000000000000e+07,4.000000000000000000e+02,0.000000000000000000e+00,9.000000000000000222e-01,4.816035322000000035e-02,7.079238715000000237e-01
9.500000000000000000e+07,4.000000000000000000e+02,0.000000000000000000e+00,9.000000000000000222e-01,4.818521220000000077e-02,7.093886305000000059e-01
9.700000000000000000e+07,4.000000000000000000e+02,0.000000000000000000e+00,9.000000000000000222e-01,4.821006665000000108e-02,7.108486183000000125e-01
9.900000000000000000e+07,4.000000000000000000e+02,0.000000000000000000e+00,9.000000000000000222e-01,4.823491348000000234e-02,7.123038611999999992e-01
1.000000000000000000e+07,4.000000000000000000e+02,0.000000000000000000e+00,9.000000000000000222e-01,4.730389600999999888e-02,6.424166265999999847e-01
3.000000000000000000e+07,4.000000000000000000e+02,0.000000000000000000e+00,9.000000000000000222e-01,4.741777390000000147e-02,6.591576447000000449e-01
5.000000000000000000e+07,4.000000000000000000e+02,0.000000000000000000e+00,9.000000000000000222e-01,4.763477248999999775e-02,6.752218301000000311e-01
7.000000000000000000e+07,4.000000000000000000e+02,0.000000000000000000e+00,9.000000000000000222e-01,4.787547000999999719e-02,6.907272437999999459e-01
9.000000000000000000e+07,4.000000000000000000e+02,0.000000000000000000e+00,9.000000000000000222e-01,4.812306352000000204e-02,7.057177289999999603e-01
1.000000000000000000e+08,4.000000000000000000e+02,0.000000000000000000e+00,9.000000000000000222e-01,4.824733314000000106e-02,7.130297113000000353e-01
