# pressure,temperature,f1,f2,molkg1,molkg2
1.000000000000000000e+00,4.000000000000000000e+02,4.000000000000000222e-01,5.000000000000000000e-01,3.458153871999999820e-03,9.480233941000000162e-04
3.000000000000000000e+00,4.000000000000000000e+02,4.000000000000000222e-01,5.000000000000000000e-01,1.024146895000000064e-02,2.807691925999999949e-03
5.000000000000000000e+00,4.000000000000000000e+02,4.000000000000000222e-01,5.000000000000000000e-01,1.685306968999999988e-02,4.620389306000000432e-03
7.000000000000000000e+00,4.000000000000000000e+02,4.000000000000000222e-01,5.000000000000000000e-01,2.329939279000000155e-02,6.387874941000000126e-03
9.000000000000000000e+00,4.000000000000000000e+02,4.000000000000000222e-01,5.000000000000000000e-01,2.958655726000000014e-02,8.111821425000000432e-03
1.100000000000000000e+01,4.000000000000000000e+02,4.000000000000000222e-01,5.000000000000000000e-01,3.572038376000000182e-02,9.793819829999999768e-03
1.300000000000000000e+01,4.000000000000000000e+02,4.000000000000000222e-01,5.000000000000000000e-01,4.170641254000000131e-02,1.143538462000000082e-02
1.500000000000000000e+01,4.000000000000000000e+02,4.000000000000000222e-01,5.000000000000000000e-01,4.754992017000000265e-02,1.303795819000000064e-02
1.700000000000000000e+01,4.000000000000000000e+02,4.000000000000000222e-01,5.000000000000000000e-01,5.325593500999999813e-02,1.460291512000000055e-02
1.900000000000000000e+01,4.000000000000000000e+02,4.000000000000000222e-01,5.000000000000000000e-01,5.882925164000000345e-02,1.613156611999999948e-02
2.100000000000000000e+01,4.000000000000000000e+02,4.000000000000000222e-01,5.000000000000000000e-01,6.427444432999999957e-02,1.762516168000000105e-02
2.300000000000000000e+01,4.000000000000000000e+02,4.000000000000000222e-01,5.000000000000000000e-01,6.959587945999999581e-02,1.908489547999999911e-02
2.500000000000000000e+01,4.000000000000000000e+02,4.000000000000000222e-01,5.000000000000000000e-01,7.479772729000000453e-02,2.051190761999999862e-02
2.700000000000000000e+01,4.000000000000000000e+02,4.000000000000000222e-01,5.000000000000000000e-01,7.988397279999999434e-02,2.190728755999999874e-02
2.900000000000000000e+01,4.000000000000000000e+02,4.000000000000000222e-01,5.000000000000000000e-01,8.485842587000000381e-02,2.327207691000000161e-02
3.100000000000000000e+01,4.000000000000000000e+02,4.000000000000000222e-01,5.000000000000000000e-01,8.972473079999999934e-02,2.460727203999999932e-02
3.300000000000000000e+01,4.000000000000000000e+02,4.000000000000000222e-01,5.000000000000000000e-01,9.448637523000000260e-02,2.591382647000000164e-02
3.500000000000000000e+01,4.000000000000000000e+02,4.000000000000000222e-01,5.000000000000000000e-01,9.914669840999999761e-02,2.719265322999999887e-02
3.700000000000000000e+01,4.000000000000000000e+02,4.000000000000000222e-01,5.000000000000000000e-01,1.037088991000000016e-01,2.844462688000000058e-02
3.900000000000000000e+01,4.000000000000000000e+02,4.000000000000000222e-01,5.000000000000000000e-01,1.081760427000000024e-01,2.967058561999999858e-02
4.100000000000000000e+01,4.000000000000000000e+02,4.000000000000000222e-01,5.000000000000000000e-01,1.125510683999999956e-01,3.087133308000000048e-02
4.300000000000000000e+01,4.000000000000000000e+02,4.000000000000000222e-01,5.000000000000000000e-01,1.168367953999999986e-01,3.204764011999999829e-02
4.500000000000000000e+01,4.000000000000000000e+02,4.000000000000000222e-01,5.000000000000000000e-01,1.210359290000000004e-01,3.320024650000000244e-02
4.700000000000000000e+01,4.000000000000000000e+02,4.000000000000000222e-01,5.000000000000000000e-01,1.251510664000000106e-01,3.432986239000000023e-02
4.900000000000000000e+01,4.000000000000000000e+02,4.000000000000000222e-01,5.000000000000000000e-01,1.291847020000000124e-01,3.543716985999999930e-02
5.100000000000000000e+01,4.000000000000000000e+02,4.000000000000000222e-01,5.000000000000000000e-01,1.331392322000000128e-01,3.652282427999999775e-02
5.300000000000000000e+01,4.000000000000000000e+02,4.000000000000000222e-01,5.000000000000000000e-01,1.370169605999999873e-01,3.758745555000000266e-02
5.500000000000000000e+01,4.000000000000000000e+02,4.000000000000000222e-01,5.000000000000000000e-01,1.408201021000000108e-01,3.863166939999999883e-02
5.700000000000000000e+01,4.000000000000000000e+02,4.000000000000000222e-01,5.000000000000000000e-01,1.445507873999999915e-01,3.965604846999999655e-02
5.900000000000000000e+01,4.000000000000000000e+02,4.000000000000000222e-01,5.000000000000000000e-01,1.482110667000000048e-01,4.066115346000000186e-02
6.100000000000000000e+01,4.000000000000000000e+02,4.000000000000000222e-01,5.000000000000000000e-01,1.518029134999999974e-01,4.164752409999999960e-02
6.300000000000000000e+01,4.000000000000000000e+02,4.000000000000000222e-01,5.000000000000000000e-01,1.553282283000000097e-01,4.261568017000000319e-02
6.500000000000000000e+01,4.000000000000000000e+02,4.000000000000000222e-01,5.000000000000000000e-01,1.587888420999999939e-01,4.356612237000000165e-02
6.700000000000000000e+01,4.000000000000000000e+02,4.000000000000000222e-01,5.000000000000000000e-01,1.621865190000000012e-01,4.449933323000000024e-02
6.900000000000000000e+01,4.000000000000000000e+02,4.000000000000000222e-01,5.000000000000000000e-01,1.655229596999999997e-01,4.541577788000000088e-02
7.100000000000000000e+01,4.000000000000000000e+02,4.000000000000000222e-01,5.000000000000000000e-01,1.687998041999999865e-01,4.631590488000000144e-02
7.300000000000000000e+01,4.000000000000000000e+02,4.000000000000000222e-01,5.000000000000000000e-01,1.720186344000000089e-01,4.720014689000000263e-02
7.500000000000000000e+01,4.000000000000000000e+02,4.000000000000000222e-01,5.000000000000000000e-01,1.751809767999999989e-01,4.806892144000000228e-02
7.700000000000000000e+01,4.000000000000000000e+02,4.000000000000000222e-01,5.000000000000000000e-01,1.782883047999999915e-01,4.892263152000000254e-02
7.900000000000000000e+01,4.000000000000000000e+02,4.000000000000000222e-01,5.000000000000000000e-01,1.813420407999999928e-01,4.976166625000000288e-02
8.100000000000000000e+01,4.000000000000000000e+02,4.000000000000000222e-01,5.000000000000000000e-01,1.843435589000000097e-01,5.058640144999999866e-02
8.300000000000000000e+01,4.000000000000000000e+02,4.000000000000000222e-01,5.000000000000000000e-01,1.872941864999999872e-01,5.139720019999999973e-02
8.500000000000000000e+01,4.000000000000000000e+02,4.000000000000000222e-01,5.000000000000000000e-01,1.901952061999999943e-01,5.219441342000000206e-02
8.700000000000000000e+01,4.000000000000000000e+02,4.000000000000000222e-01,5.000000000000000000e-01,1.930478583000000137e-01,5.297838031000000336e-02
8.900000000000000000e+01,4.000000000000000000e+02,4.000000000000000222e-01,5.000000000000000000e-01,1.958533416000000082e-01,5.374942887999999835e-02
9.100000000000000000e+01,4.000000000000000000e+02,4.000000000000000222e-01,5.000000000000000000e-01,1.986128159999999976e-01,5.450787638000000046e-02
9.300000000000000000e+01,4.000000000000000000e+02,4.000000000000000222e-01,5.000000000000000000e-01,2.013274033999999935e-01,5.525402977999999826e-02
9.500000000000000000e+01,4.000000000000000000e+02,4.000000000000000222e-01,5.000000000000000000e-01,2.039981898000000071e-01,5.598818611999999834e-02
9.700000000000000000e+01,4.000000000000000000e+02,4.000000000000000222e-01,5.000000000000000000e-01,2.066262262999999932e-01,5.671063297000000086e-02
9.900000000000000000e+01,4.000000000000000000e+02,4.000000000000000222e-01,5.000000000000000000e-01,2.092125306000000018e-01,5.742164877000000001e-02
1.000000000000000000e+01,4.000000000000000000e+02,4.000000000000000222e-01,5.000000000000000000e-01,3.267228511999999835e-02,8.957967743000000774e-03
3.000000000000000000e+01,4.000000000000000000e+02,4.000000000000000222e-01,5.000000000000000000e-01,8.730487530000000107e-02,2.394331317999999834e-02
5.000000000000000000e+01,4.000000000000000000e+02,4.000000000000000222e-01,5.000000000000000000e-01,1.311717091000000057e-01,3.598266374999999767e-02
7.000000000000000000e+01,4.000000000000000000e+02,4.000000000000000222e-01,5.000000000000000000e-01,1.671687313000000119e-01,4.586785368000000085e-02
9.000000000000000000e+01,4.000000000000000000e+02,4.000000000000000222e-01,5.000000000000000000e-01,1.972387589000000052e-01,5.413020833999999948e-02
1.100000000000000000e+02,4.000000000000000000e+02,4.000000000000000222e-01,5.000000000000000000e-01,2.227337829999999907e-01,6.113954471000000029e-02
1.300000000000000000e+02,4.000000000000000000e+02,4.000000000000000222e-01,5.000000000000000000e-01,2.446236866000000010e-01,6.716121139000000295e-02
1.500000000000000000e+02,4.000000000000000000e+02,4.000000000000000222e-01,5.000000000000000000e-01,2.636223241999999800e-01,7.239054839000000352e-02
1.700000000000000000e+02,4.000000000000000000e+02,4.000000000000000222e-01,5.000000000000000000e-01,2.802667705999999925e-01,7.697455006999999461e-02
1.900000000000000000e+02,4.000000000000000000e+02,4.000000000000000222e-01,5.000000000000000000e-01,2.949688510999999846e-01,8.102595248999999722e-02
2.100000000000000000e+02,4.000000000000000000e+02,4.000000000000000222e-01,5.000000000000000000e-01,3.080496395000000276e-01,8.463266576000000319e-02
2.300000000000000000e+02,4.000000000000000000e+02,4.000000000000000222e-01,5.000000000000000000e-01,3.197631498999999877e-01,8.786425244999999939e-02
2.500000000000000000e+02,4.000000000000000000e+02,4.000000000000000222e-01,5.000000000000000000e-01,3.303129744000000145e-01,9.077647769999999672e-02
2.700000000000000000e+02,4.000000000000000000e+02,4.000000000000000222e-01,5.000000000000000000e-01,3.398642018999999959e-01,9.341456912999999973e-02
2.900000000000000000e+02,4.000000000000000000e+02,4.000000000000000222e-01,5.000000000000000000e-01,3.485521088999999906e-01,9.581559415000000246e-02
3.100000000000000000e+02,4.000000000000000000e+02,4.000000000000000222e-01,5.000000000000000000e-01,3.564885978999999816e-01,9.801022130000000554e-02
3.300000000000000000e+02,4.000000000000000000e+02,4.000000000000000222e-01,5.000000000000000000e-01,3.637670364000000212e-01,1.000240443000000035e-01
3.500000000000000000e+02,4.000000000000000000e+02,4.000000000000000222e-01,5.000000000000000000e-01,3.704659413999999984e-01,1.018785901999999938e-01
3.700000000000000000e+02,4.000000000000000000e+02,4.000000000000000222e-01,5.000000000000000000e-01,3.766518192000000154e-01,1.035920966000000026e-01
3.900000000000000000e+02,4.000000000000000000e+02,4.000000000000000222e-01,5.000000000000000000e-01,3.823813769000000140e-01,1.051801170000000035e-01
4.100000000000000000e+02,4.000000000000000000e+02,4.000000000000000222e-01,5.000000000000000000e-01,3.877032630000000202e-01,1.066559970000000024e-01
4.300000000000000000e+02,4.000000000000000000e+02,4.000000000000000222e-01,5.000000000000000000e-01,3.926594496999999961e-01,1.080312531999999964e-01
4.500000000000000000e+02,4.000000000000000000e+02,4.000000000000000222e-01,5.000000000000000000e-01,3.972863400000000156e-01,1.093158756999999953e-01
4.700000000000000000e+02,4.000000000000000000e+02,4.000000000000000222e-01,5.000000000000000000e-01,4.016156618999999761e-01,1.105185736000000030e-01
4.900000000000000000e+02,4.000000000000000000e+02,4.000000000000000222e-01,5.000000000000000000e-01,4.056751950999999967e-01,1.116469736000000046e-01
5.100000000000000000e+02,4.000000000000000000e+02,4.000000000000000222e-01,5.000000000000000000e-01,4.094893668999999847e-01,1.127077831000000002e-01
5.300000000000000000e+02,4.000000000000000000e+02,4.000000000000000222e-01,5.000000000000000000e-01,4.130797426999999744e-01,1.137069252000000030e-01
5.500000000000000000e+02,4.000000000000000000e+02,4.000000000000000222e-01,5.000000000000000000e-01,4.164654335999999901e-01,1.146496495000000060e-01
5.700000000000000000e+02,4.000000000000000000e+02,4.000000000000000222e-01,5.000000000000000000e-01,4.196634354000000067e-01,1.155406258999999991e-01
5.900000000000000000e+02,4.000000000000000000e+02,4.000000000000000222e-01,5.000000000000000000e-01,4.226889134999999853e-01,1.163840217000000066e-01
6.100000000000000000e+02,4.000000000000000000e+02,4.000000000000000222e-01,5.000000000000000000e-01,4.255554430999999860e-01,1.171835683999999933e-01
6.300000000000000000e+02,4.000000000000000000e+02,4.000000000000000222e-01,5.000000000000000000e-01,4.282752117999999997e-01,1.179426162999999972e-01
6.500000000000000000e+02,4.000000000000000000e+02,4.000000000000000222e-01,5.000000000000000000e-01,4.308591928000000126e-01,1.186641826999999955e-01
6.700000000000000000e+02,4.000000000000000000e+02,4.000000000000000222e-01,5.000000000000000000e-01,4.333172921999999816e-01,1.193509920999999974e-01
6.900000000000000000e+02,4.000000000000000000e+02,4.000000000000000222e-01,5.000000000000000000e-01,4.356584761000000250e-01,1.200055106000000038e-01
7.100000000000000000e+02,4.000000000000000000e+02,4.000000000000000222e-01,5.000000000000000000e-01,4.378908786999999858e-01,1.206299762999999969e-01
7.300000000000000000e+02,4.000000000000000000e+02,4.000000000000000222e-01,5.000000000000000000e-01,4.400218974999999810e-01,1.212264245999999934e-01
7.500000000000000000e+02,4.000000000000000000e+02,4.000000000000000222e-01,5.000000000000000000e-01,4.420582739999999733e-01,1.217967112000000046e-01
7.700000000000000000e+02,4.000000000000000000e+02,4.000000000000000222e-01,5.000000000000000000e-01,4.440061654999999941e-01,1.223425310000000044e-01
7.900000000000000000e+02,4.000000000000000000e+02,4.000000000000000222e-01,5.000000000000000000e-01,4.458712066000000140e-01,1.228654353000000060e-01
8.100000000000000000e+02,4.000000000000000000e+02,4.000000000000000222e-01,5.000000000000000000e-01,4.476585636000000035e-01,1.233668470000000017e-01
8.300000000000000000e+02,4.000000000000000000e+02,4.000000000000000222e-01,5.000000000000000000e-01,4.493729823000000012e-01,1.238480733000000000e-01
8.500000000000000000e+02,4.000000000000000000e+02,4.000000000000000222e-01,5.000000000000000000e-01,4.510188298999999734e-01,1.243103172000000062e-01
8.700000000000000000e+02,4.000000000000000000e+02,4.000000000000000222e-01,5.000000000000000000e-01,4.526001316000000108e-01,1.247546878999999942e-01
8.900000000000000000e+02,4.000000000000000000e+02,4.000000000000000222e-01,5.000000000000000000e-01,4.541206041999999998e-01,1.251822097999999994e-01
9.100000000000000000e+02,4.000000000000000000e+02,4.000000000000000222e-01,5.000000000000000000e-01,4.555836843000000136e-01,1.255938300999999979e-01
9.300000000000000000e+02,4.000000000000000000e+02,4.000000000000000222e-01,5.000000000000000000e-01,4.569925545999999894e-01,1.259904263999999940e-01
9.500000000000000000e+02,4.000000000000000000e+02,4.000000000000000222e-01,5.000000000000000000e-01,4.583501670999999833e-01,1.263728127000000034e-01
9.700000000000000000e+02,4.000000000000000000e+02,4.000000000000000222e-01,5.000000000000000000e-01,4.596592629999999846e-01,1.267417450999999973e-01
9.900000000000000000e+02,4.000000000000000000e+02,4.000000000000000222e-01,5.000000000000000000e-01,4.609223919000000058e-01,1.270979268999999912e-01
1.000000000000000000e+02,4.000000000000000000e+02,4.000000000000000222e-01,5.000000000000000000e-01,2.104903424000000023e-01,5.777295463999999880e-02
3.000000000000000000e+02,4.000000000000000000e+02,4.000000000000000222e-01,5.000000000000000000e-01,3.526080587000000044e-01,9.693700202999999682e-02
5.000000000000000000e+02,4.000000000000000000e+02,4.000000000000000222e-01,5.000000000000000000e-01,4.076115413999999992e-01,1.121854399999999974e-01
7.000000000000000000e+02,4.000000000000000000e+02,4.000000000000000222e-01,5.000000000000000000e-01,4.367877963999999835e-01,1.203213682999999951e-01
9.000000000000000000e+02,4.000000000000000000e+02,4.000000000000000222e-01,5.000000000000000000e-01,4.548591136999999840e-01,1.253899511999999883e-01
1.100000000000000000e+03,4.000000000000000000e+02,4.000000000000000222e-01,5.000000000000000000e-01,4.671464046000000092e-01,1.288561833999999906e-01
1.300000000000000000e+03,4.000000000000000000e+02,4.000000000000000222e-01,5.000000000000000000e-01,4.760401176999999873e-01,1.313795390999999979e-01
1.500000000000000000e+03,4.000000000000000000e+02,4.000000000000000222e-01,5.000000000000000000e-01,4.827733370000000246e-01,1.333008725000000005e-01
1.700000000000000000e+03,4.000000000000000000e+02,4.000000000000000222e-01,5.000000000000000000e-01,4.880465138999999786e-01,1.348141850000000030e-01
1.900000000000000000e+03,4.000000000000000000e+02,4.000000000000000222e-01,5.000000000000000000e-01,4.922869844000000161e-01,1.360380646999999887e-01
2.100000000000000000e+03,4.000000000000000000e+02,4.000000000000000222e-01,5.000000000000000000e-01,4.957702350000000036e-01,1.370491094000000076e-01
2.300000000000000000e+03,4.000000000000000000e+02,4.000000000000000222e-01,5.000000000000000000e-01,4.986818331000000271e-01,1.378990153000000107e-01
2.500000000000000000e+03,4.000000000000000000e+02,4.000000000000000222e-01,5.000000000000000000e-01,5.011513365999999969e-01,1.386239445999999931e-01
2.700000000000000000e+03,4.000000000000000000e+02,4.000000000000000222e-01,5.000000000000000000e-01,5.032719367000000332e-01,1.392499590999999870e-01
2.900000000000000000e+03,4.000000000000000000e+02,4.000000000000000222e-01,5.000000000000000000e-01,5.051123770000000013e-01,1.397963208000000124e-01
3.100000000000000000e+03,4.000000000000000000e+02,4.000000000000000222e-01,5.000000000000000000e-01,5.067244736999999555e-01,1.402775762000000037e-01
3.300000000000000000e+03,4.000000000000000000e+02,4.000000000000000222e-01,5.000000000000000000e-01,5.081480220999999853e-01,1.407049186999999868e-01
3.500000000000000000e+03,4.000000000000000000e+02,4.000000000000000222e-01,5.000000000000000000e-01,5.094140893999999919e-01,1.410871033999999968e-01
3.700000000000000000e+03,4.000000000000000000e+02,4.000000000000000222e-01,5.000000000000000000e-01,5.105472820999999994e-01,1.414310782000000044e-01
3.900000000000000000e+03,4.000000000000000000e+02,4.000000000000000222e-01,5.000000000000000000e-01,5.115673418999999722e-01,1.417424275999999983e-01
4.100000000000000000e+03,4.000000000000000000e+02,4.000000000000000222e-01,5.000000000000000000e-01,5.124902900000000150e-01,1.420256926000000031e-01
4.300000000000000000e+03,4.000000000000000000e+02,4.000000000000000222e-01,5.000000000000000000e-01,5.133292641000000156e-01,1.422846039000000007e-01
4.500000000000000000e+03,4.000000000000000000e+02,4.000000000000000222e-01,5.000000000000000000e-01,5.140951387000000095e-01,1.425222555000000002e-01
4.700000000000000000e+03,4.000000000000000000e+02,4.000000000000000222e-01,5.000000000000000000e-01,5.147969916000000312e-01,1.427412349000000136e-01
4.900000000000000000e+03,4.000000000000000000e+02,4.000000000000000222e-01,5.000000000000000000e-01,5.154424604999999771e-01,1.429437235000000084e-01
5.100000000000000000e+03,4.000000000000000000e+02,4.000000000000000222e-01,5.000000000000000000e-01,5.160380170999999683e-01,1.431315730999999924e-01
5.300000000000000000e+03,4.000000000000000000e+02,4.000000000000000222e-01,5.000000000000000000e-01,5.165891812999999777e-01,1.433063659999999906e-01
5.500000000000000000e+03,4.000000000000000000e+02,4.000000000000000222e-01,5.000000000000000000e-01,5.171006899000000212e-01,1.434694626999999945e-01
5.700000000000000000e+03,4.000000000000000000e+02,4.000000000000000222e-01,5.000000000000000000e-01,5.175766307000000399e-01,1.436220397000000093e-01
5.900000000000000000e+03,4.000000000000000000e+02,4.000000000000000222e-01,5.000000000000000000e-01,5.180205493999999744e-01,1.437651191000000050e-01
6.100000000000000000e+03,4.000000000000000000e+02,4.000000000000000222e-01,5.000000000000000000e-01,5.184355372000000184e-01,1.438995936999999947e-01
6.300000000000000000e+03,4.000000000000000000e+02,4.000000000000000222e-01,5.000000000000000000e-01,5.188243006999999629e-01,1.440262469999999961e-01
6.500000000000000000e+03,4.000000000000000000e+02,4.000000000000000222e-01,5.000000000000000000e-01,5.191892198999999986e-01,1.441457690000000069e-01
6.700000000000000000e+03,4.000000000000000000e+02,4.000000000000000222e-01,5.000000000000000000e-01,5.195323965000000488e-01,1.442587700999999889e-01
6.900000000000000000e+03,4.000000000000000000e+02,4.000000000000000222e-01,5.000000000000000000e-01,5.198556926999999828e-01,1.443657922999999899e-01
7.100000000000000000e+03,4.000000000000000000e+02,4.000000000000000222e-01,5.000000000000000000e-01,5.201607646000000473e-01,1.444673186000000054e-01
7.300000000000000000e+03,4.000000000000000000e+02,4.000000000000000222e-01,5.000000000000000000e-01,5.204490900999999559e-01,1.445637805999999970e-01
7.500000000000000000e+03,4.000000000000000000e+02,4.000000000000000222e-01,5.000000000000000000e-01,5.207219920000000224e-01,1.446555653999999913e-01
7.700000000000000000e+03,4.000000000000000000e+02,4.000000000000000222e-01,5.000000000000000000e-01,5.209806578000000243e-01,1.447430214000000048e-01
7.900000000000000000e+03,4.000000000000000000e+02,4.000000000000000222e-01,5.000000000000000000e-01,5.212261565000000374e-01,1.448264625000000028e-01
8.100000000000000000e+03,4.000000000000000000e+02,4.000000000000000222e-01,5.000000000000000000e-01,5.214594531999999782e-01,1.449061727000000022e-01
8.300000000000000000e+03,4.000000000000000000e+02,4.000000000000000222e-01,5.000000000000000000e-01,5.216814212999999478e-01,1.449824096000000007e-01
8.500000000000000000e+03,4.000000000000000000e+02,4.000000000000000222e-01,5.000000000000000000e-01,5.218928530999999982e-01,1.450554072999999944e-01
8.700000000000000000e+03,4.000000000000000000e+02,4.000000000000000222e-01,5.000000000000000000e-01,5.220944687999999889e-01,1.451253788999999905e-01
8.900000000000000000e+03,4.000000000000000000e+02,4.000000000000000222e-01,5.000000000000000000e-01,5.222869249999999575e-01,1.451925191000000004e-01
9.100000000000000000e+03,4.000000000000000000e+02,4.000000000000000222e-01,5.000000000000000000e-01,5.224708210999999825e-01,1.452570059999999941e-01
9.300000000000000000e+03,4.000000000000000000e+02,4.000000000000000222e-01,5.000000000000000000e-01,5.226467056000000388e-01,1.453190028000000134e-01
9.500000000000000000e+03,4.000000000000000000e+02,4.000000000000000222e-01,5.000000000000000000e-01,5.228150811999999759e-01,1.453786593999999988e-01
9.700000000000000000e+03,4.000000000000000000e+02,4.000000000000000222e-01,5.000000000000000000e-01,5.229764098000000416e-01,1.454361137000000082e-01
9.900000000000000000e+03,4.000000000000000000e+02,4.000000000000000222e-01,5.000000000000000000e-01,5.231311160999999599e-01,1.454914929999999995e-01
1.000000000000000000e+03,4.000000000000000000e+02,4.000000000000000222e-01,5.000000000000000000e-01,4.615374669999999790e-01,1.272714427999999953e-01
3.000000000000000000e+03,4.000000000000000000e+02,4.000000000000000222e-01,5.000000000000000000e-01,5.059442441000000512e-01,1.400443209999999994e-01
5.000000000000000000e+03,4.000000000000000000e+02,4.000000000000000222e-01,5.000000000000000000e-01,5.157461127000000367e-01,1.430393735999999916e-01
7.000000000000000000e+03,4.000000000000000000e+02,4.000000000000000222e-01,5.000000000000000000e-01,5.200104103999999561e-01,1.444172143000000130e-01
9.000000000000000000e+03,4.000000000000000000e+02,4.000000000000000222e-01,5.000000000000000000e-01,5.223799076999999791e-01,1.452250837000000072e-01
1.100000000000000000e+04,4.000000000000000000e+02,4.000000000000000222e-01,5.000000000000000000e-01,5.238797075000000136e-01,1.457638166999999929e-01
1.300000000000000000e+04,4.000000000000000000e+02,4.000000000000000222e-01,5.000000000000000000e-01,5.249096354000000186e-01,1.461530699999999960e-01
1.500000000000000000e+04,4.000000000000000000e+02,4.000000000000000222e-01,5.000000000000000000e-01,5.256576026000000512e-01,1.464501611000000036e-01
1.700000000000000000e+04,4.000000000000000000e+02,4.000000000000000222e-01,5.000000000000000000e-01,5.262234424999999716e-01,1.466861154999999917e-01
1.900000000000000000e+04,4.000000000000000000e+02,4.000000000000000222e-01,5.000000000000000000e-01,5.266650360000000308e-01,1.468792543999999922e-01
2.100000000000000000e+04,4.000000000000000000e+02,4.000000000000000222e-01,5.000000000000000000e-01,5.270182165000000252e-01,1.470411282000000097e-01
2.300000000000000000e+04,4.000000000000000000e+02,4.000000000000000222e-01,5.000000000000000000e-01,5.273063336000000101e-01,1.471793989999999885e-01
2.500000000000000000e+04,4.000000000000000000e+02,4.000000000000000222e-01,5.000000000000000000e-01,5.275452404999999567e-01,1.472993623999999946e-01
2.700000000000000000e+04,4.000000000000000000e+02,4.000000000000000222e-01,5.000000000000000000e-01,5.277460707000000140e-01,1.474048031000000092e-01
2.900000000000000000e+04,4.000000000000000000e+02,4.000000000000000222e-01,5.000000000000000000e-01,5.279168667000000426e-01,1.474985031000000113e-01
3.100000000000000000e+04,4.000000000000000000e+02,4.000000000000000222e-01,5.000000000000000000e-01,5.280635793000000300e-01,1.475825564999999895e-01
3.300000000000000000e+04,4.000000000000000000e+02,4.000000000000000222e-01,5.000000000000000000e-01,5.281907031000000474e-01,1.476585723000000128e-01
3.500000000000000000e+04,4.000000000000000000e+02,4.000000000000000222e-01,5.000000000000000000e-01,5.283016945999999825e-01,1.477278089999999877e-01
3.700000000000000000e+04,4.000000000000000000e+02,4.000000000000000222e-01,5.000000000000000000e-01,5.283992537999999684e-01,1.477912661999999933e-01
3.900000000000000000e+04,4.000000000000000000e+02,4.000000000000000222e-01,5.000000000000000000e-01,5.284855190999999675e-01,1.478497491999999913e-01
4.100000000000000000e+04,4.000000000000000000e+02,4.000000000000000222e-01,5.000000000000000000e-01,5.285622057000000096e-01,1.479039141999999862e-01
4.300000000000000000e+04,4.000000000000000000e+02,4.000000000000000222e-01,5.000000000000000000e-01,5.286307044000000399e-01,1.479543024999999956e-01
4.500000000000000000e+04,4.000000000000000000e+02,4.000000000000000222e-01,5.000000000000000000e-01,5.286921543000000501e-01,1.480013645000000100e-01
4.700000000000000000e+04,4.000000000000000000e+02,4.000000000000000222e-01,5.000000000000000000e-01,5.287474969000000025e-01,1.480454787000000105e-01
4.900000000000000000e+04,4.000000000000000000e+02,4.000000000000000222e-01,5.000000000000000000e-01,5.287975168999999864e-01,1.480869656000000090e-01
5.100000000000000000e+04,4.000000000000000000e+02,4.000000000000000222e-01,5.000000000000000000e-01,5.288428733000000159e-01,1.481260984999999974e-01
5.300000000000000000e+04,4.000000000000000000e+02,4.000000000000000222e-01,5.000000000000000000e-01,5.288841230999999921e-01,1.481631123999999911e-01
5.500000000000000000e+04,4.000000000000000000e+02,4.000000000000000222e-01,5.000000000000000000e-01,5.289217403999999512e-01,1.481982104000000022e-01
5.700000000000000000e+04,4.000000000000000000e+02,4.000000000000000222e-01,5.000000000000000000e-01,5.289561310000000516e-01,1.482315688999999992e-01
5.900000000000000000e+04,4.000000000000000000e+02,4.000000000000000222e-01,5.000000000000000000e-01,5.289876441999999956e-01,1.482633423999999978e-01
6.100000000000000000e+04,4.000000000000000000e+02,4.000000000000000222e-01,5.000000000000000000e-01,5.290165822000000295e-01,1.482936663999999960e-01
6.300000000000000000e+04,4.000000000000000000e+02,4.000000000000000222e-01,5.000000000000000000e-01,5.290432075000000012e-01,1.483226605000000087e-01
6.500000000000000000e+04,4.000000000000000000e+02,4.000000000000000222e-01,5.000000000000000000e-01,5.290677495000000174e-01,1.483504310000000048e-01
6.700000000000000000e+04,4.000000000000000000e+02,4.000000000000000222e-01,5.000000000000000000e-01,5.290904091000000475e-01,1.483770721999999875e-01
6.900000000000000000e+04,4.000000000000000000e+02,4.000000000000000222e-01,5.000000000000000000e-01,5.291113632999999705e-01,1.484026685000000012e-01
7.100000000000000000e+04,4.000000000000000000e+02,4.000000000000000222e-01,5.000000000000000000e-01,5.291307681000000374e-01,1.484272953999999922e-01
7.300000000000000000e+04,4.000000000000000000e+02,4.000000000000000222e-01,5.000000000000000000e-01,5.291487621999999558e-01,1.484510212000000051e-01
7.500000000000000000e+04,4.000000000000000000e+02,4.000000000000000222e-01,5.000000000000000000e-01,5.291654685000000136e-01,1.484739070999999966e-01
7.700000000000000000e+04,4.000000000000000000e+02,4.000000000000000222e-01,5.000000000000000000e-01,5.291809969999999863e-01,1.484960087999999956e-01
7.900000000000000000e+04,4.000000000000000000e+02,4.000000000000000222e-01,5.000000000000000000e-01,5.291954459000000055e-01,1.485173767999999894e-01
8.100000000000000000e+04,4.000000000000000000e+02,4.000000000000000222e-01,5.000000000000000000e-01,5.292089032000000248e-01,1.485380568999999928e-01
8.300000000000000000e+04,4.000000000000000000e+02,4.000000000000000222e-01,5.000000000000000000e-01,5.292214482000000553e-01,1.485580911999999920e-01
8.500000000000000000e+04,4.000000000000000000e+02,4.000000000000000222e-01,5.000000000000000000e-01,5.292331523000000093e-01,1.485775178000000030e-01
8.700000000000000000e+04,4.000000000000000000e+02,4.000000000000000222e-01,5.000000000000000000e-01,5.292440801000000139e-01,1.485963721000000126e-01
8.900000000000000000e+04,4.000000000000000000e+02,4.000000000000000222e-01,5.000000000000000000e-01,5.292542899000000078e-01,1.486146862000000124e-01
9.100000000000000000e+04,4.000000000000000000e+02,4.000000000000000222e-01,5.000000000000000000e-01,5.292638348999999520e-01,1.486324898999999977e-01
9.300000000000000000e+04,4.000000000000000000e+02,4.000000000000000222e-01,5.000000000000000000e-01,5.292727632999999487e-01,1.486498105999999875e-01
9.500000000000000000e+04,4.000000000000000000e+02,4.000000000000000222e-01,5.000000000000000000e-01,5.292811190999999749e-01,1.486666738000000099e-01
9.700000000000000000e+04,4.000000000000000000e+02,4.000000000000000222e-01,5.000000000000000000e-01,5.292889423000000093e-01,1.486831027000000138e-01
9.900000000000000000e+04,4.000000000000000000e+02,4.000000000000000222e-01,5.000000000000000000e-01,5.292962696999999883e-01,1.486991193999999961e-01
1.000000000000000000e+04,4.000000000000000000e+02,4.000000000000000222e-01,5.000000000000000000e-01,5.232061096000000244e-01,1.455184415000000120e-01
3.000000000000000000e+04,4.000000000000000000e+02,4.000000000000000222e-01,5.000000000000000000e-01,5.279929240999999829e-01,1.475416254999999954e-01
5.000000000000000000e+04,4.000000000000000000e+02,4.000000000000000222e-01,5.000000000000000000e-01,5.288207410999999913e-01,1.481068107999999883e-01
7.000000000000000000e+04,4.000000000000000000e+02,4.000000000000000222e-01,5.000000000000000000e-01,5.291212503000000122e-01,1.484150986999999977e-01
9.000000000000000000e+04,4.000000000000000000e+02,4.000000000000000222e-01,5.000000000000000000e-01,5.292591424000000488e-01,1.486236501000000043e-01
1.100000000000000000e+05,4.000000000000000000e+02,4.000000000000000222e-01,5.000000000000000000e-01,5.293290801000000156e-01,1.487806771000000083e-01
1.300000000000000000e+05,4.000000000000000000e+02,4.000000000000000222e-01,5.000000000000000000e-01,5.293656316000000528e-01,1.489066756000000102e-01
1.500000000000000000e+05,4.000000000000000000e+02,4.000000000000000222e-01,5.000000000000000000e-01,5.293840723999999609e-01,1.490121007000000108e-01
1.700000000000000000e+05,4.000000000000000000e+02,4.000000000000000222e-01,5.000000000000000000e-01,5.293920368000000209e-01,1.491029531999999991e-01
1.900000000000000000e+05,4.000000000000000000e+02,4.000000000000000222e-01,5.000000000000000000e-01,5.293936827999999872e-01,1.491829748000000067e-01
2.100000000000000000e+05,4.000000000000000000e+02,4.000000000000000222e-01,5.000000000000000000e-01,5.293914226999999473e-01,1.492546466000000127e-01
2.300000000000000000e+05,4.000000000000000000e+02,4.000000000000000222e-01,5.000000000000000000e-01,5.293867239999999752e-01,1.493196941000000111e-01
2.500000000000000000e+05,4.000000000000000000e+02,4.000000000000000222e-01,5.000000000000000000e-01,5.293805126999999722e-01,1.493793630999999955e-01
2.700000000000000000e+05,4.000000000000000000e+02,4.000000000000000222e-01,5.000000000000000000e-01,5.293733901999999603e-01,1.494345814999999966e-01
2.900000000000000000e+05,4.000000000000000000e+02,4.000000000000000222e-01,5.000000000000000000e-01,5.293657552999999627e-01,1.494860583000000021e-01
3.100000000000000000e+05,4.000000000000000000e+02,4.000000000000000222e-01,5.000000000000000000e-01,5.293578768000000156e-01,1.495343466999999871e-01
3.300000000000000000e+05,4.000000000000000000e+02,4.000000000000000222e-01,5.000000000000000000e-01,5.293499376000000423e-01,1.495798865999999894e-01
3.500000000000000000e+05,4.000000000000000000e+02,4.000000000000000222e-01,5.000000000000000000e-01,5.293420632999999986e-01,1.496230335000000022e-01
3.700000000000000000e+05,4.000000000000000000e+02,4.000000000000000222e-01,5.000000000000000000e-01,5.293343394999999729e-01,1.496640783000000030e-01
3.900000000000000000e+05,4.000000000000000000e+02,4.000000000000000222e-01,5.000000000000000000e-01,5.293268247000000315e-01,1.497032624000000089e-01
4.100000000000000000e+05,4.000000000000000000e+02,4.000000000000000222e-01,5.000000000000000000e-01,5.293195578999999595e-01,1.497407880000000135e-01
4.300000000000000000e+05,4.000000000000000000e+02,4.000000000000000222e-01,5.000000000000000000e-01,5.293125643999999630e-01,1.497768261999999906e-01
4.500000000000000000e+05,4.000000000000000000e+02,4.000000000000000222e-01,5.000000000000000000e-01,5.293058595999999838e-01,1.498115230000000020e-01
4.700000000000000000e+05,4.000000000000000000e+02,4.000000000000000222e-01,5.000000000000000000e-01,5.292994519000000508e-01,1.498450041000000121e-01
4.900000000000000000e+05,4.000000000000000000e+02,4.000000000000000222e-01,5.000000000000000000e-01,5.292933447000000013e-01,1.498773784000000109e-01
5.100000000000000000e+05,4.000000000000000000e+02,4.000000000000000222e-01,5.000000000000000000e-01,5.292875377000000325e-01,1.499087406999999872e-01
5.300000000000000000e+05,4.000000000000000000e+02,4.000000000000000222e-01,5.000000000000000000e-01,5.292820281000000238e-01,1.499391741999999972e-01
5.500000000000000000e+05,4.000000000000000000e+02,4.000000000000000222e-01,5.000000000000000000e-01,5.292768110000000137e-01,1.499687524999999966e-01
5.700000000000000000e+05,4.000000000000000000e+02,4.000000000000000222e-01,5.000000000000000000e-01,5.292718803999999500e-01,1.499975406000000067e-01
5.900000000000000000e+05,4.000000000000000000e+02,4.000000000000000222e-01,5.000000000000000000e-01,5.292672296000000554e-01,1.500255963000000081e-01
6.100000000000000000e+05,4.000000000000000000e+02,4.000000000000000222e-01,5.000000000000000000e-01,5.292628510000000341e-01,1.500529714999999931e-01
6.300000000000000000e+05,4.000000000000000000e+02,4.000000000000000222e-01,5.000000000000000000e-01,5.292587368000000181e-01,1.500797127000000064e-01
6.500000000000000000e+05,4.000000000000000000e+02,4.000000000000000222e-01,5.000000000000000000e-01,5.292548792000000280e-01,1.501058617999999900e-01
6.700000000000000000e+05,4.000000000000000000e+02,4.000000000000000222e-01,5.000000000000000000e-01,5.292512701999999569e-01,1.501314566999999989e-01
6.900000000000000000e+05,4.000000000000000000e+02,4.000000000000000222e-01,5.000000000000000000e-01,5.292479019000000395e-01,1.501565317000000122e-01
7.100000000000000000e+05,4.000000000000000000e+02,4.000000000000000222e-01,5.000000000000000000e-01,5.292447663999999552e-01,1.501811181999999911e-01
7.300000000000000000e+05,4.000000000000000000e+02,4.000000000000000222e-01,5.000000000000000000e-01,5.292418561999999715e-01,1.502052446999999902e-01
7.500000000000000000e+05,4.000000000000000000e+02,4.000000000000000222e-01,5.000000000000000000e-01,5.292391638000000231e-01,1.502289373000000039e-01
7.700000000000000000e+05,4.000000000000000000e+02,4.000000000000000222e-01,5.000000000000000000e-01,5.292366819999999583e-01,1.502522199000000114e-01
7.900000000000000000e+05,4.000000000000000000e+02,4.000000000000000222e-01,5.000000000000000000e-01,5.292344037999999751e-01,1.502751146000000093e-01
8.100000000000000000e+05,4.000000000000000000e+02,4.000000000000000222e-01,5.000000000000000000e-01,5.292323224999999631e-01,1.502976417000000120e-01
8.300000000000000000e+05,4.000000000000000000e+02,4.000000000000000222e-01,5.000000000000000000e-01,5.292304316999999481e-01,1.503198198000000041e-01
8.500000000000000000e+05,4.000000000000000000e+02,4.000000000000000222e-01,5.000000000000000000e-01,5.292287249999999554e-01,1.503416664999999985e-01
8.700000000000000000e+05,4.000000000000000000e+02,4.000000000000000222e-01,5.000000000000000000e-01,5.292271965000000522e-01,1.503631977000000064e-01
8.900000000000000000e+05,4.000000000000000000e+02,4.000000000000000222e-01,5.000000000000000000e-01,5.292258404999999888e-01,1.503844283999999920e-01
9.100000000000000000e+05,4.000000000000000000e+02,4.000000000000000222e-01,5.000000000000000000e-01,5.292246512999999597e-01,1.504053726000000035e-01
9.300000000000000000e+05,4.000000000000000000e+02,4.000000000000000222e-01,5.000000000000000000e-01,5.292236236999999788e-01,1.504260430999999898e-01
9.500000000000000000e+05,4.000000000000000000e+02,4.000000000000000222e-01,5.000000000000000000e-01,5.292227525999999571e-01,1.504464520999999888e-01
9.700000000000000000e+05,4.000000000000000000e+02,4.000000000000000222e-01,5.000000000000000000e-01,5.292220332000000527e-01,1.504666108999999918e-01
9.900000000000000000e+05,4.000000000000000000e+02,4.000000000000000222e-01,5.000000000000000000e-01,5.292214606999999793e-01,1.504865300999999878e-01
1.000000000000000000e+05,4.000000000000000000e+02,4.000000000000000222e-01,5.000000000000000000e-01,5.292997580999999618e-01,1.487069793999999945e-01
3.000000000000000000e+05,4.000000000000000000e+02,4.000000000000000222e-01,5.000000000000000000e-01,5.293618333999999814e-01,1.495105713000000058e-01
5.000000000000000000e+05,4.000000000000000000e+02,4.000000000000000222e-01,5.000000000000000000e-01,5.292904038000000311e-01,1.498931806000000089e-01
7.000000000000000000e+05,4.000000000000000000e+02,4.000000000000000222e-01,5.000000000000000000e-01,5.292463054999999583e-01,1.501688841999999913e-01
9.000000000000000000e+05,4.000000000000000000e+02,4.000000000000000222e-01,5.000000000000000000e-01,5.292252254000000544e-01,1.503949354999999932e-01
1.100000000000000000e+06,4.000000000000000000e+02,4.000000000000000222e-01,5.000000000000000000e-01,5.292207465999999583e-01,1.505922181000000082e-01
1.300000000000000000e+06,4.000000000000000000e+02,4.000000000000000222e-01,5.000000000000000000e-01,5.292284690999999874e-01,1.507707063000000014e-01
1.500000000000000000e+06,4.000000000000000000e+02,4.000000000000000222e-01,5.000000000000000000e-01,5.292454543000000289e-01,1.509359439999999886e-01
1.700000000000000000e+06,4.000000000000000000e+02,4.000000000000000222e-01,5.000000000000000000e-01,5.292696826999999660e-01,1.510913322999999919e-01
1.900000000000000000e+06,4.000000000000000000e+02,4.000000000000000222e-01,5.000000000000000000e-01,5.292997182999999994e-01,1.512391083000000080e-01
2.100000000000000000e+06,4.000000000000000000e+02,4.000000000000000222e-01,5.000000000000000000e-01,5.293345072999999790e-01,1.513808224000000036e-01
2.300000000000000000e+06,4.000000000000000000e+02,4.000000000000000222e-01,5.000000000000000000e-01,5.293732556000000367e-01,1.515175931999999948e-01
2.500000000000000000e+06,4.000000000000000000e+02,4.000000000000000222e-01,5.000000000000000000e-01,5.294153504999999926e-01,1.516502543999999897e-01
2.700000000000000000e+06,4.000000000000000000e+02,4.000000000000000222e-01,5.000000000000000000e-01,5.294603095000000037e-01,1.517794440000000133e-01
2.900000000000000000e+06,4.000000000000000000e+02,4.000000000000000222e-01,5.000000000000000000e-01,5.295077467000000038e-01,1.519056611999999862e-01
3.100000000000000000e+06,4.000000000000000000e+02,4.000000000000000222e-01,5.000000000000000000e-01,5.295573479999999833e-01,1.520293037000000069e-01
3.300000000000000000e+06,4.000000000000000000e+02,4.000000000000000222e-01,5.000000000000000000e-01,5.296088548999999812e-01,1.521506937999999864e-01
3.500000000000000000e+06,4.000000000000000000e+02,4.000000000000000222e-01,5.000000000000000000e-01,5.296620520000000498e-01,1.522700962000000102e-01
3.700000000000000000e+06,4.000000000000000000e+02,4.000000000000000222e-01,5.000000000000000000e-01,5.297167578000000487e-01,1.523877308000000097e-01
3.900000000000000000e+06,4.000000000000000000e+02,4.000000000000000222e-01,5.000000000000000000e-01,5.297728183000000035e-01,1.525037825999999985e-01
4.100000000000000000e+06,4.000000000000000000e+02,4.000000000000000222e-01,5.000000000000000000e-01,5.298301012999999671e-01,1.526184083999999885e-01
4.300000000000000000e+06,4.000000000000000000e+02,4.000000000000000222e-01,5.000000000000000000e-01,5.298884928999999522e-01,1.527317424000000090e-01
4.500000000000000000e+06,4.000000000000000000e+02,4.000000000000000222e-01,5.000000000000000000e-01,5.299478938999999666e-01,1.528439004999999906e-01
4.700000000000000000e+06,4.000000000000000000e+02,4.000000000000000222e-01,5.000000000000000000e-01,5.300082176000000533e-01,1.529549830999999971e-01
4.900000000000000000e+06,4.000000000000000000e+02,4.000000000000000222e-01,5.000000000000000000e-01,5.300693879000000219e-01,1.530650781000000016e-01
5.100000000000000000e+06,4.000000000000000000e+02,4.000000000000000222e-01,5.000000000000000000e-01,5.301313371000000441e-01,1.531742627000000079e-01
5.300000000000000000e+06,4.000000000000000000e+02,4.000000000000000222e-01,5.000000000000000000e-01,5.301940055999999624e-01,1.532826053000000133e-01
5.500000000000000000e+06,4.000000000000000000e+02,4.000000000000000222e-01,5.000000000000000000e-01,5.302573396999999966e-01,1.533901662999999915e-01
5.700000000000000000e+06,4.000000000000000000e+02,4.000000000000000222e-01,5.000000000000000000e-01,5.303212914999999583e-01,1.534969998999999863e-01
5.900000000000000000e+06,4.000000000000000000e+02,4.000000000000000222e-01,5.000000000000000000e-01,5.303858179999999534e-01,1.536031545000000054e-01
6.100000000000000000e+06,4.000000000000000000e+02,4.000000000000000222e-01,5.000000000000000000e-01,5.304508800999999663e-01,1.537086736999999925e-01
6.300000000000000000e+06,4.000000000000000000e+02,4.000000000000000222e-01,5.000000000000000000e-01,5.305164426999999794e-01,1.538135968000000076e-01
6.500000000000000000e+06,4.000000000000000000e+02,4.000000000000000222e-01,5.000000000000000000e-01,5.305824737000000013e-01,1.539179595000000067e-01
6.700000000000000000e+06,4.000000000000000000e+02,4.000000000000000222e-01,5.000000000000000000e-01,5.306489438999999475e-01,1.540217939999999897e-01
6.900000000000000000e+06,4.000000000000000000e+02,4.000000000000000222e-01,5.000000000000000000e-01,5.307158265000000430e-01,1.541251298999999908e-01
7.100000000000000000e+06,4.000000000000000000e+02,4.000000000000000222e-01,5.000000000000000000e-01,5.307830971000000453e-01,1.542279941999999959e-01
7.300000000000000000e+06,4.000000000000000000e+02,4.000000000000000222e-01,5.000000000000000000e-01,5.308507332999999884e-01,1.543304114000000060e-01
7.500000000000000000e+06,4.000000000000000000e+02,4.000000000000000222e-01,5.000000000000000000e-01,5.309187142000000303e-01,1.544324044000000007e-01
7.700000000000000000e+06,4.000000000000000000e+02,4.000000000000000222e-01,5.000000000000000000e-01,5.309870209999999480e-01,1.545339940000000079e-01
7.900000000000000000e+06,4.000000000000000000e+02,4.000000000000000222e-01,5.000000000000000000e-01,5.310556357000000283e-01,1.546351994999999868e-01
8.100000000000000000e+06,4.000000000000000000e+02,4.000000000000000222e-01,5.000000000000000000e-01,5.311245422000000493e-01,1.547360385999999866e-01
8.300000000000000000e+06,4.000000000000000000e+02,4.000000000000000222e-01,5.000000000000000000e-01,5.311937251999999665e-01,1.548365280000000010e-01
8.500000000000000000e+06,4.000000000000000000e+02,4.000000000000000222e-01,5.000000000000000000e-01,5.312631705999999454e-01,1.549366828000000029e-01
8.700000000000000000e+06,4.000000000000000000e+02,4.000000000000000222e-01,5.000000000000000000e-01,5.313328652000000041e-01,1.550365174999999984e-01
8.900000000000000000e+06,4.000000000000000000e+02,4.000000000000000222e-01,5.000000000000000000e-01,5.314027967000000130e-01,1.551360451999999890e-01
9.100000000000000000e+06,4.000000000000000000e+02,4.000000000000000222e-01,5.000000000000000000e-01,5.314729537000000281e-01,1.552352784000000097e-01
9.300000000000000000e+06,4.000000000000000000e+02,4.000000000000000222e-01,5.000000000000000000e-01,5.315433255000000523e-01,1.553342286000000128e-01
9.500000000000000000e+06,4.000000000000000000e+02,4.000000000000000222e-01,5.000000000000000000e-01,5.316139018000000105e-01,1.554329067999999925e-01
9.700000000000000000e+06,4.000000000000000000e+02,4.000000000000000222e-01,5.000000000000000000e-01,5.316846734000000296e-01,1.555313228999999908e-01
9.900000000000000000e+06,4.000000000000000000e+02,4.000000000000000222e-01,5.000000000000000000e-01,5.317556313000000312e-01,1.556294866000000054e-01
1.000000000000000000e+06,4.000000000000000000e+02,4.000000000000000222e-01,5.000000000000000000e-01,5.292212281000000518e-01,1.504964028999999925e-01
3.000000000000000000e+06,4.000000000000000000e+02,4.000000000000000222e-01,5.000000000000000000e-01,5.295322941000000228e-01,1.519677825999999898e-01
5.000000000000000000e+06,4.000000000000000000e+02,4.000000000000000222e-01,5.000000000000000000e-01,5.301002689999999573e-01,1.531197797000000138e-01
7.000000000000000000e+06,4.000000000000000000e+02,4.000000000000000222e-01,5.000000000000000000e-01,5.307494147000000329e-01,1.541766193999999923e-01
9.000000000000000000e+06,4.000000000000000000e+02,4.000000000000000222e-01,5.000000000000000000e-01,5.314378477000000212e-01,1.551856979000000025e-01
1.100000000000000000e+07,4.000000000000000000e+02,4.000000000000000222e-01,5.000000000000000000e-01,5.321488801000000546e-01,1.561652505999999996e-01
1.300000000000000000e+07,4.000000000000000000e+02,4.000000000000000222e-01,5.000000000000000000e-01,5.328741569999999594e-01,1.571242529000000110e-01
1.500000000000000000e+07,4.000000000000000000e+02,4.000000000000000222e-01,5.000000000000000000e-01,5.336088964999999851e-01,1.580677954999999968e-01
1.700000000000000000e+07,4.000000000000000000e+02,4.000000000000000222e-01,5.000000000000000000e-01,5.343501059999999914e-01,1.589990487999999869e-01
1.900000000000000000e+07,4.000000000000000000e+02,4.000000000000000222e-01,5.000000000000000000e-01,5.350957902999999849e-01,1.599201239999999968e-01
2.100000000000000000e+07,4.000000000000000000e+02,4.000000000000000222e-01,5.000000000000000000e-01,5.358445531000000095e-01,1.608324996999999923e-01
2.300000000000000000e+07,4.000000000000000000e+02,4.000000000000000222e-01,5.000000000000000000e-01,5.365953808000000214e-01,1.617372532999999946e-01
2.500000000000000000e+07,4.000000000000000000e+02,4.000000000000000222e-01,5.000000000000000000e-01,5.373475147999999812e-01,1.626351953000000072e-01
2.700000000000000000e+07,4.000000000000000000e+02,4.000000000000000222e-01,5.000000000000000000e-01,5.381003737999999759e-01,1.635269517999999866e-01
2.900000000000000000e+07,4.000000000000000000e+02,4.000000000000000222e-01,5.000000000000000000e-01,5.388535026999999866e-01,1.644130171000000029e-01
3.100000000000000000e+07,4.000000000000000000e+02,4.000000000000000222e-01,5.000000000000000000e-01,5.396065398999999596e-01,1.652937892999999936e-01
3.300000000000000000e+07,4.000000000000000000e+02,4.000000000000000222e-01,5.000000000000000000e-01,5.403591933000000402e-01,1.661695941000000121e-01
3.500000000000000000e+07,4.000000000000000000e+02,4.000000000000000222e-01,5.000000000000000000e-01,5.411112241000000100e-01,1.670407019000000048e-01
3.700000000000000000e+07,4.000000000000000000e+02,4.000000000000000222e-01,5.000000000000000000e-01,5.418624353000000005e-01,1.679073403999999936e-01
3.900000000000000000e+07,4.000000000000000000e+02,4.000000000000000222e-01,5.000000000000000000e-01,5.426126625999999620e-01,1.687697031000000014e-01
4.100000000000000000e+07,4.000000000000000000e+02,4.000000000000000222e-01,5.000000000000000000e-01,5.433617681000000310e-01,1.696279564000000017e-01
4.300000000000000000e+07,4.000000000000000000e+02,4.000000000000000222e-01,5.000000000000000000e-01,5.441096349999999804e-01,1.704822448999999962e-01
4.500000000000000000e+07,4.000000000000000000e+02,4.000000000000000222e-01,5.000000000000000000e-01,5.448561640000000317e-01,1.713326950999999876e-01
4.700000000000000000e+07,4.000000000000000000e+02,4.000000000000000222e-01,5.000000000000000000e-01,5.456012703000000519e-01,1.721794184999999866e-01
4.900000000000000000e+07,4.000000000000000000e+02,4.000000000000000222e-01,5.000000000000000000e-01,5.463448806999999796e-01,1.730225143000000132e-01
5.100000000000000000e+07,4.000000000000000000e+02,4.000000000000000222e-01,5.000000000000000000e-01,5.470869324999999561e-01,1.738620714000000123e-01
5.300000000000000000e+07,4.000000000000000000e+02,4.000000000000000222e-01,5.000000000000000000e-01,5.478273712000000240e-01,1.746981696000000084e-01
5.500000000000000000e+07,4.000000000000000000e+02,4.000000000000000222e-01,5.000000000000000000e-01,5.485661496000000525e-01,1.755308814000000051e-01
5.700000000000000000e+07,4.000000000000000000e+02,4.000000000000000222e-01,5.000000000000000000e-01,5.493032267999999885e-01,1.763602726999999870e-01
5.900000000000000000e+07,4.000000000000000000e+02,4.000000000000000222e-01,5.000000000000000000e-01,5.500385669999999783e-01,1.771864038000000030e-01
6.100000000000000000e+07,4.000000000000000000e+02,4.000000000000000222e-01,5.000000000000000000e-01,5.507721393000000187e-01,1.780093302000000099e-01
6.300000000000000000e+07,4.000000000000000000e+02,4.000000000000000222e-01,5.000000000000000000e-01,5.515039165999999771e-01,1.788291032000000058e-01
6.500000000000000000e+07,4.000000000000000000e+02,4.000000000000000222e-01,5.000000000000000000e-01,5.522338754000000183e-01,1.796457701999999990e-01
6.700000000000000000e+07,4.000000000000000000e+02,4.000000000000000222e-01,5.000000000000000000e-01,5.529619953000000088e-01,1.804593755999999993e-01
6.900000000000000000e+07,4.000000000000000000e+02,4.000000000000000222e-01,5.000000000000000000e-01,5.536882584000000218e-01,1.812699606000000019e-01
7.100000000000000000e+07,4.000000000000000000e+02,4.000000000000000222e-01,5.000000000000000000e-01,5.544126494000000127e-01,1.820775641000000056e-01
7.300000000000000000e+07,4.000000000000000000e+02,4.000000000000000222e-01,5.000000000000000000e-01,5.551351552000000078e-01,1.828822226000000051e-01
7.500000000000000000e+07,4.000000000000000000e+02,4.000000000000000222e-01,5.000000000000000000e-01,5.558557642000000465e-01,1.836839704999999878e-01
7.700000000000000000e+07,4.000000000000000000e+02,4.000000000000000222e-01,5.000000000000000000e-01,5.565744669000000089e-01,1.844828403000000061e-01
7.900000000000000000e+07,4.000000000000000000e+02,4.000000000000000222e-01,5.000000000000000000e-01,5.572912548999999771e-01,1.852788629999999881e-01
8.100000000000000000e+07,4.000000000000000000e+02,4.000000000000000222e-01,5.000000000000000000e-01,5.580061215999999602e-01,1.860720678999999989e-01
8.300000000000000000e+07,4.000000000000000000e+02,4.000000000000000222e-01,5.000000000000000000e-01,5.587190612000000334e-01,1.868624832999999930e-01
8.500000000000000000e+07,4.000000000000000000e+02,4.000000000000000222e-01,5.000000000000000000e-01,5.594300692000000463e-01,1.876501356999999981e-01
8.700000000000000000e+07,4.000000000000000000e+02,4.000000000000000222e-01,5.000000000000000000e-01,5.601391420000000343e-01,1.884350509999999923e-01
8.900000000000000000e+07,4.000000000000000000e+02,4.000000000000000222e-01,5.000000000000000000e-01,5.608462768999999959e-01,1.892172537000000043e-01
9.100000000000000000e+07,4.000000000000000000e+02,4.000000000000000222e-01,5.000000000000000000e-01,5.615514719999999960e-01,1.899967674999999967e-01
9.300000000000000000e+07,4.000000000000000000e+02,4.000000000000000222e-01,5.000000000000000000e-01,5.622547262000000545e-01,1.907736154000000128e-01
9.500000000000000000e+07,4.000000000000000000e+02,4.000000000000000222e-01,5.000000000000000000e-01,5.629560389000000109e-01,1.915478190999999886e-01
9.700000000000000000e+07,4.000000000000000000e+02,4.000000000000000222e-01,5.000000000000000000e-01,5.636554102999999927e-01,1.923194001999999903e-01
9.900000000000000000e+07,4.000000000000000000e+02,4.000000000000000222e-01,5.000000000000000000e-01,5.643528410000000495e-01,1.930883790000000044e-01
1.000000000000000000e+07,4.000000000000000000e+02,4.000000000000000222e-01,5.000000000000000000e-01,5.317911775000000452e-01,1.556784767000000125e-01
3.000000000000000000e+07,4.000000000000000000e+02,4.000000000000000222e-01,5.000000000000000000e-01,5.392300525000000011e-01,1.648540430000000057e-01
5.000000000000000000e+07,4.000000000000000000e+02,4.000000000000000222e-01,5.000000000000000000e-01,5.467161050000000078e-01,1.734427299999999894e-01
7.000000000000000000e+07,4.000000000000000000e+02,4.000000000000000222e-01,5.000000000000000000e-01,5.540506887999999686e-01,1.816741326999999906e-01
9.000000000000000000e+07,4.000000000000000000e+02,4.000000000000000222e-01,5.000000000000000000e-01,5.611991170000000251e-01,1.896073453000000075e-01
1.000000000000000000e+08,4.000000000000000000e+02,4.000000000000000222e-01,5.000000000000000000e-01,5.647008288999999515e-01,1.934718988999999945e-01
