# pressure,temperature,f1,f2,molkg1,molkg2
1.000000000000000000e+00,4.000000000000000000e+02,0.000000000000000000e+00,9.000000000000000222e-01,2.832760341000000077e-04,1.790681695999999951e-03
3.000000000000000000e+00,4.000000000000000000e+02,0.000000000000000000e+00,9.000000000000000222e-01,8.446726115000000295e-04,5.339527709000000365e-03
5.000000000000000000e+00,4.000000000000000000e+02,0.000000000000000000e+00,9.000000000000000222e-01,1.399298695000000033e-03,8.845669498999999755e-03
7.000000000000000000e+00,4.000000000000000000e+02,0.000000000000000000e+00,9.000000000000000222e-01,1.947275874000000025e-03,1.230987342000000075e-02
9.000000000000000000e+00,4.000000000000000000e+02,0.000000000000000000e+00,9.000000000000000222e-01,2.488722847000000155e-03,1.573288759000000120e-02
1.100000000000000000e+01,4.000000000000000000e+02,0.000000000000000000e+00,9.000000000000000222e-01,3.023755504000000087e-03,1.911544244999999892e-02
1.300000000000000000e+01,4.000000000000000000e+02,0.000000000000000000e+00,9.000000000000000222e-01,3.552487008999999970e-03,2.245825124999999839e-02
1.500000000000000000e+01,4.000000000000000000e+02,0.000000000000000000e+00,9.000000000000000222e-01,4.075027880000000116e-03,2.576201059999999946e-02
1.700000000000000000e+01,4.000000000000000000e+02,0.000000000000000000e+00,9.000000000000000222e-01,4.591486068999999816e-03,2.902740089999999995e-02
1.900000000000000000e+01,4.000000000000000000e+02,0.000000000000000000e+00,9.000000000000000222e-01,5.101967029999999667e-03,3.225508685000000320e-02
2.100000000000000000e+01,4.000000000000000000e+02,0.000000000000000000e+00,9.000000000000000222e-01,5.606573796000000401e-03,3.544571787999999807e-02
2.300000000000000000e+01,4.000000000000000000e+02,0.000000000000000000e+00,9.000000000000000222e-01,6.105407046000000011e-03,3.859992856999999722e-02
2.500000000000000000e+01,4.000000000000000000e+02,0.000000000000000000e+00,9.000000000000000222e-01,6.598565173000000422e-03,4.171833912999999699e-02
2.700000000000000000e+01,4.000000000000000000e+02,0.000000000000000000e+00,9.000000000000000222e-01,7.086144344999999872e-03,4.480155572999999780e-02
2.900000000000000000e+01,4.000000000000000000e+02,0.000000000000000000e+00,9.000000000000000222e-01,7.568238572999999580e-03,4.785017094999999970e-02
3.100000000000000000e+01,4.000000000000000000e+02,0.000000000000000000e+00,9.000000000000000222e-01,8.044939766999999187e-03,5.086476412999999669e-02
3.300000000000000000e+01,4.000000000000000000e+02,0.000000000000000000e+00,9.000000000000000222e-01,8.516337795000000419e-03,5.384590177000000283e-02
3.500000000000000000e+01,4.000000000000000000e+02,0.000000000000000000e+00,9.000000000000000222e-01,8.982520540000000359e-03,5.679413784000000159e-02
3.700000000000000000e+01,4.000000000000000000e+02,0.000000000000000000e+00,9.000000000000000222e-01,9.443573957000000324e-03,5.971001414000000340e-02
3.900000000000000000e+01,4.000000000000000000e+02,0.000000000000000000e+00,9.000000000000000222e-01,9.899582121000000470e-03,6.259406066000000601e-02
4.100000000000000000e+01,4.000000000000000000e+02,0.000000000000000000e+00,9.000000000000000222e-01,1.035062728000000001e-02,6.544679586000000382e-02
4.300000000000000000e+01,4.000000000000000000e+02,0.000000000000000000e+00,9.000000000000000222e-01,1.079678989999999922e-02,6.826872702000000293e-02
4.500000000000000000e+01,4.000000000000000000e+02,0.000000000000000000e+00,9.000000000000000222e-01,1.123814872999999957e-02,7.106035050999999492e-02
4.700000000000000000e+01,4.000000000000000000e+02,0.000000000000000000e+00,9.000000000000000222e-01,1.167478083000000021e-02,7.382215207999999473e-02
4.900000000000000000e+01,4.000000000000000000e+02,0.000000000000000000e+00,9.000000000000000222e-01,1.210676161000000077e-02,7.655460715999999610e-02
5.100000000000000000e+01,4.000000000000000000e+02,0.000000000000000000e+00,9.000000000000000222e-01,1.253416488999999946e-02,7.925818114999999553e-02
5.300000000000000000e+01,4.000000000000000000e+02,0.000000000000000000e+00,9.000000000000000222e-01,1.295706295999999973e-02,8.193332963999999663e-02
5.500000000000000000e+01,4.000000000000000000e+02,0.000000000000000000e+00,9.000000000000000222e-01,1.337552655000000083e-02,8.458049867000000388e-02
5.700000000000000000e+01,4.000000000000000000e+02,0.000000000000000000e+00,9.000000000000000222e-01,1.378962497000000079e-02,8.720012504000000664e-02
5.900000000000000000e+01,4.000000000000000000e+02,0.000000000000000000e+00,9.000000000000000222e-01,1.419942605000000004e-02,8.979263646000000543e-02
6.100000000000000000e+01,4.000000000000000000e+02,0.000000000000000000e+00,9.000000000000000222e-01,1.460499625000000017e-02,9.235845186999999679e-02
6.300000000000000000e+01,4.000000000000000000e+02,0.000000000000000000e+00,9.000000000000000222e-01,1.500640064999999961e-02,9.489798157999999872e-02
6.500000000000000000e+01,4.000000000000000000e+02,0.000000000000000000e+00,9.000000000000000222e-01,1.540370301999999941e-02,9.741162756000000533e-02
6.700000000000000000e+01,4.000000000000000000e+02,0.000000000000000000e+00,9.000000000000000222e-01,1.579696582000000155e-02,9.989978364000000333e-02
6.900000000000000000e+01,4.000000000000000000e+02,0.000000000000000000e+00,9.000000000000000222e-01,1.618625024999999912e-02,1.023628357000000016e-01
7.100000000000000000e+01,4.000000000000000000e+02,0.000000000000000000e+00,9.000000000000000222e-01,1.657161629000000053e-02,1.048011617000000062e-01
7.300000000000000000e+01,4.000000000000000000e+02,0.000000000000000000e+00,9.000000000000000222e-01,1.695312271000000079e-02,1.072151323999999961e-01
7.500000000000000000e+01,4.000000000000000000e+02,0.000000000000000000e+00,9.000000000000000222e-01,1.733082711999999956e-02,1.096051110000000051e-01
7.700000000000000000e+01,4.000000000000000000e+02,0.000000000000000000e+00,9.000000000000000222e-01,1.770478600000000013e-02,1.119714532999999956e-01
7.900000000000000000e+01,4.000000000000000000e+02,0.000000000000000000e+00,9.000000000000000222e-01,1.807505468000000087e-02,1.143145084000000006e-01
8.100000000000000000e+01,4.000000000000000000e+02,0.000000000000000000e+00,9.000000000000000222e-01,1.844168743999999999e-02,1.166346184999999952e-01
8.300000000000000000e+01,4.000000000000000000e+02,0.000000000000000000e+00,9.000000000000000222e-01,1.880473749000000083e-02,1.189321190000000028e-01
8.500000000000000000e+01,4.000000000000000000e+02,0.000000000000000000e+00,9.000000000000000222e-01,1.916425701000000134e-02,1.212073389000000029e-01
8.700000000000000000e+01,4.000000000000000000e+02,0.000000000000000000e+00,9.000000000000000222e-01,1.952029715999999832e-02,1.234606008999999949e-01
8.900000000000000000e+01,4.000000000000000000e+02,0.000000000000000000e+00,9.000000000000000222e-01,1.987290813999999933e-02,1.256922212999999899e-01
9.100000000000000000e+01,4.000000000000000000e+02,0.000000000000000000e+00,9.000000000000000222e-01,2.022213915999999945e-02,1.279025105999999912e-01
9.300000000000000000e+01,4.000000000000000000e+02,0.000000000000000000e+00,9.000000000000000222e-01,2.056803852999999904e-02,1.300917732000000104e-01
9.500000000000000000e+01,4.000000000000000000e+02,0.000000000000000000e+00,9.000000000000000222e-01,2.091065359999999887e-02,1.322603078000000043e-01
9.700000000000000000e+01,4.000000000000000000e+02,0.000000000000000000e+00,9.000000000000000222e-01,2.125003086000000138e-02,1.344084074999999934e-01
9.900000000000000000e+01,4.000000000000000000e+02,0.000000000000000000e+00,9.000000000000000222e-01,2.158621591999999867e-02,1.365363598999999872e-01
1.000000000000000000e+01,4.000000000000000000e+02,0.000000000000000000e+00,9.000000000000000222e-01,2.757033830000000033e-03,1.742917746000000045e-02
3.000000000000000000e+01,4.000000000000000000e+02,0.000000000000000000e+00,9.000000000000000222e-01,7.807257635000000237e-03,4.936168459000000314e-02
5.000000000000000000e+01,4.000000000000000000e+02,0.000000000000000000e+00,9.000000000000000222e-01,1.232103088000000013e-02,7.790997560000000044e-02
7.000000000000000000e+01,4.000000000000000000e+02,0.000000000000000000e+00,9.000000000000000222e-01,1.637941936000000126e-02,1.035850660999999978e-01
9.000000000000000000e+01,4.000000000000000000e+02,0.000000000000000000e+00,9.000000000000000222e-01,2.004794311000000079e-02,1.268000132000000058e-01
1.100000000000000000e+02,4.000000000000000000e+02,0.000000000000000000e+00,9.000000000000000222e-01,2.338013193999999989e-02,1.478923148999999881e-01
1.300000000000000000e+02,4.000000000000000000e+02,0.000000000000000000e+00,9.000000000000000222e-01,2.642014796000000110e-02,1.671404323000000025e-01
1.500000000000000000e+02,4.000000000000000000e+02,0.000000000000000000e+00,9.000000000000000222e-01,2.920474853999999870e-02,1.847761572999999935e-01
1.700000000000000000e+02,4.000000000000000000e+02,0.000000000000000000e+00,9.000000000000000222e-01,3.176477565000000031e-02,2.009939973000000046e-01
1.900000000000000000e+02,4.000000000000000000e+02,0.000000000000000000e+00,9.000000000000000222e-01,3.412629964999999710e-02,2.159583817000000072e-01
2.100000000000000000e+02,4.000000000000000000e+02,0.000000000000000000e+00,9.000000000000000222e-01,3.631150753000000203e-02,2.298092599000000069e-01
2.300000000000000000e+02,4.000000000000000000e+02,0.000000000000000000e+00,9.000000000000000222e-01,3.833939993999999768e-02,2.426664933000000079e-01
2.500000000000000000e+02,4.000000000000000000e+02,0.000000000000000000e+00,9.000000000000000222e-01,4.022634325999999844e-02,2.546333352999999855e-01
2.700000000000000000e+02,4.000000000000000000e+02,0.000000000000000000e+00,9.000000000000000222e-01,4.198651074000000344e-02,2.657992110999999880e-01
2.900000000000000000e+02,4.000000000000000000e+02,0.000000000000000000e+00,9.000000000000000222e-01,4.363223789000000158e-02,2.762419576999999848e-01
3.100000000000000000e+02,4.000000000000000000e+02,0.000000000000000000e+00,9.000000000000000222e-01,4.517431093999999675e-02,2.860296425000000142e-01
3.300000000000000000e+02,4.000000000000000000e+02,0.000000000000000000e+00,9.000000000000000222e-01,4.662220261000000338e-02,2.952220492000000029e-01
3.500000000000000000e+02,4.000000000000000000e+02,0.000000000000000000e+00,9.000000000000000222e-01,4.798426607999999732e-02,3.038719007999999833e-01
3.700000000000000000e+02,4.000000000000000000e+02,0.000000000000000000e+00,9.000000000000000222e-01,4.926789564999999732e-02,3.120258721999999985e-01
3.900000000000000000e+02,4.000000000000000000e+02,0.000000000000000000e+00,9.000000000000000222e-01,5.047966040000000099e-02,3.197254332999999726e-01
4.100000000000000000e+02,4.000000000000000000e+02,0.000000000000000000e+00,9.000000000000000222e-01,5.162541622999999857e-02,3.270075546999999805e-01
4.300000000000000000e+02,4.000000000000000000e+02,0.000000000000000000e+00,9.000000000000000222e-01,5.271040000999999836e-02,3.339053022999999842e-01
4.500000000000000000e+02,4.000000000000000000e+02,0.000000000000000000e+00,9.000000000000000222e-01,5.373930925999999969e-02,3.404483388000000277e-01
4.700000000000000000e+02,4.000000000000000000e+02,0.000000000000000000e+00,9.000000000000000222e-01,5.471636985000000175e-02,3.466633512999999778e-01
4.900000000000000000e+02,4.000000000000000000e+02,0.000000000000000000e+00,9.000000000000000222e-01,5.564539370999999762e-02,3.525744149000000216e-01
5.100000000000000000e+02,4.000000000000000000e+02,0.000000000000000000e+00,9.000000000000000222e-01,5.652982827999999960e-02,3.582033045999999943e-01
5.300000000000000000e+02,4.000000000000000000e+02,0.000000000000000000e+00,9.000000000000000222e-01,5.737279908000000178e-02,3.635697640000000175e-01
5.500000000000000000e+02,4.000000000000000000e+02,0.000000000000000000e+00,9.000000000000000222e-01,5.817714638999999660e-02,3.686917364000000252e-01
5.700000000000000000e+02,4.000000000000000000e+02,0.000000000000000000e+00,9.000000000000000222e-01,5.894545704000000302e-02,3.735855653999999859e-01
5.900000000000000000e+02,4.000000000000000000e+02,0.000000000000000000e+00,9.000000000000000222e-01,5.968009210999999925e-02,3.782661695999999796e-01
6.100000000000000000e+02,4.000000000000000000e+02,0.000000000000000000e+00,9.000000000000000222e-01,6.038321096999999665e-02,3.827471946000000069e-01
6.300000000000000000e+02,4.000000000000000000e+02,0.000000000000000000e+00,9.000000000000000222e-01,6.105679238000000231e-02,3.870411455000000167e-01
6.500000000000000000e+02,4.000000000000000000e+02,0.000000000000000000e+00,9.000000000000000222e-01,6.170265299000000231e-02,3.911595042000000078e-01
6.700000000000000000e+02,4.000000000000000000e+02,0.000000000000000000e+00,9.000000000000000222e-01,6.232246359000000180e-02,3.951128314999999835e-01
6.900000000000000000e+02,4.000000000000000000e+02,0.000000000000000000e+00,9.000000000000000222e-01,6.291776346999999880e-02,3.989108579000000265e-01
7.100000000000000000e+02,4.000000000000000000e+02,0.000000000000000000e+00,9.000000000000000222e-01,6.348997308999999867e-02,4.025625635999999785e-01
7.300000000000000000e+02,4.000000000000000000e+02,0.000000000000000000e+00,9.000000000000000222e-01,6.404040531000000647e-02,4.060762493999999778e-01
7.500000000000000000e+02,4.000000000000000000e+02,0.000000000000000000e+00,9.000000000000000222e-01,6.457027545000000590e-02,4.094595999000000264e-01
7.700000000000000000e+02,4.000000000000000000e+02,0.000000000000000000e+00,9.000000000000000222e-01,6.508071008999999352e-02,4.127197391999999909e-01
7.900000000000000000e+02,4.000000000000000000e+02,0.000000000000000000e+00,9.000000000000000222e-01,6.557275509000000391e-02,4.158632818999999925e-01
8.100000000000000000e+02,4.000000000000000000e+02,0.000000000000000000e+00,9.000000000000000222e-01,6.604738266000000080e-02,4.188963768999999782e-01
8.300000000000000000e+02,4.000000000000000000e+02,0.000000000000000000e+00,9.000000000000000222e-01,6.650549773000000164e-02,4.218247485000000130e-01
8.500000000000000000e+02,4.000000000000000000e+02,0.000000000000000000e+00,9.000000000000000222e-01,6.694794368999999745e-02,4.246537317999999894e-01
8.700000000000000000e+02,4.000000000000000000e+02,0.000000000000000000e+00,9.000000000000000222e-01,6.737550750000000088e-02,4.273883057000000263e-01
8.900000000000000000e+02,4.000000000000000000e+02,0.000000000000000000e+00,9.000000000000000222e-01,6.778892435000000161e-02,4.300331218999999816e-01
9.100000000000000000e+02,4.000000000000000000e+02,0.000000000000000000e+00,9.000000000000000222e-01,6.818888183000000602e-02,4.325925313000000272e-01
9.300000000000000000e+02,4.000000000000000000e+02,0.000000000000000000e+00,9.000000000000000222e-01,6.857602374000000556e-02,4.350706080999999781e-01
9.500000000000000000e+02,4.000000000000000000e+02,0.000000000000000000e+00,9.000000000000000222e-01,6.895095352999999760e-02,4.374711714000000251e-01
9.700000000000000000e+02,4.000000000000000000e+02,0.000000000000000000e+00,9.000000000000000222e-01,6.931423735000000197e-02,4.397978048000000251e-01
9.900000000000000000e+02,4.000000000000000000e+02,0.000000000000000000e+00,9.000000000000000222e-01,6.966640696999999716e-02,4.420538741999999743e-01
1.000000000000000000e+02,4.000000000000000000e+02,0.000000000000000000e+00,9.000000000000000222e-01,2.175312540000000003e-02,1.375928691999999953e-01
3.000000000000000000e+02,4.000000000000000000e+02,0.000000000000000000e+00,9.000000000000000222e-01,4.441561079999999800e-02,2.812137675999999975e-01
5.000000000000000000e+02,4.000000000000000000e+02,0.000000000000000000e+00,9.000000000000000222e-01,5.609298221999999695e-02,3.554228528000000220e-01
7.000000000000000000e+02,4.000000000000000000e+02,0.000000000000000000e+00,9.000000000000000222e-01,6.320667011000000168e-02,4.007544668999999948e-01
9.000000000000000000e+02,4.000000000000000000e+02,0.000000000000000000e+00,9.000000000000000222e-01,6.799054427999999539e-02,4.313232416000000180e-01
1.100000000000000000e+03,4.000000000000000000e+02,0.000000000000000000e+00,9.000000000000000222e-01,7.142560228000000011e-02,4.533334316000000030e-01
1.300000000000000000e+03,4.000000000000000000e+02,0.000000000000000000e+00,9.000000000000000222e-01,7.401017343000000637e-02,4.699396275000000123e-01
1.500000000000000000e+03,4.000000000000000000e+02,0.000000000000000000e+00,9.000000000000000222e-01,7.602419372999999481e-02,4.829155585000000084e-01
1.700000000000000000e+03,4.000000000000000000e+02,0.000000000000000000e+00,9.000000000000000222e-01,7.763699845999999516e-02,4.933351550000000252e-01
1.900000000000000000e+03,4.000000000000000000e+02,0.000000000000000000e+00,9.000000000000000222e-01,7.895701539999999685e-02,5.018867018999999541e-01
2.100000000000000000e+03,4.000000000000000000e+02,0.000000000000000000e+00,9.000000000000000222e-01,8.005687888000000141e-02,5.090316950000000062e-01
2.300000000000000000e+03,4.000000000000000000e+02,0.000000000000000000e+00,9.000000000000000222e-01,8.098706656000000115e-02,5.150911473999999490e-01
2.500000000000000000e+03,4.000000000000000000e+02,0.000000000000000000e+00,9.000000000000000222e-01,8.178374464000000288e-02,5.202952691000000129e-01
2.700000000000000000e+03,4.000000000000000000e+02,0.000000000000000000e+00,9.000000000000000222e-01,8.247350100000000461e-02,5.248134555000000256e-01
2.900000000000000000e+03,4.000000000000000000e+02,0.000000000000000000e+00,9.000000000000000222e-01,8.307631700999999758e-02,5.287731273000000343e-01
3.100000000000000000e+03,4.000000000000000000e+02,0.000000000000000000e+00,9.000000000000000222e-01,8.360749791999999569e-02,5.322719750000000083e-01
3.300000000000000000e+03,4.000000000000000000e+02,0.000000000000000000e+00,9.000000000000000222e-01,8.407896401000000686e-02,5.353861531000000396e-01
3.500000000000000000e+03,4.000000000000000000e+02,0.000000000000000000e+00,9.000000000000000222e-01,8.450013647000000072e-02,5.381759052000000265e-01
3.700000000000000000e+03,4.000000000000000000e+02,0.000000000000000000e+00,9.000000000000000222e-01,8.487855911000000142e-02,5.406895143000000070e-01
3.900000000000000000e+03,4.000000000000000000e+02,0.000000000000000000e+00,9.000000000000000222e-01,8.522034322999999523e-02,5.429661303999999689e-01
4.100000000000000000e+03,4.000000000000000000e+02,0.000000000000000000e+00,9.000000000000000222e-01,8.553049191000000606e-02,5.450378335000000130e-01
4.300000000000000000e+03,4.000000000000000000e+02,0.000000000000000000e+00,9.000000000000000222e-01,8.581313998999999526e-02,5.469311607000000297e-01
4.500000000000000000e+03,4.000000000000000000e+02,0.000000000000000000e+00,9.000000000000000222e-01,8.607173433999999734e-02,5.486682539999999664e-01
4.700000000000000000e+03,4.000000000000000000e+02,0.000000000000000000e+00,9.000000000000000222e-01,8.630917103000000645e-02,5.502677339999999528e-01
4.900000000000000000e+03,4.000000000000000000e+02,0.000000000000000000e+00,9.000000000000000222e-01,8.652790097000000180e-02,5.517453737999999941e-01
5.100000000000000000e+03,4.000000000000000000e+02,0.000000000000000000e+00,9.000000000000000222e-01,8.673001214999999375e-02,5.531146231000000357e-01
5.300000000000000000e+03,4.000000000000000000e+02,0.000000000000000000e+00,9.000000000000000222e-01,8.691729430000000312e-02,5.543870208000000188e-01
5.500000000000000000e+03,4.000000000000000000e+02,0.000000000000000000e+00,9.000000000000000222e-01,8.709129022000000608e-02,5.555725231999999458e-01
5.700000000000000000e+03,4.000000000000000000e+02,0.000000000000000000e+00,9.000000000000000222e-01,8.725333687000000338e-02,5.566797658000000038e-01
5.900000000000000000e+03,4.000000000000000000e+02,0.000000000000000000e+00,9.000000000000000222e-01,8.740459855000000389e-02,5.577162760999999636e-01
6.100000000000000000e+03,4.000000000000000000e+02,0.000000000000000000e+00,9.000000000000000222e-01,8.754609381000000301e-02,5.586886451000000475e-01
6.300000000000000000e+03,4.000000000000000000e+02,0.000000000000000000e+00,9.000000000000000222e-01,8.767871754999999323e-02,5.596026689999999970e-01
6.500000000000000000e+03,4.000000000000000000e+02,0.000000000000000000e+00,9.000000000000000222e-01,8.780325916999999480e-02,5.604634657000000519e-01
6.700000000000000000e+03,4.000000000000000000e+02,0.000000000000000000e+00,9.000000000000000222e-01,8.792041765999999980e-02,5.612755707000000038e-01
6.900000000000000000e+03,4.000000000000000000e+02,0.000000000000000000e+00,9.000000000000000222e-01,8.803081413999999660e-02,5.620430180000000053e-01
7.100000000000000000e+03,4.000000000000000000e+02,0.000000000000000000e+00,9.000000000000000222e-01,8.813500237000000681e-02,5.627694077999999545e-01
7.300000000000000000e+03,4.000000000000000000e+02,0.000000000000000000e+00,9.000000000000000222e-01,8.823347766000000370e-02,5.634579628000000451e-01
7.500000000000000000e+03,4.000000000000000000e+02,0.000000000000000000e+00,9.000000000000000222e-01,8.832668432000000125e-02,5.641115768000000141e-01
7.700000000000000000e+03,4.000000000000000000e+02,0.000000000000000000e+00,9.000000000000000222e-01,8.841502207000000169e-02,5.647328554999999639e-01
7.900000000000000000e+03,4.000000000000000000e+02,0.000000000000000000e+00,9.000000000000000222e-01,8.849885148000000146e-02,5.653241516000000466e-01
8.100000000000000000e+03,4.000000000000000000e+02,0.000000000000000000e+00,9.000000000000000222e-01,8.857849862000000130e-02,5.658875946000000434e-01
8.300000000000000000e+03,4.000000000000000000e+02,0.000000000000000000e+00,9.000000000000000222e-01,8.865425908000000577e-02,5.664251168999999697e-01
8.500000000000000000e+03,4.000000000000000000e+02,0.000000000000000000e+00,9.000000000000000222e-01,8.872640147999999449e-02,5.669384758000000080e-01
8.700000000000000000e+03,4.000000000000000000e+02,0.000000000000000000e+00,9.000000000000000222e-01,8.879517038999999723e-02,5.674292732000000283e-01
8.900000000000000000e+03,4.000000000000000000e+02,0.000000000000000000e+00,9.000000000000000222e-01,8.886078903999999890e-02,5.678989722999999712e-01
9.100000000000000000e+03,4.000000000000000000e+02,0.000000000000000000e+00,9.000000000000000222e-01,8.892346152999999753e-02,5.683489122999999532e-01
9.300000000000000000e+03,4.000000000000000000e+02,0.000000000000000000e+00,9.000000000000000222e-01,8.898337486000000573e-02,5.687803211999999942e-01
9.500000000000000000e+03,4.000000000000000000e+02,0.000000000000000000e+00,9.000000000000000222e-01,8.904070065999999950e-02,5.691943271999999610e-01
9.700000000000000000e+03,4.000000000000000000e+02,0.000000000000000000e+00,9.000000000000000222e-01,8.909559674000000484e-02,5.695919686999999509e-01
9.900000000000000000e+03,4.000000000000000000e+02,0.000000000000000000e+00,9.000000000000000222e-01,8.914820847000000381e-02,5.699742029000000043e-01
1.000000000000000000e+03,4.000000000000000000e+02,0.000000000000000000e+00,9.000000000000000222e-01,6.983848133999999430e-02,4.431564438999999744e-01
3.000000000000000000e+03,4.000000000000000000e+02,0.000000000000000000e+00,9.000000000000000222e-01,8.335004944000000415e-02,5.305749655999999481e-01
5.000000000000000000e+03,4.000000000000000000e+02,0.000000000000000000e+00,9.000000000000000222e-01,8.663091572000000684e-02,5.524427855000000331e-01
7.000000000000000000e+03,4.000000000000000000e+02,0.000000000000000000e+00,9.000000000000000222e-01,8.808365205000000253e-02,5.624111353999999841e-01
9.000000000000000000e+03,4.000000000000000000e+02,0.000000000000000000e+00,9.000000000000000222e-01,8.889248148999999433e-02,5.681263330000000389e-01
1.100000000000000000e+04,4.000000000000000000e+02,0.000000000000000000e+00,9.000000000000000222e-01,8.940225163999999947e-02,5.718374499999999694e-01
1.300000000000000000e+04,4.000000000000000000e+02,0.000000000000000000e+00,9.000000000000000222e-01,8.974965053000000248e-02,5.744446690000000189e-01
1.500000000000000000e+04,4.000000000000000000e+02,0.000000000000000000e+00,9.000000000000000222e-01,8.999947928000000263e-02,5.763788739999999855e-01
1.700000000000000000e+04,4.000000000000000000e+02,0.000000000000000000e+00,9.000000000000000222e-01,9.018633091000000102e-02,5.778723009999999771e-01
1.900000000000000000e+04,4.000000000000000000e+02,0.000000000000000000e+00,9.000000000000000222e-01,9.033031107000000226e-02,5.790612281000000472e-01
2.100000000000000000e+04,4.000000000000000000e+02,0.000000000000000000e+00,9.000000000000000222e-01,9.044387876999999965e-02,5.800309202000000219e-01
2.300000000000000000e+04,4.000000000000000000e+02,0.000000000000000000e+00,9.000000000000000222e-01,9.053515156999999980e-02,5.808374697000000531e-01
2.500000000000000000e+04,4.000000000000000000e+02,0.000000000000000000e+00,9.000000000000000222e-01,9.060963609000000085e-02,5.815192987999999730e-01
2.700000000000000000e+04,4.000000000000000000e+02,0.000000000000000000e+00,9.000000000000000222e-01,9.067119379999999396e-02,5.821036148999999549e-01
2.900000000000000000e+04,4.000000000000000000e+02,0.000000000000000000e+00,9.000000000000000222e-01,9.072260880999999388e-02,5.826102277000000385e-01
3.100000000000000000e+04,4.000000000000000000e+02,0.000000000000000000e+00,9.000000000000000222e-01,9.076593635000000659e-02,5.830539063999999883e-01
3.300000000000000000e+04,4.000000000000000000e+02,0.000000000000000000e+00,9.000000000000000222e-01,9.080272474999999399e-02,5.834458881999999846e-01
3.500000000000000000e+04,4.000000000000000000e+02,0.000000000000000000e+00,9.000000000000000222e-01,9.083416123000000175e-02,5.837948764999999485e-01
3.700000000000000000e+04,4.000000000000000000e+02,0.000000000000000000e+00,9.000000000000000222e-01,9.086117031000000288e-02,5.841077174000000038e-01
3.900000000000000000e+04,4.000000000000000000e+02,0.000000000000000000e+00,9.000000000000000222e-01,9.088448190999999510e-02,5.843898710999999579e-01
4.100000000000000000e+04,4.000000000000000000e+02,0.000000000000000000e+00,9.000000000000000222e-01,9.090467935000000332e-02,5.846457460999999745e-01
4.300000000000000000e+04,4.000000000000000000e+02,0.000000000000000000e+00,9.000000000000000222e-01,9.092223393999999959e-02,5.848789411999999466e-01
4.500000000000000000e+04,4.000000000000000000e+02,0.000000000000000000e+00,9.000000000000000222e-01,9.093753027999999794e-02,5.850924237000000305e-01
4.700000000000000000e+04,4.000000000000000000e+02,0.000000000000000000e+00,9.000000000000000222e-01,9.095088498999999438e-02,5.852886620999999678e-01
4.900000000000000000e+04,4.000000000000000000e+02,0.000000000000000000e+00,9.000000000000000222e-01,9.096256089000000211e-02,5.854697273000000202e-01
5.100000000000000000e+04,4.000000000000000000e+02,0.000000000000000000e+00,9.000000000000000222e-01,9.097277774999999733e-02,5.856373691999999798e-01
5.300000000000000000e+04,4.000000000000000000e+02,0.000000000000000000e+00,9.000000000000000222e-01,9.098172059999999617e-02,5.857930772999999647e-01
5.500000000000000000e+04,4.000000000000000000e+02,0.000000000000000000e+00,9.000000000000000222e-01,9.098954619999999327e-02,5.859381269000000225e-01
5.700000000000000000e+04,4.000000000000000000e+02,0.000000000000000000e+00,9.000000000000000222e-01,9.099638813999999520e-02,5.860736169000000384e-01
5.900000000000000000e+04,4.000000000000000000e+02,0.000000000000000000e+00,9.000000000000000222e-01,9.100236086999999308e-02,5.862004990000000415e-01
6.100000000000000000e+04,4.000000000000000000e+02,0.000000000000000000e+00,9.000000000000000222e-01,9.100756292999999386e-02,5.863196017999999787e-01
6.300000000000000000e+04,4.000000000000000000e+02,0.000000000000000000e+00,9.000000000000000222e-01,9.101207954999999961e-02,5.864316501999999875e-01
6.500000000000000000e+04,4.000000000000000000e+02,0.000000000000000000e+00,9.000000000000000222e-01,9.101598480000000491e-02,5.865372808000000049e-01
6.700000000000000000e+04,4.000000000000000000e+02,0.000000000000000000e+00,9.000000000000000222e-01,9.101934323999999465e-02,5.866370555000000042e-01
6.900000000000000000e+04,4.000000000000000000e+02,0.000000000000000000e+00,9.000000000000000222e-01,9.102221145000000124e-02,5.867314717999999596e-01
7.100000000000000000e+04,4.000000000000000000e+02,0.000000000000000000e+00,9.000000000000000222e-01,9.102463910999999963e-02,5.868209719000000435e-01
7.300000000000000000e+04,4.000000000000000000e+02,0.000000000000000000e+00,9.000000000000000222e-01,9.102667002000000562e-02,5.869059504000000427e-01
7.500000000000000000e+04,4.000000000000000000e+02,0.000000000000000000e+00,9.000000000000000222e-01,9.102834293000000576e-02,5.869867600999999491e-01
7.700000000000000000e+04,4.000000000000000000e+02,0.000000000000000000e+00,9.000000000000000222e-01,9.102969220999999889e-02,5.870637179000000039e-01
7.900000000000000000e+04,4.000000000000000000e+02,0.000000000000000000e+00,9.000000000000000222e-01,9.103074841000000084e-02,5.871371091999999514e-01
8.100000000000000000e+04,4.000000000000000000e+02,0.000000000000000000e+00,9.000000000000000222e-01,9.103153880000000586e-02,5.872071911999999783e-01
8.300000000000000000e+04,4.000000000000000000e+02,0.000000000000000000e+00,9.000000000000000222e-01,9.103208775000000419e-02,5.872741970999999506e-01
8.500000000000000000e+04,4.000000000000000000e+02,0.000000000000000000e+00,9.000000000000000222e-01,9.103241709999999876e-02,5.873383383000000402e-01
8.700000000000000000e+04,4.000000000000000000e+02,0.000000000000000000e+00,9.000000000000000222e-01,9.103254647000000310e-02,5.873998070000000515e-01
8.900000000000000000e+04,4.000000000000000000e+02,0.000000000000000000e+00,9.000000000000000222e-01,9.103249350000000573e-02,5.874587785999999534e-01
9.100000000000000000e+04,4.000000000000000000e+02,0.000000000000000000e+00,9.000000000000000222e-01,9.103227412999999324e-02,5.875154129999999864e-01
9.300000000000000000e+04,4.000000000000000000e+02,0.000000000000000000e+00,9.000000000000000222e-01,9.103190275000000442e-02,5.875698568999999649e-01
9.500000000000000000e+04,4.000000000000000000e+02,0.000000000000000000e+00,9.000000000000000222e-01,9.103139238000000633e-02,5.876222447000000182e-01
9.700000000000000000e+04,4.000000000000000000e+02,0.000000000000000000e+00,9.000000000000000222e-01,9.103075483000000467e-02,5.876726997000000230e-01
9.900000000000000000e+04,4.000000000000000000e+02,0.000000000000000000e+00,9.000000000000000222e-01,9.103000085000000074e-02,5.877213357999999666e-01
1.000000000000000000e+04,4.000000000000000000e+02,0.000000000000000000e+00,9.000000000000000222e-01,8.917370000999999546e-02,5.701598210999999639e-01
3.000000000000000000e+04,4.000000000000000000e+02,0.000000000000000000e+00,9.000000000000000222e-01,9.074517684999999778e-02,5.828391622999999910e-01
5.000000000000000000e+04,4.000000000000000000e+02,0.000000000000000000e+00,9.000000000000000222e-01,9.096783941000000095e-02,5.855551275999999472e-01
7.000000000000000000e+04,4.000000000000000000e+02,0.000000000000000000e+00,9.000000000000000222e-01,9.102347748000000349e-02,5.867768106999999844e-01
9.000000000000000000e+04,4.000000000000000000e+02,0.000000000000000000e+00,9.000000000000000222e-01,9.103240367999999860e-02,5.874873784999999904e-01
1.100000000000000000e+05,4.000000000000000000e+02,0.000000000000000000e+00,9.000000000000000222e-01,9.102416820000000519e-02,5.879606276000000076e-01
1.300000000000000000e+05,4.000000000000000000e+02,0.000000000000000000e+00,9.000000000000000222e-01,9.100888020000000300e-02,5.883035959000000314e-01
1.500000000000000000e+05,4.000000000000000000e+02,0.000000000000000000e+00,9.000000000000000222e-01,9.099067201999999632e-02,5.885669583000000538e-01
1.700000000000000000e+05,4.000000000000000000e+02,0.000000000000000000e+00,9.000000000000000222e-01,9.097142197999999458e-02,5.887779033000000162e-01
1.900000000000000000e+05,4.000000000000000000e+02,0.000000000000000000e+00,9.000000000000000222e-01,9.095203862999999556e-02,5.889523722999999711e-01
2.100000000000000000e+05,4.000000000000000000e+02,0.000000000000000000e+00,9.000000000000000222e-01,9.093297375000000682e-02,5.891003550000000200e-01
2.300000000000000000e+05,4.000000000000000000e+02,0.000000000000000000e+00,9.000000000000000222e-01,9.091444988999999866e-02,5.892284439999999623e-01
2.500000000000000000e+05,4.000000000000000000e+02,0.000000000000000000e+00,9.000000000000000222e-01,9.089656936999999937e-02,5.893411742999999925e-01
2.700000000000000000e+05,4.000000000000000000e+02,0.000000000000000000e+00,9.000000000000000222e-01,9.087936973000000640e-02,5.894417736000000518e-01
2.900000000000000000e+05,4.000000000000000000e+02,0.000000000000000000e+00,9.000000000000000222e-01,9.086285319999999610e-02,5.895326051999999484e-01
3.100000000000000000e+05,4.000000000000000000e+02,0.000000000000000000e+00,9.000000000000000222e-01,9.084700294000000453e-02,5.896154416000000120e-01
3.300000000000000000e+05,4.000000000000000000e+02,0.000000000000000000e+00,9.000000000000000222e-01,9.083179218999999638e-02,5.896916403999999945e-01
3.500000000000000000e+05,4.000000000000000000e+02,0.000000000000000000e+00,9.000000000000000222e-01,9.081718948000000458e-02,5.897622598999999743e-01
3.700000000000000000e+05,4.000000000000000000e+02,0.000000000000000000e+00,9.000000000000000222e-01,9.080316169999999576e-02,5.898281382000000184e-01
3.900000000000000000e+05,4.000000000000000000e+02,0.000000000000000000e+00,9.000000000000000222e-01,9.078967578999999621e-02,5.898899483999999749e-01
4.100000000000000000e+05,4.000000000000000000e+02,0.000000000000000000e+00,9.000000000000000222e-01,9.077669972999999337e-02,5.899482378999999499e-01
4.300000000000000000e+05,4.000000000000000000e+02,0.000000000000000000e+00,9.000000000000000222e-01,9.076420306000000660e-02,5.900034566999999841e-01
4.500000000000000000e+05,4.000000000000000000e+02,0.000000000000000000e+00,9.000000000000000222e-01,9.075215708000000658e-02,5.900559785000000224e-01
4.700000000000000000e+05,4.000000000000000000e+02,0.000000000000000000e+00,9.000000000000000222e-01,9.074053501999999882e-02,5.901061163999999915e-01
4.900000000000000000e+05,4.000000000000000000e+02,0.000000000000000000e+00,9.000000000000000222e-01,9.072931193000000061e-02,5.901541350000000241e-01
5.100000000000000000e+05,4.000000000000000000e+02,0.000000000000000000e+00,9.000000000000000222e-01,9.071846466999999858e-02,5.902002594999999907e-01
5.300000000000000000e+05,4.000000000000000000e+02,0.000000000000000000e+00,9.000000000000000222e-01,9.070797177999999350e-02,5.902446831000000005e-01
5.500000000000000000e+05,4.000000000000000000e+02,0.000000000000000000e+00,9.000000000000000222e-01,9.069781339999999359e-02,5.902875721000000464e-01
5.700000000000000000e+05,4.000000000000000000e+02,0.000000000000000000e+00,9.000000000000000222e-01,9.068797114000000381e-02,5.903290711999999996e-01
5.900000000000000000e+05,4.000000000000000000e+02,0.000000000000000000e+00,9.000000000000000222e-01,9.067842792999999957e-02,5.903693063999999602e-01
6.100000000000000000e+05,4.000000000000000000e+02,0.000000000000000000e+00,9.000000000000000222e-01,9.066916798999999361e-02,5.904083881999999672e-01
6.300000000000000000e+05,4.000000000000000000e+02,0.000000000000000000e+00,9.000000000000000222e-01,9.066017664999999337e-02,5.904464139999999750e-01
6.500000000000000000e+05,4.000000000000000000e+02,0.000000000000000000e+00,9.000000000000000222e-01,9.065144028999999604e-02,5.904834699000000020e-01
6.700000000000000000e+05,4.000000000000000000e+02,0.000000000000000000e+00,9.000000000000000222e-01,9.064294624999999495e-02,5.905196325999999551e-01
6.900000000000000000e+05,4.000000000000000000e+02,0.000000000000000000e+00,9.000000000000000222e-01,9.063468276000000157e-02,5.905549702000000289e-01
7.100000000000000000e+05,4.000000000000000000e+02,0.000000000000000000e+00,9.000000000000000222e-01,9.062663881999999393e-02,5.905895438999999580e-01
7.300000000000000000e+05,4.000000000000000000e+02,0.000000000000000000e+00,9.000000000000000222e-01,9.061880419999999992e-02,5.906234085999999550e-01
7.500000000000000000e+05,4.000000000000000000e+02,0.000000000000000000e+00,9.000000000000000222e-01,9.061116933000000484e-02,5.906566135999999911e-01
7.700000000000000000e+05,4.000000000000000000e+02,0.000000000000000000e+00,9.000000000000000222e-01,9.060372526000000371e-02,5.906892038000000067e-01
7.900000000000000000e+05,4.000000000000000000e+02,0.000000000000000000e+00,9.000000000000000222e-01,9.059646361999999786e-02,5.907212195000000055e-01
8.100000000000000000e+05,4.000000000000000000e+02,0.000000000000000000e+00,9.000000000000000222e-01,9.058937656000000394e-02,5.907526976000000429e-01
8.300000000000000000e+05,4.000000000000000000e+02,0.000000000000000000e+00,9.000000000000000222e-01,9.058245669999999417e-02,5.907836717000000126e-01
8.500000000000000000e+05,4.000000000000000000e+02,0.000000000000000000e+00,9.000000000000000222e-01,9.057569712000000661e-02,5.908141722999999956e-01
8.700000000000000000e+05,4.000000000000000000e+02,0.000000000000000000e+00,9.000000000000000222e-01,9.056909132000000306e-02,5.908442275999999937e-01
8.900000000000000000e+05,4.000000000000000000e+02,0.000000000000000000e+00,9.000000000000000222e-01,9.056263316000000285e-02,5.908738631000000074e-01
9.100000000000000000e+05,4.000000000000000000e+02,0.000000000000000000e+00,9.000000000000000222e-01,9.055631687000000041e-02,5.909031026000000075e-01
9.300000000000000000e+05,4.000000000000000000e+02,0.000000000000000000e+00,9.000000000000000222e-01,9.055013699000000194e-02,5.909319679000000214e-01
9.500000000000000000e+05,4.000000000000000000e+02,0.000000000000000000e+00,9.000000000000000222e-01,9.054408836999999766e-02,5.909604790000000385e-01
9.700000000000000000e+05,4.000000000000000000e+02,0.000000000000000000e+00,9.000000000000000222e-01,9.053816615000000179e-02,5.909886546999999490e-01
9.900000000000000000e+05,4.000000000000000000e+02,0.000000000000000000e+00,9.000000000000000222e-01,9.053236572999999454e-02,5.910165120000000494e-01
1.000000000000000000e+05,4.000000000000000000e+02,0.000000000000000000e+00,9.000000000000000222e-01,9.102958327000000571e-02,5.877450049000000343e-01
3.000000000000000000e+05,4.000000000000000000e+02,0.000000000000000000e+00,9.000000000000000222e-01,9.085484630000000006e-02,5.895749298000000360e-01
5.000000000000000000e+05,4.000000000000000000e+02,0.000000000000000000e+00,9.000000000000000222e-01,9.072384270000000139e-02,5.901774212999999492e-01
7.000000000000000000e+05,4.000000000000000000e+02,0.000000000000000000e+00,9.000000000000000222e-01,9.063063400000000158e-02,5.905723489999999964e-01
9.000000000000000000e+05,4.000000000000000000e+02,0.000000000000000000e+00,9.000000000000000222e-01,9.055945763000000648e-02,5.908885310000000501e-01
1.100000000000000000e+06,4.000000000000000000e+02,0.000000000000000000e+00,9.000000000000000222e-01,9.050245642000000201e-02,5.911646982999999578e-01
1.300000000000000000e+06,4.000000000000000000e+02,0.000000000000000000e+00,9.000000000000000222e-01,9.045529850000000316e-02,5.914170680000000457e-01
1.500000000000000000e+06,4.000000000000000000e+02,0.000000000000000000e+00,9.000000000000000222e-01,9.041536317999999961e-02,5.916538113999999515e-01
1.700000000000000000e+06,4.000000000000000000e+02,0.000000000000000000e+00,9.000000000000000222e-01,9.038094929999999916e-02,5.918795700000000215e-01
1.900000000000000000e+06,4.000000000000000000e+02,0.000000000000000000e+00,9.000000000000000222e-01,9.035089162999999923e-02,5.920972126000000335e-01
2.100000000000000000e+06,4.000000000000000000e+02,0.000000000000000000e+00,9.000000000000000222e-01,9.032435765999999311e-02,5.923086266999999516e-01
2.300000000000000000e+06,4.000000000000000000e+02,0.000000000000000000e+00,9.000000000000000222e-01,9.030073219999999734e-02,5.925151158999999446e-01
2.500000000000000000e+06,4.000000000000000000e+02,0.000000000000000000e+00,9.000000000000000222e-01,9.027954790000000673e-02,5.927176160999999555e-01
2.700000000000000000e+06,4.000000000000000000e+02,0.000000000000000000e+00,9.000000000000000222e-01,9.026044145999999324e-02,5.929168204000000442e-01
2.900000000000000000e+06,4.000000000000000000e+02,0.000000000000000000e+00,9.000000000000000222e-01,9.024312489999999909e-02,5.931132556999999528e-01
3.100000000000000000e+06,4.000000000000000000e+02,0.000000000000000000e+00,9.000000000000000222e-01,9.022736613000000017e-02,5.933073315000000347e-01
3.300000000000000000e+06,4.000000000000000000e+02,0.000000000000000000e+00,9.000000000000000222e-01,9.021297533000000035e-02,5.934993721000000333e-01
3.500000000000000000e+06,4.000000000000000000e+02,0.000000000000000000e+00,9.000000000000000222e-01,9.019979533999999965e-02,5.936896385000000054e-01
3.700000000000000000e+06,4.000000000000000000e+02,0.000000000000000000e+00,9.000000000000000222e-01,9.018769450999999937e-02,5.938783436000000249e-01
3.900000000000000000e+06,4.000000000000000000e+02,0.000000000000000000e+00,9.000000000000000222e-01,9.017656154000000535e-02,5.940656635000000074e-01
4.100000000000000000e+06,4.000000000000000000e+02,0.000000000000000000e+00,9.000000000000000222e-01,9.016630143999999902e-02,5.942517454000000310e-01
4.300000000000000000e+06,4.000000000000000000e+02,0.000000000000000000e+00,9.000000000000000222e-01,9.015683251000000675e-02,5.944367133000000303e-01
4.500000000000000000e+06,4.000000000000000000e+02,0.000000000000000000e+00,9.000000000000000222e-01,9.014808398000000167e-02,5.946206730999999968e-01
4.700000000000000000e+06,4.000000000000000000e+02,0.000000000000000000e+00,9.000000000000000222e-01,9.013999412999999794e-02,5.948037153999999882e-01
4.900000000000000000e+06,4.000000000000000000e+02,0.000000000000000000e+00,9.000000000000000222e-01,9.013250881999999853e-02,5.949859186000000522e-01
5.100000000000000000e+06,4.000000000000000000e+02,0.000000000000000000e+00,9.000000000000000222e-01,9.012558029999999387e-02,5.951673510999999639e-01
5.300000000000000000e+06,4.000000000000000000e+02,0.000000000000000000e+00,9.000000000000000222e-01,9.011916624999999348e-02,5.953480723999999835e-01
5.500000000000000000e+06,4.000000000000000000e+02,0.000000000000000000e+00,9.000000000000000222e-01,9.011322893999999806e-02,5.955281353000000388e-01
5.700000000000000000e+06,4.000000000000000000e+02,0.000000000000000000e+00,9.000000000000000222e-01,9.010773467999999564e-02,5.957075862999999805e-01
5.900000000000000000e+06,4.000000000000000000e+02,0.000000000000000000e+00,9.000000000000000222e-01,9.010265316000000413e-02,5.958864667000000059e-01
6.100000000000000000e+06,4.000000000000000000e+02,0.000000000000000000e+00,9.000000000000000222e-01,9.009795708999999986e-02,5.960648134999999570e-01
6.300000000000000000e+06,4.000000000000000000e+02,0.000000000000000000e+00,9.000000000000000222e-01,9.009362177000000693e-02,5.962426597000000106e-01
6.500000000000000000e+06,4.000000000000000000e+02,0.000000000000000000e+00,9.000000000000000222e-01,9.008962481000000466e-02,5.964200352999999843e-01
6.700000000000000000e+06,4.000000000000000000e+02,0.000000000000000000e+00,9.000000000000000222e-01,9.008594579999999741e-02,5.965969669999999780e-01
6.900000000000000000e+06,4.000000000000000000e+02,0.000000000000000000e+00,9.000000000000000222e-01,9.008256612999999968e-02,5.967734793000000204e-01
7.100000000000000000e+06,4.000000000000000000e+02,0.000000000000000000e+00,9.000000000000000222e-01,9.007946876000000325e-02,5.969495943999999499e-01
7.300000000000000000e+06,4.000000000000000000e+02,0.000000000000000000e+00,9.000000000000000222e-01,9.007663804000000385e-02,5.971253323999999862e-01
7.500000000000000000e+06,4.000000000000000000e+02,0.000000000000000000e+00,9.000000000000000222e-01,9.007405960000000600e-02,5.973007117999999949e-01
7.700000000000000000e+06,4.000000000000000000e+02,0.000000000000000000e+00,9.000000000000000222e-01,9.007172017999999503e-02,5.974757496000000501e-01
7.900000000000000000e+06,4.000000000000000000e+02,0.000000000000000000e+00,9.000000000000000222e-01,9.006960752999999820e-02,5.976504612999999910e-01
8.100000000000000000e+06,4.000000000000000000e+02,0.000000000000000000e+00,9.000000000000000222e-01,9.006771030000000622e-02,5.978248612000000017e-01
8.300000000000000000e+06,4.000000000000000000e+02,0.000000000000000000e+00,9.000000000000000222e-01,9.006601798999999686e-02,5.979989624999999531e-01
8.500000000000000000e+06,4.000000000000000000e+02,0.000000000000000000e+00,9.000000000000000222e-01,9.006452080000000582e-02,5.981727773999999664e-01
8.700000000000000000e+06,4.000000000000000000e+02,0.000000000000000000e+00,9.000000000000000222e-01,9.006320965000000345e-02,5.983463172999999857e-01
8.900000000000000000e+06,4.000000000000000000e+02,0.000000000000000000e+00,9.000000000000000222e-01,9.006207604999999505e-02,5.985195926999999916e-01
9.100000000000000000e+06,4.000000000000000000e+02,0.000000000000000000e+00,9.000000000000000222e-01,9.006111208000000534e-02,5.986926134000000177e-01
9.300000000000000000e+06,4.000000000000000000e+02,0.000000000000000000e+00,9.000000000000000222e-01,9.006031033000000408e-02,5.988653884000000316e-01
9.500000000000000000e+06,4.000000000000000000e+02,0.000000000000000000e+00,9.000000000000000222e-01,9.005966384999999907e-02,5.990379261999999594e-01
9.700000000000000000e+06,4.000000000000000000e+02,0.000000000000000000e+00,9.000000000000000222e-01,9.005916613999999376e-02,5.992102349000000272e-01
9.900000000000000000e+06,4.000000000000000000e+02,0.000000000000000000e+00,9.000000000000000222e-01,9.005881106999999441e-02,5.993823217999999509e-01
1.000000000000000000e+06,4.000000000000000000e+02,0.000000000000000000e+00,9.000000000000000222e-01,9.052950982000000646e-02,5.910303262999999641e-01
3.000000000000000000e+06,4.000000000000000000e+02,0.000000000000000000e+00,9.000000000000000222e-01,9.023506352000000563e-02,5.932105666000000443e-01
5.000000000000000000e+06,4.000000000000000000e+02,0.000000000000000000e+00,9.000000000000000222e-01,9.012897773000000390e-02,5.950767273000000523e-01
7.000000000000000000e+06,4.000000000000000000e+02,0.000000000000000000e+00,9.000000000000000222e-01,9.008098317000000355e-02,5.968615851999999888e-01
9.000000000000000000e+06,4.000000000000000000e+02,0.000000000000000000e+00,9.000000000000000222e-01,9.006157334000000625e-02,5.986061342999999813e-01
1.100000000000000000e+07,4.000000000000000000e+02,0.000000000000000000e+00,9.000000000000000222e-01,9.005916700999999636e-02,6.003251269999999584e-01
1.300000000000000000e+07,4.000000000000000000e+02,0.000000000000000000e+00,9.000000000000000222e-01,9.006800986000000619e-02,6.020255615999999810e-01
1.500000000000000000e+07,4.000000000000000000e+02,0.000000000000000000e+00,9.000000000000000222e-01,9.008482229000000507e-02,6.037113169000000168e-01
1.700000000000000000e+07,4.000000000000000000e+02,0.000000000000000000e+00,9.000000000000000222e-01,9.010755714000000249e-02,6.053847729000000344e-01
1.900000000000000000e+07,4.000000000000000000e+02,0.000000000000000000e+00,9.000000000000000222e-01,9.013485060999999743e-02,6.070474989999999904e-01
2.100000000000000000e+07,4.000000000000000000e+02,0.000000000000000000e+00,9.000000000000000222e-01,9.016574854000000694e-02,6.087005883999999645e-01
2.300000000000000000e+07,4.000000000000000000e+02,0.000000000000000000e+00,9.000000000000000222e-01,9.019955728999999589e-02,6.103448357999999851e-01
2.500000000000000000e+07,4.000000000000000000e+02,0.000000000000000000e+00,9.000000000000000222e-01,9.023575691000000620e-02,6.119808392000000152e-01
2.700000000000000000e+07,4.000000000000000000e+02,0.000000000000000000e+00,9.000000000000000222e-01,9.027394762000000294e-02,6.136090620999999912e-01
2.900000000000000000e+07,4.000000000000000000e+02,0.000000000000000000e+00,9.000000000000000222e-01,9.031381551000000618e-02,6.152298722000000275e-01
3.100000000000000000e+07,4.000000000000000000e+02,0.000000000000000000e+00,9.000000000000000222e-01,9.035510967000000282e-02,6.168435678999999450e-01
3.300000000000000000e+07,4.000000000000000000e+02,0.000000000000000000e+00,9.000000000000000222e-01,9.039762636999999768e-02,6.184503953000000109e-01
3.500000000000000000e+07,4.000000000000000000e+02,0.000000000000000000e+00,9.000000000000000222e-01,9.044119804000000373e-02,6.200505615000000414e-01
3.700000000000000000e+07,4.000000000000000000e+02,0.000000000000000000e+00,9.000000000000000222e-01,9.048568515999999562e-02,6.216442425000000549e-01
3.900000000000000000e+07,4.000000000000000000e+02,0.000000000000000000e+00,9.000000000000000222e-01,9.053097040999999456e-02,6.232315904999999878e-01
4.100000000000000000e+07,4.000000000000000000e+02,0.000000000000000000e+00,9.000000000000000222e-01,9.057695422000000551e-02,6.248127382000000507e-01
4.300000000000000000e+07,4.000000000000000000e+02,0.000000000000000000e+00,9.000000000000000222e-01,9.062355135999999867e-02,6.263878028999999570e-01
4.500000000000000000e+07,4.000000000000000000e+02,0.000000000000000000e+00,9.000000000000000222e-01,9.067068838000000297e-02,6.279568891000000264e-01
4.700000000000000000e+07,4.000000000000000000e+02,0.000000000000000000e+00,9.000000000000000222e-01,9.071830150000000093e-02,6.295200907000000345e-01
4.900000000000000000e+07,4.000000000000000000e+02,0.000000000000000000e+00,9.000000000000000222e-01,9.076633506999999546e-02,6.310774930000000449e-01
5.100000000000000000e+07,4.000000000000000000e+02,0.000000000000000000e+00,9.000000000000000222e-01,9.081474019000000675e-02,6.326291738000000553e-01
5.300000000000000000e+07,4.000000000000000000e+02,0.000000000000000000e+00,9.000000000000000222e-01,9.086347375000000670e-02,6.341752046999999948e-01
5.500000000000000000e+07,4.000000000000000000e+02,0.000000000000000000e+00,9.000000000000000222e-01,9.091249749999999463e-02,6.357156519000000117e-01
5.700000000000000000e+07,4.000000000000000000e+02,0.000000000000000000e+00,9.000000000000000222e-01,9.096177742000000066e-02,6.372505769999999847e-01
5.900000000000000000e+07,4.000000000000000000e+02,0.000000000000000000e+00,9.000000000000000222e-01,9.101128307000000417e-02,6.387800377000000251e-01
6.100000000000000000e+07,4.000000000000000000e+02,0.000000000000000000e+00,9.000000000000000222e-01,9.106098716999999620e-02,6.403040880999999462e-01
6.300000000000000000e+07,4.000000000000000000e+02,0.000000000000000000e+00,9.000000000000000222e-01,9.111086514999999775e-02,6.418227796000000041e-01
6.500000000000000000e+07,4.000000000000000000e+02,0.000000000000000000e+00,9.000000000000000222e-01,9.116089484999999326e-02,6.433361603999999678e-01
6.700000000000000000e+07,4.000000000000000000e+02,0.000000000000000000e+00,9.000000000000000222e-01,9.121105619000000053e-02,6.448442769000000130e-01
6.900000000000000000e+07,4.000000000000000000e+02,0.000000000000000000e+00,9.000000000000000222e-01,9.126133092999999530e-02,6.463471729999999971e-01
7.100000000000000000e+07,4.000000000000000000e+02,0.000000000000000000e+00,9.000000000000000222e-01,9.131170248999999350e-02,6.478448908999999700e-01
7.300000000000000000e+07,4.000000000000000000e+02,0.000000000000000000e+00,9.000000000000000222e-01,9.136215574000000617e-02,6.493374710000000549e-01
7.500000000000000000e+07,4.000000000000000000e+02,0.000000000000000000e+00,9.000000000000000222e-01,9.141267681999999672e-02,6.508249524000000452e-01
7.700000000000000000e+07,4.000000000000000000e+02,0.000000000000000000e+00,9.000000000000000222e-01,9.146325307000000016e-02,6.523073727000000543e-01
7.900000000000000000e+07,4.000000000000000000e+02,0.000000000000000000e+00,9.000000000000000222e-01,9.151387283999999622e-02,6.537847680999999689e-01
8.100000000000000000e+07,4.000000000000000000e+02,0.000000000000000000e+00,9.000000000000000222e-01,9.156452543000000166e-02,6.552571740999999506e-01
8.300000000000000000e+07,4.000000000000000000e+02,0.000000000000000000e+00,9.000000000000000222e-01,9.161520099000000639e-02,6.567246247000000370e-01
8.500000000000000000e+07,4.000000000000000000e+02,0.000000000000000000e+00,9.000000000000000222e-01,9.166589041000000604e-02,6.581871532999999941e-01
8.700000000000000000e+07,4.000000000000000000e+02,0.000000000000000000e+00,9.000000000000000222e-01,9.171658528999999949e-02,6.596447921000000436e-01
8.900000000000000000e+07,4.000000000000000000e+02,0.000000000000000000e+00,9.000000000000000222e-01,9.176727785999999609e-02,6.610975729000000412e-01
9.100000000000000000e+07,4.000000000000000000e+02,0.000000000000000000e+00,9.000000000000000222e-01,9.181796091999999687e-02,6.625455263999999733e-01
9.300000000000000000e+07,4.000000000000000000e+02,0.000000000000000000e+00,9.000000000000000222e-01,9.186862777000000257e-02,6.639886829000000157e-01
9.500000000000000000e+07,4.000000000000000000e+02,0.000000000000000000e+00,9.000000000000000222e-01,9.191927220999999981e-02,6.654270717000000390e-01
9.700000000000000000e+07,4.000000000000000000e+02,0.000000000000000000e+00,9.000000000000000222e-01,9.196988847999999772e-02,6.668607219000000086e-01
9.900000000000000000e+07,4.000000000000000000e+02,0.000000000000000000e+00,9.000000000000000222e-01,9.202047119999999525e-02,6.682896617000000372e-01
1.000000000000000000e+07,4.000000000000000000e+02,0.000000000000000000e+00,9.000000000000000222e-01,9.005868522000000376e-02,5.994682842999999872e-01
3.000000000000000000e+07,4.000000000000000000e+02,0.000000000000000000e+00,9.000000000000000222e-01,9.033429799999999343e-02,6.160375929000000417e-01
5.000000000000000000e+07,4.000000000000000000e+02,0.000000000000000000e+00,9.000000000000000222e-01,9.079049399999999936e-02,6.318540440000000036e-01
7.000000000000000000e+07,4.000000000000000000e+02,0.000000000000000000e+00,9.000000000000000222e-01,9.128650558999999720e-02,6.470966766000000314e-01
9.000000000000000000e+07,4.000000000000000000e+02,0.000000000000000000e+00,9.000000000000000222e-01,9.179262101000000562e-02,6.618221511999999862e-01
1.000000000000000000e+08,4.000000000000000000e+02,0.000000000000000000e+00,9.000000000000000222e-01,9.204574841000000285e-02,6.690023739999999552e-01
