# pressure,temperature,f1,f2,molkg1,molkg2
1.000000000000000000e+00,4.000000000000000000e+02,9.000000000000000222e-01,0.000000000000000000e+00,6.471516010999999596e-03,1.482217733999999969e-04
3.000000000000000000e+00,4.000000000000000000e+02,9.000000000000000222e-01,0.000000000000000000e+00,1.904287571000000054e-02,4.361714215999999830e-04
5.000000000000000000e+00,4.000000000000000000e+02,9.000000000000000222e-01,0.000000000000000000e+00,3.114194371000000156e-02,7.133273068000000466e-04
7.000000000000000000e+00,4.000000000000000000e+02,9.000000000000000222e-01,0.000000000000000000e+00,4.279484364000000346e-02,9.802860138999999924e-04
9.000000000000000000e+00,4.000000000000000000e+02,9.000000000000000222e-01,0.000000000000000000e+00,5.402580737999999883e-02,1.237600943000000077e-03
1.100000000000000000e+01,4.000000000000000000e+02,9.000000000000000222e-01,0.000000000000000000e+00,6.485734329999999492e-02,1.485786146000000075e-03
1.300000000000000000e+01,4.000000000000000000e+02,9.000000000000000222e-01,0.000000000000000000e+00,7.531038680000000374e-02,1.725319768000000082e-03
1.500000000000000000e+01,4.000000000000000000e+02,9.000000000000000222e-01,0.000000000000000000e+00,8.540443533000000031e-02,1.956647123000000103e-03
1.700000000000000000e+01,4.000000000000000000e+02,9.000000000000000222e-01,0.000000000000000000e+00,9.515766979999999708e-02,2.180183468999999895e-03
1.900000000000000000e+01,4.000000000000000000e+02,9.000000000000000222e-01,0.000000000000000000e+00,1.045870638000000047e-01,2.396316500000000068e-03
2.100000000000000000e+01,4.000000000000000000e+02,9.000000000000000222e-01,0.000000000000000000e+00,1.137084824000000050e-01,2.605408596999999812e-03
2.300000000000000000e+01,4.000000000000000000e+02,9.000000000000000222e-01,0.000000000000000000e+00,1.225367707000000056e-01,2.807798860999999833e-03
2.500000000000000000e+01,4.000000000000000000e+02,9.000000000000000222e-01,0.000000000000000000e+00,1.310858350000000117e-01,3.003804952000000209e-03
2.700000000000000000e+01,4.000000000000000000e+02,9.000000000000000222e-01,0.000000000000000000e+00,1.393687157999999870e-01,3.193724758999999785e-03
2.900000000000000000e+01,4.000000000000000000e+02,9.000000000000000222e-01,0.000000000000000000e+00,1.473976536999999920e-01,3.377837915000000100e-03
3.100000000000000000e+01,4.000000000000000000e+02,9.000000000000000222e-01,0.000000000000000000e+00,1.551841503999999983e-01,3.556407171999999891e-03
3.300000000000000000e+01,4.000000000000000000e+02,9.000000000000000222e-01,0.000000000000000000e+00,1.627390230999999909e-01,3.729679659000000036e-03
3.500000000000000000e+01,4.000000000000000000e+02,9.000000000000000222e-01,0.000000000000000000e+00,1.700724552000000001e-01,3.897888026999999853e-03
3.700000000000000000e+01,4.000000000000000000e+02,9.000000000000000222e-01,0.000000000000000000e+00,1.771940415999999907e-01,4.061251489000000311e-03
3.900000000000000000e+01,4.000000000000000000e+02,9.000000000000000222e-01,0.000000000000000000e+00,1.841128307999999880e-01,4.219976783999999752e-03
4.100000000000000000e+01,4.000000000000000000e+02,9.000000000000000222e-01,0.000000000000000000e+00,1.908373630999999904e-01,4.374259043999999957e-03
4.300000000000000000e+01,4.000000000000000000e+02,9.000000000000000222e-01,0.000000000000000000e+00,1.973757062000000007e-01,4.524282604999999881e-03
4.500000000000000000e+01,4.000000000000000000e+02,9.000000000000000222e-01,0.000000000000000000e+00,2.037354869999999929e-01,4.670221738000000095e-03
4.700000000000000000e+01,4.000000000000000000e+02,9.000000000000000222e-01,0.000000000000000000e+00,2.099239213000000104e-01,4.812241331000000066e-03
4.900000000000000000e+01,4.000000000000000000e+02,9.000000000000000222e-01,0.000000000000000000e+00,2.159478414999999873e-01,4.950497505999999596e-03
5.100000000000000000e+01,4.000000000000000000e+02,9.000000000000000222e-01,0.000000000000000000e+00,2.218137215000000051e-01,5.085138202999999954e-03
5.300000000000000000e+01,4.000000000000000000e+02,9.000000000000000222e-01,0.000000000000000000e+00,2.275276997000000023e-01,5.216303702000000056e-03
5.500000000000000000e+01,4.000000000000000000e+02,9.000000000000000222e-01,0.000000000000000000e+00,2.330956010000000134e-01,5.344127114999999706e-03
5.700000000000000000e+01,4.000000000000000000e+02,9.000000000000000222e-01,0.000000000000000000e+00,2.385229560999999887e-01,5.468734836999999960e-03
5.900000000000000000e+01,4.000000000000000000e+02,9.000000000000000222e-01,0.000000000000000000e+00,2.438150198000000046e-01,5.590246967999999705e-03
6.100000000000000000e+01,4.000000000000000000e+02,9.000000000000000222e-01,0.000000000000000000e+00,2.489767884000000098e-01,5.708777695000000207e-03
6.300000000000000000e+01,4.000000000000000000e+02,9.000000000000000222e-01,0.000000000000000000e+00,2.540130151000000169e-01,5.824435656000000183e-03
6.500000000000000000e+01,4.000000000000000000e+02,9.000000000000000222e-01,0.000000000000000000e+00,2.589282247999999953e-01,5.937324271000000118e-03
6.700000000000000000e+01,4.000000000000000000e+02,9.000000000000000222e-01,0.000000000000000000e+00,2.637267273000000189e-01,6.047542052000000161e-03
6.900000000000000000e+01,4.000000000000000000e+02,9.000000000000000222e-01,0.000000000000000000e+00,2.684126303000000102e-01,6.155182890000000274e-03
7.100000000000000000e+01,4.000000000000000000e+02,9.000000000000000222e-01,0.000000000000000000e+00,2.729898508999999973e-01,6.260336323000000036e-03
7.300000000000000000e+01,4.000000000000000000e+02,9.000000000000000222e-01,0.000000000000000000e+00,2.774621267999999863e-01,6.363087788999999793e-03
7.500000000000000000e+01,4.000000000000000000e+02,9.000000000000000222e-01,0.000000000000000000e+00,2.818330258999999782e-01,6.463518853000000189e-03
7.700000000000000000e+01,4.000000000000000000e+02,9.000000000000000222e-01,0.000000000000000000e+00,2.861059564999999805e-01,6.561707425000000427e-03
7.900000000000000000e+01,4.000000000000000000e+02,9.000000000000000222e-01,0.000000000000000000e+00,2.902841756999999800e-01,6.657727966999999608e-03
8.100000000000000000e+01,4.000000000000000000e+02,9.000000000000000222e-01,0.000000000000000000e+00,2.943707977000000198e-01,6.751651675000000345e-03
8.300000000000000000e+01,4.000000000000000000e+02,9.000000000000000222e-01,0.000000000000000000e+00,2.983688018000000275e-01,6.843546661999999788e-03
8.500000000000000000e+01,4.000000000000000000e+02,9.000000000000000222e-01,0.000000000000000000e+00,3.022810394000000067e-01,6.933478118999999822e-03
8.700000000000000000e+01,4.000000000000000000e+02,9.000000000000000222e-01,0.000000000000000000e+00,3.061102407999999886e-01,7.021508473999999930e-03
8.900000000000000000e+01,4.000000000000000000e+02,9.000000000000000222e-01,0.000000000000000000e+00,3.098590218999999757e-01,7.107697530999999673e-03
9.100000000000000000e+01,4.000000000000000000e+02,9.000000000000000222e-01,0.000000000000000000e+00,3.135298896000000002e-01,7.192102613999999845e-03
9.300000000000000000e+01,4.000000000000000000e+02,9.000000000000000222e-01,0.000000000000000000e+00,3.171252477000000014e-01,7.274778687999999827e-03
9.500000000000000000e+01,4.000000000000000000e+02,9.000000000000000222e-01,0.000000000000000000e+00,3.206474022999999951e-01,7.355778482000000125e-03
9.700000000000000000e+01,4.000000000000000000e+02,9.000000000000000222e-01,0.000000000000000000e+00,3.240985663000000017e-01,7.435152601000000194e-03
9.900000000000000000e+01,4.000000000000000000e+02,9.000000000000000222e-01,0.000000000000000000e+00,3.274808645999999768e-01,7.512949631999999746e-03
1.000000000000000000e+01,4.000000000000000000e+02,9.000000000000000222e-01,0.000000000000000000e+00,5.949016013999999797e-02,1.362804071999999941e-03
3.000000000000000000e+01,4.000000000000000000e+02,9.000000000000000222e-01,0.000000000000000000e+00,1.513205156999999912e-01,3.467799732999999815e-03
5.000000000000000000e+01,4.000000000000000000e+02,9.000000000000000222e-01,0.000000000000000000e+00,2.189001452999999875e-01,5.018260848999999725e-03
7.000000000000000000e+01,4.000000000000000000e+02,9.000000000000000222e-01,0.000000000000000000e+00,2.707145881999999948e-01,6.208065098999999629e-03
9.000000000000000000e+01,4.000000000000000000e+02,9.000000000000000222e-01,0.000000000000000000e+00,3.117040422999999838e-01,7.150119580000000204e-03
1.100000000000000000e+02,4.000000000000000000e+02,9.000000000000000222e-01,0.000000000000000000e+00,3.449398443999999730e-01,7.914639684000000092e-03
1.300000000000000000e+02,4.000000000000000000e+02,9.000000000000000222e-01,0.000000000000000000e+00,3.724318408000000247e-01,8.547587032000000459e-03
1.500000000000000000e+02,4.000000000000000000e+02,9.000000000000000222e-01,0.000000000000000000e+00,3.955504942999999995e-01,9.080310860999999886e-03
1.700000000000000000e+02,4.000000000000000000e+02,9.000000000000000222e-01,0.000000000000000000e+00,4.152624066000000225e-01,9.534928587999999192e-03
1.900000000000000000e+02,4.000000000000000000e+02,9.000000000000000222e-01,0.000000000000000000e+00,4.322688767999999793e-01,9.927491764999999205e-03
2.100000000000000000e+02,4.000000000000000000e+02,9.000000000000000222e-01,0.000000000000000000e+00,4.470910779999999751e-01,1.026993265000000072e-02
2.300000000000000000e+02,4.000000000000000000e+02,9.000000000000000222e-01,0.000000000000000000e+00,4.601243985999999841e-01,1.057130629000000051e-02
2.500000000000000000e+02,4.000000000000000000e+02,9.000000000000000222e-01,0.000000000000000000e+00,4.716742300999999804e-01,1.083860870000000025e-02
2.700000000000000000e+02,4.000000000000000000e+02,9.000000000000000222e-01,0.000000000000000000e+00,4.819801941999999895e-01,1.107733082000000001e-02
2.900000000000000000e+02,4.000000000000000000e+02,9.000000000000000222e-01,0.000000000000000000e+00,4.912329436999999799e-01,1.129184272999999954e-02
3.100000000000000000e+02,4.000000000000000000e+02,9.000000000000000222e-01,0.000000000000000000e+00,4.995860634000000022e-01,1.148566586999999993e-02
3.300000000000000000e+02,4.000000000000000000e+02,9.000000000000000222e-01,0.000000000000000000e+00,5.071646608000000001e-01,1.166166960000000058e-02
3.500000000000000000e+02,4.000000000000000000e+02,9.000000000000000222e-01,0.000000000000000000e+00,5.140716746000000281e-01,1.182221550000000024e-02
3.700000000000000000e+02,4.000000000000000000e+02,9.000000000000000222e-01,0.000000000000000000e+00,5.203925759999999956e-01,1.196926499000000067e-02
3.900000000000000000e+02,4.000000000000000000e+02,9.000000000000000222e-01,0.000000000000000000e+00,5.261989232999999544e-01,1.210446069000000076e-02
4.100000000000000000e+02,4.000000000000000000e+02,9.000000000000000222e-01,0.000000000000000000e+00,5.315510818999999998e-01,1.222918870999999998e-02
4.300000000000000000e+02,4.000000000000000000e+02,9.000000000000000222e-01,0.000000000000000000e+00,5.365003306000000194e-01,1.234462681999999936e-02
4.500000000000000000e+02,4.000000000000000000e+02,9.000000000000000222e-01,0.000000000000000000e+00,5.410905088999999890e-01,1.245178222999999973e-02
4.700000000000000000e+02,4.000000000000000000e+02,9.000000000000000222e-01,0.000000000000000000e+00,5.453593192000000256e-01,1.255152143000000040e-02
4.900000000000000000e+02,4.000000000000000000e+02,9.000000000000000222e-01,0.000000000000000000e+00,5.493393641999999577e-01,1.264459388000000080e-02
5.100000000000000000e+02,4.000000000000000000e+02,9.000000000000000222e-01,0.000000000000000000e+00,5.530589810999999578e-01,1.273165119999999928e-02
5.300000000000000000e+02,4.000000000000000000e+02,9.000000000000000222e-01,0.000000000000000000e+00,5.565429169000000176e-01,1.281326261999999987e-02
5.500000000000000000e+02,4.000000000000000000e+02,9.000000000000000222e-01,0.000000000000000000e+00,5.598128794000000186e-01,1.288992758999999919e-02
5.700000000000000000e+02,4.000000000000000000e+02,9.000000000000000222e-01,0.000000000000000000e+00,5.628879902000000213e-01,1.296208620000000034e-02
5.900000000000000000e+02,4.000000000000000000e+02,9.000000000000000222e-01,0.000000000000000000e+00,5.657851586000000044e-01,1.303012773000000041e-02
6.100000000000000000e+02,4.000000000000000000e+02,9.000000000000000222e-01,0.000000000000000000e+00,5.685193923000000371e-01,1.309439777999999929e-02
6.300000000000000000e+02,4.000000000000000000e+02,9.000000000000000222e-01,0.000000000000000000e+00,5.711040576000000479e-01,1.315520425000000007e-02
6.500000000000000000e+02,4.000000000000000000e+02,9.000000000000000222e-01,0.000000000000000000e+00,5.735510978000000204e-01,1.321282231999999952e-02
6.700000000000000000e+02,4.000000000000000000e+02,9.000000000000000222e-01,0.000000000000000000e+00,5.758712176000000404e-01,1.326749873000000052e-02
6.900000000000000000e+02,4.000000000000000000e+02,9.000000000000000222e-01,0.000000000000000000e+00,5.780740398999999474e-01,1.331945533000000043e-02
7.100000000000000000e+02,4.000000000000000000e+02,9.000000000000000222e-01,0.000000000000000000e+00,5.801682383999999804e-01,1.336889215999999964e-02
7.300000000000000000e+02,4.000000000000000000e+02,9.000000000000000222e-01,0.000000000000000000e+00,5.821616525999999681e-01,1.341599004999999983e-02
7.500000000000000000e+02,4.000000000000000000e+02,9.000000000000000222e-01,0.000000000000000000e+00,5.840613851999999495e-01,1.346091290000000010e-02
7.700000000000000000e+02,4.000000000000000000e+02,9.000000000000000222e-01,0.000000000000000000e+00,5.858738868999999738e-01,1.350380961000000046e-02
7.900000000000000000e+02,4.000000000000000000e+02,9.000000000000000222e-01,0.000000000000000000e+00,5.876050296000000506e-01,1.354481574000000049e-02
8.100000000000000000e+02,4.000000000000000000e+02,9.000000000000000222e-01,0.000000000000000000e+00,5.892601696000000500e-01,1.358405501000000022e-02
8.300000000000000000e+02,4.000000000000000000e+02,9.000000000000000222e-01,0.000000000000000000e+00,5.908442031999999733e-01,1.362164052000000049e-02
8.500000000000000000e+02,4.000000000000000000e+02,9.000000000000000222e-01,0.000000000000000000e+00,5.923616149999999525e-01,1.365767589999999920e-02
8.700000000000000000e+02,4.000000000000000000e+02,9.000000000000000222e-01,0.000000000000000000e+00,5.938165203999999919e-01,1.369225628999999958e-02
8.900000000000000000e+02,4.000000000000000000e+02,9.000000000000000222e-01,0.000000000000000000e+00,5.952127025000000238e-01,1.372546915999999992e-02
9.100000000000000000e+02,4.000000000000000000e+02,9.000000000000000222e-01,0.000000000000000000e+00,5.965536452999999906e-01,1.375739508000000007e-02
9.300000000000000000e+02,4.000000000000000000e+02,9.000000000000000222e-01,0.000000000000000000e+00,5.978425625000000077e-01,1.378810840999999954e-02
9.500000000000000000e+02,4.000000000000000000e+02,9.000000000000000222e-01,0.000000000000000000e+00,5.990824233000000554e-01,1.381767784999999964e-02
9.700000000000000000e+02,4.000000000000000000e+02,9.000000000000000222e-01,0.000000000000000000e+00,6.002759750999999699e-01,1.384616701999999942e-02
9.900000000000000000e+02,4.000000000000000000e+02,9.000000000000000222e-01,0.000000000000000000e+00,6.014257642000000459e-01,1.387363485000000021e-02
1.000000000000000000e+02,4.000000000000000000e+02,9.000000000000000222e-01,0.000000000000000000e+00,3.291468298999999931e-01,7.551271396999999740e-03
3.000000000000000000e+02,4.000000000000000000e+02,9.000000000000000222e-01,0.000000000000000000e+00,4.955135538000000062e-01,1.139114767999999979e-02
5.000000000000000000e+02,4.000000000000000000e+02,9.000000000000000222e-01,0.000000000000000000e+00,5.512301024000000327e-01,1.268883707999999937e-02
7.000000000000000000e+02,4.000000000000000000e+02,9.000000000000000222e-01,0.000000000000000000e+00,5.791342087999999944e-01,1.334447698999999959e-02
9.000000000000000000e+02,4.000000000000000000e+02,9.000000000000000222e-01,0.000000000000000000e+00,5.958898718999999788e-01,1.374158819999999996e-02
1.100000000000000000e+03,4.000000000000000000e+02,9.000000000000000222e-01,0.000000000000000000e+00,6.070650221000000180e-01,1.400871480000000051e-02
1.300000000000000000e+03,4.000000000000000000e+02,9.000000000000000222e-01,0.000000000000000000e+00,6.150491049999999849e-01,1.420118727999999941e-02
1.500000000000000000e+03,4.000000000000000000e+02,9.000000000000000222e-01,0.000000000000000000e+00,6.210378650000000222e-01,1.434677674000000083e-02
1.700000000000000000e+03,4.000000000000000000e+02,9.000000000000000222e-01,0.000000000000000000e+00,6.256959958000000155e-01,1.446096610000000005e-02
1.900000000000000000e+03,4.000000000000000000e+02,9.000000000000000222e-01,0.000000000000000000e+00,6.294224835999999712e-01,1.455307613000000021e-02
2.100000000000000000e+03,4.000000000000000000e+02,9.000000000000000222e-01,0.000000000000000000e+00,6.324713091000000453e-01,1.462905737999999935e-02
2.300000000000000000e+03,4.000000000000000000e+02,9.000000000000000222e-01,0.000000000000000000e+00,6.350118337000000279e-01,1.469288927000000043e-02
2.500000000000000000e+03,4.000000000000000000e+02,9.000000000000000222e-01,0.000000000000000000e+00,6.371613296000000481e-01,1.474733523000000025e-02
2.700000000000000000e+03,4.000000000000000000e+02,9.000000000000000222e-01,0.000000000000000000e+00,6.390035747000000210e-01,1.479437507999999991e-02
2.900000000000000000e+03,4.000000000000000000e+02,9.000000000000000222e-01,0.000000000000000000e+00,6.406000130000000237e-01,1.483546502000000072e-02
3.100000000000000000e+03,4.000000000000000000e+02,9.000000000000000222e-01,0.000000000000000000e+00,6.419967318999999506e-01,1.487170038000000007e-02
3.300000000000000000e+03,4.000000000000000000e+02,9.000000000000000222e-01,0.000000000000000000e+00,6.432289767000000102e-01,1.490392121000000056e-02
3.500000000000000000e+03,4.000000000000000000e+02,9.000000000000000222e-01,0.000000000000000000e+00,6.443241619999999781e-01,1.493278276999999987e-02
3.700000000000000000e+03,4.000000000000000000e+02,9.000000000000000222e-01,0.000000000000000000e+00,6.453039319000000162e-01,1.495880383999999980e-02
3.900000000000000000e+03,4.000000000000000000e+02,9.000000000000000222e-01,0.000000000000000000e+00,6.461856017999999535e-01,1.498240062999999997e-02
4.100000000000000000e+03,4.000000000000000000e+02,9.000000000000000222e-01,0.000000000000000000e+00,6.469831893999999917e-01,1.500391101999999990e-02
4.300000000000000000e+03,4.000000000000000000e+02,9.000000000000000222e-01,0.000000000000000000e+00,6.477081637999999586e-01,1.502361223000000037e-02
4.500000000000000000e+03,4.000000000000000000e+02,9.000000000000000222e-01,0.000000000000000000e+00,6.483699994999999605e-01,1.504173391999999963e-02
4.700000000000000000e+03,4.000000000000000000e+02,9.000000000000000222e-01,0.000000000000000000e+00,6.489765916999999940e-01,1.505846800000000020e-02
4.900000000000000000e+03,4.000000000000000000e+02,9.000000000000000222e-01,0.000000000000000000e+00,6.495345727000000347e-01,1.507397610999999978e-02
5.100000000000000000e+03,4.000000000000000000e+02,9.000000000000000222e-01,0.000000000000000000e+00,6.500495538999999656e-01,1.508839541000000020e-02
5.300000000000000000e+03,4.000000000000000000e+02,9.000000000000000222e-01,0.000000000000000000e+00,6.505263155999999602e-01,1.510184304999999914e-02
5.500000000000000000e+03,4.000000000000000000e+02,9.000000000000000222e-01,0.000000000000000000e+00,6.509689550999999685e-01,1.511441973999999924e-02
5.700000000000000000e+03,4.000000000000000000e+02,9.000000000000000222e-01,0.000000000000000000e+00,6.513810043000000105e-01,1.512621251999999965e-02
5.900000000000000000e+03,4.000000000000000000e+02,9.000000000000000222e-01,0.000000000000000000e+00,6.517655242000000015e-01,1.513729702000000087e-02
6.100000000000000000e+03,4.000000000000000000e+02,9.000000000000000222e-01,0.000000000000000000e+00,6.521251809000000454e-01,1.514773930999999997e-02
6.300000000000000000e+03,4.000000000000000000e+02,9.000000000000000222e-01,0.000000000000000000e+00,6.524623067999999471e-01,1.515759734999999955e-02
6.500000000000000000e+03,4.000000000000000000e+02,9.000000000000000222e-01,0.000000000000000000e+00,6.527789519000000151e-01,1.516692220000000028e-02
6.700000000000000000e+03,4.000000000000000000e+02,9.000000000000000222e-01,0.000000000000000000e+00,6.530769245999999972e-01,1.517575904999999940e-02
6.900000000000000000e+03,4.000000000000000000e+02,9.000000000000000222e-01,0.000000000000000000e+00,6.533578268999999938e-01,1.518414801999999966e-02
7.100000000000000000e+03,4.000000000000000000e+02,9.000000000000000222e-01,0.000000000000000000e+00,6.536230825000000078e-01,1.519212487000000042e-02
7.300000000000000000e+03,4.000000000000000000e+02,9.000000000000000222e-01,0.000000000000000000e+00,6.538739612999999729e-01,1.519972158999999962e-02
7.500000000000000000e+03,4.000000000000000000e+02,9.000000000000000222e-01,0.000000000000000000e+00,6.541115992999999573e-01,1.520696686000000061e-02
7.700000000000000000e+03,4.000000000000000000e+02,9.000000000000000222e-01,0.000000000000000000e+00,6.543370160999999463e-01,1.521388650000000085e-02
7.900000000000000000e+03,4.000000000000000000e+02,9.000000000000000222e-01,0.000000000000000000e+00,6.545511292000000259e-01,1.522050380000000008e-02
8.100000000000000000e+03,4.000000000000000000e+02,9.000000000000000222e-01,0.000000000000000000e+00,6.547547665999999822e-01,1.522683984000000081e-02
8.300000000000000000e+03,4.000000000000000000e+02,9.000000000000000222e-01,0.000000000000000000e+00,6.549486773999999567e-01,1.523291375000000031e-02
8.500000000000000000e+03,4.000000000000000000e+02,9.000000000000000222e-01,0.000000000000000000e+00,6.551335409999999859e-01,1.523874289000000035e-02
8.700000000000000000e+03,4.000000000000000000e+02,9.000000000000000222e-01,0.000000000000000000e+00,6.553099749999999890e-01,1.524434313000000082e-02
8.900000000000000000e+03,4.000000000000000000e+02,9.000000000000000222e-01,0.000000000000000000e+00,6.554785419999999974e-01,1.524972892999999947e-02
9.100000000000000000e+03,4.000000000000000000e+02,9.000000000000000222e-01,0.000000000000000000e+00,6.556397556999999932e-01,1.525491355999999965e-02
9.300000000000000000e+03,4.000000000000000000e+02,9.000000000000000222e-01,0.000000000000000000e+00,6.557940862000000148e-01,1.525990915000000059e-02
9.500000000000000000e+03,4.000000000000000000e+02,9.000000000000000222e-01,0.000000000000000000e+00,6.559419641000000523e-01,1.526472689000000008e-02
9.700000000000000000e+03,4.000000000000000000e+02,9.000000000000000222e-01,0.000000000000000000e+00,6.560837850999999832e-01,1.526937704999999958e-02
9.900000000000000000e+03,4.000000000000000000e+02,9.000000000000000222e-01,0.000000000000000000e+00,6.562199131000000518e-01,1.527386912999999929e-02
1.000000000000000000e+03,4.000000000000000000e+02,9.000000000000000222e-01,0.000000000000000000e+00,6.019849927000000545e-01,1.388700302999999921e-02
3.000000000000000000e+03,4.000000000000000000e+02,9.000000000000000222e-01,0.000000000000000000e+00,6.413209213999999658e-01,1.485413200000000079e-02
5.000000000000000000e+03,4.000000000000000000e+02,9.000000000000000222e-01,0.000000000000000000e+00,6.497971219000000520e-01,1.508131411000000061e-02
7.000000000000000000e+03,4.000000000000000000e+02,9.000000000000000222e-01,0.000000000000000000e+00,6.534923277999999947e-01,1.518818587999999983e-02
9.000000000000000000e+03,4.000000000000000000e+02,9.000000000000000222e-01,0.000000000000000000e+00,6.555600377000000423e-01,1.525234561000000065e-02
1.100000000000000000e+04,4.000000000000000000e+02,9.000000000000000222e-01,0.000000000000000000e+00,6.568806255000000371e-01,1.529611057999999933e-02
1.300000000000000000e+04,4.000000000000000000e+02,9.000000000000000222e-01,0.000000000000000000e+00,6.577966552999999772e-01,1.532840952000000083e-02
1.500000000000000000e+04,4.000000000000000000e+02,9.000000000000000222e-01,0.000000000000000000e+00,6.584691083000000500e-01,1.535355147000000073e-02
1.700000000000000000e+04,4.000000000000000000e+02,9.000000000000000222e-01,0.000000000000000000e+00,6.589836014000000075e-01,1.537388789999999915e-02
1.900000000000000000e+04,4.000000000000000000e+02,9.000000000000000222e-01,0.000000000000000000e+00,6.593898604000000274e-01,1.539081903999999987e-02
2.100000000000000000e+04,4.000000000000000000e+02,9.000000000000000222e-01,0.000000000000000000e+00,6.597187383999999488e-01,1.540523505999999952e-02
2.300000000000000000e+04,4.000000000000000000e+02,9.000000000000000222e-01,0.000000000000000000e+00,6.599903904999999682e-01,1.541773142999999964e-02
2.500000000000000000e+04,4.000000000000000000e+02,9.000000000000000222e-01,0.000000000000000000e+00,6.602185391999999542e-01,1.542872305999999985e-02
2.700000000000000000e+04,4.000000000000000000e+02,9.000000000000000222e-01,0.000000000000000000e+00,6.604128497000000264e-01,1.543850888999999914e-02
2.900000000000000000e+04,4.000000000000000000e+02,9.000000000000000222e-01,0.000000000000000000e+00,6.605803256000000179e-01,1.544731038000000077e-02
3.100000000000000000e+04,4.000000000000000000e+02,9.000000000000000222e-01,0.000000000000000000e+00,6.607261654999999623e-01,1.545529550999999967e-02
3.300000000000000000e+04,4.000000000000000000e+02,9.000000000000000222e-01,0.000000000000000000e+00,6.608543091999999897e-01,1.546259432000000010e-02
3.500000000000000000e+04,4.000000000000000000e+02,9.000000000000000222e-01,0.000000000000000000e+00,6.609677962000000129e-01,1.546930927000000032e-02
3.700000000000000000e+04,4.000000000000000000e+02,9.000000000000000222e-01,0.000000000000000000e+00,6.610690093000000100e-01,1.547552228999999994e-02
3.900000000000000000e+04,4.000000000000000000e+02,9.000000000000000222e-01,0.000000000000000000e+00,6.611598422000000141e-01,1.548129986999999957e-02
4.100000000000000000e+04,4.000000000000000000e+02,9.000000000000000222e-01,0.000000000000000000e+00,6.612418194000000415e-01,1.548669654000000076e-02
4.300000000000000000e+04,4.000000000000000000e+02,9.000000000000000222e-01,0.000000000000000000e+00,6.613161812000000195e-01,1.549175757999999951e-02
4.500000000000000000e+04,4.000000000000000000e+02,9.000000000000000222e-01,0.000000000000000000e+00,6.613839474999999579e-01,1.549652091000000044e-02
4.700000000000000000e+04,4.000000000000000000e+02,9.000000000000000222e-01,0.000000000000000000e+00,6.614459643000000222e-01,1.550101857000000041e-02
4.900000000000000000e+04,4.000000000000000000e+02,9.000000000000000222e-01,0.000000000000000000e+00,6.615029393000000368e-01,1.550527787999999955e-02
5.100000000000000000e+04,4.000000000000000000e+02,9.000000000000000222e-01,0.000000000000000000e+00,6.615554689999999516e-01,1.550932227999999961e-02
5.300000000000000000e+04,4.000000000000000000e+02,9.000000000000000222e-01,0.000000000000000000e+00,6.616040597000000245e-01,1.551317200000000042e-02
5.500000000000000000e+04,4.000000000000000000e+02,9.000000000000000222e-01,0.000000000000000000e+00,6.616491438999999586e-01,1.551684465999999922e-02
5.700000000000000000e+04,4.000000000000000000e+02,9.000000000000000222e-01,0.000000000000000000e+00,6.616910931999999690e-01,1.552035562999999965e-02
5.900000000000000000e+04,4.000000000000000000e+02,9.000000000000000222e-01,0.000000000000000000e+00,6.617302287999999866e-01,1.552371844000000056e-02
6.100000000000000000e+04,4.000000000000000000e+02,9.000000000000000222e-01,0.000000000000000000e+00,6.617668295999999950e-01,1.552694502999999934e-02
6.300000000000000000e+04,4.000000000000000000e+02,9.000000000000000222e-01,0.000000000000000000e+00,6.618011389000000300e-01,1.553004598999999965e-02
6.500000000000000000e+04,4.000000000000000000e+02,9.000000000000000222e-01,0.000000000000000000e+00,6.618333700999999847e-01,1.553303074999999936e-02
6.700000000000000000e+04,4.000000000000000000e+02,9.000000000000000222e-01,0.000000000000000000e+00,6.618637108999999574e-01,1.553590774999999945e-02
6.900000000000000000e+04,4.000000000000000000e+02,9.000000000000000222e-01,0.000000000000000000e+00,6.618923272000000191e-01,1.553868457000000085e-02
7.100000000000000000e+04,4.000000000000000000e+02,9.000000000000000222e-01,0.000000000000000000e+00,6.619193663000000338e-01,1.554136801999999977e-02
7.300000000000000000e+04,4.000000000000000000e+02,9.000000000000000222e-01,0.000000000000000000e+00,6.619449590000000549e-01,1.554396427000000018e-02
7.500000000000000000e+04,4.000000000000000000e+02,9.000000000000000222e-01,0.000000000000000000e+00,6.619692221999999848e-01,1.554647890999999969e-02
7.700000000000000000e+04,4.000000000000000000e+02,9.000000000000000222e-01,0.000000000000000000e+00,6.619922607999999542e-01,1.554891700999999973e-02
7.900000000000000000e+04,4.000000000000000000e+02,9.000000000000000222e-01,0.000000000000000000e+00,6.620141686999999608e-01,1.555128321000000084e-02
8.100000000000000000e+04,4.000000000000000000e+02,9.000000000000000222e-01,0.000000000000000000e+00,6.620350307000000267e-01,1.555358173000000004e-02
8.300000000000000000e+04,4.000000000000000000e+02,9.000000000000000222e-01,0.000000000000000000e+00,6.620549233000000422e-01,1.555581645999999998e-02
8.500000000000000000e+04,4.000000000000000000e+02,9.000000000000000222e-01,0.000000000000000000e+00,6.620739157999999680e-01,1.555799094999999951e-02
8.700000000000000000e+04,4.000000000000000000e+02,9.000000000000000222e-01,0.000000000000000000e+00,6.620920711000000125e-01,1.556010847000000030e-02
8.900000000000000000e+04,4.000000000000000000e+02,9.000000000000000222e-01,0.000000000000000000e+00,6.621094463000000152e-01,1.556217204999999978e-02
9.100000000000000000e+04,4.000000000000000000e+02,9.000000000000000222e-01,0.000000000000000000e+00,6.621260935999999653e-01,1.556418447999999982e-02
9.300000000000000000e+04,4.000000000000000000e+02,9.000000000000000222e-01,0.000000000000000000e+00,6.621420606000000264e-01,1.556614832999999969e-02
9.500000000000000000e+04,4.000000000000000000e+02,9.000000000000000222e-01,0.000000000000000000e+00,6.621573909000000313e-01,1.556806600999999929e-02
9.700000000000000000e+04,4.000000000000000000e+02,9.000000000000000222e-01,0.000000000000000000e+00,6.621721244999999589e-01,1.556993974999999926e-02
9.900000000000000000e+04,4.000000000000000000e+02,9.000000000000000222e-01,0.000000000000000000e+00,6.621862979999999510e-01,1.557177161000000004e-02
1.000000000000000000e+04,4.000000000000000000e+02,9.000000000000000222e-01,0.000000000000000000e+00,6.562859480999999606e-01,1.527605865000000035e-02
3.000000000000000000e+04,4.000000000000000000e+02,9.000000000000000222e-01,0.000000000000000000e+00,6.606556792000000122e-01,1.545139610999999961e-02
5.000000000000000000e+04,4.000000000000000000e+02,9.000000000000000222e-01,0.000000000000000000e+00,6.615297262999999539e-01,1.550732561000000079e-02
7.000000000000000000e+04,4.000000000000000000e+02,9.000000000000000222e-01,0.000000000000000000e+00,6.619060354000000368e-01,1.554003756000000083e-02
9.000000000000000000e+04,4.000000000000000000e+02,9.000000000000000222e-01,0.000000000000000000e+00,6.621178578999999953e-01,1.556318448999999965e-02
1.100000000000000000e+05,4.000000000000000000e+02,9.000000000000000222e-01,0.000000000000000000e+00,6.622556274999999992e-01,1.558117850999999991e-02
1.300000000000000000e+05,4.000000000000000000e+02,9.000000000000000222e-01,0.000000000000000000e+00,6.623539200000000404e-01,1.559596966000000029e-02
1.500000000000000000e+05,4.000000000000000000e+02,9.000000000000000222e-01,0.000000000000000000e+00,6.624287687000000036e-01,1.560858375999999922e-02
1.700000000000000000e+05,4.000000000000000000e+02,9.000000000000000222e-01,0.000000000000000000e+00,6.624886062000000519e-01,1.561962452000000001e-02
1.900000000000000000e+05,4.000000000000000000e+02,9.000000000000000222e-01,0.000000000000000000e+00,6.625382817999999618e-01,1.562947635000000099e-02
2.100000000000000000e+05,4.000000000000000000e+02,9.000000000000000222e-01,0.000000000000000000e+00,6.625807770999999624e-01,1.563839875000000088e-02
2.300000000000000000e+05,4.000000000000000000e+02,9.000000000000000222e-01,0.000000000000000000e+00,6.626180229999999449e-01,1.564657493000000052e-02
2.500000000000000000e+05,4.000000000000000000e+02,9.000000000000000222e-01,0.000000000000000000e+00,6.626513236000000084e-01,1.565413900999999830e-02
2.700000000000000000e+05,4.000000000000000000e+02,9.000000000000000222e-01,0.000000000000000000e+00,6.626815898000000260e-01,1.566119200000000086e-02
2.900000000000000000e+05,4.000000000000000000e+02,9.000000000000000222e-01,0.000000000000000000e+00,6.627094768000000302e-01,1.566781190999999920e-02
3.100000000000000000e+05,4.000000000000000000e+02,9.000000000000000222e-01,0.000000000000000000e+00,6.627354668999999587e-01,1.567406018999999845e-02
3.300000000000000000e+05,4.000000000000000000e+02,9.000000000000000222e-01,0.000000000000000000e+00,6.627599231999999896e-01,1.567998610000000126e-02
3.500000000000000000e+05,4.000000000000000000e+02,9.000000000000000222e-01,0.000000000000000000e+00,6.627831234000000071e-01,1.568562973999999832e-02
3.700000000000000000e+05,4.000000000000000000e+02,9.000000000000000222e-01,0.000000000000000000e+00,6.628052838000000335e-01,1.569102417999999888e-02
3.900000000000000000e+05,4.000000000000000000e+02,9.000000000000000222e-01,0.000000000000000000e+00,6.628265747999999569e-01,1.569619699000000118e-02
4.100000000000000000e+05,4.000000000000000000e+02,9.000000000000000222e-01,0.000000000000000000e+00,6.628471327999999607e-01,1.570117141999999993e-02
4.300000000000000000e+05,4.000000000000000000e+02,9.000000000000000222e-01,0.000000000000000000e+00,6.628670677000000344e-01,1.570596726999999929e-02
4.500000000000000000e+05,4.000000000000000000e+02,9.000000000000000222e-01,0.000000000000000000e+00,6.628864693999999558e-01,1.571060147999999920e-02
4.700000000000000000e+05,4.000000000000000000e+02,9.000000000000000222e-01,0.000000000000000000e+00,6.629054117999999551e-01,1.571508870999999835e-02
4.900000000000000000e+05,4.000000000000000000e+02,9.000000000000000222e-01,0.000000000000000000e+00,6.629239563000000057e-01,1.571944172000000126e-02
5.100000000000000000e+05,4.000000000000000000e+02,9.000000000000000222e-01,0.000000000000000000e+00,6.629421542000000223e-01,1.572367167000000149e-02
5.300000000000000000e+05,4.000000000000000000e+02,9.000000000000000222e-01,0.000000000000000000e+00,6.629600488000000347e-01,1.572778839000000053e-02
5.500000000000000000e+05,4.000000000000000000e+02,9.000000000000000222e-01,0.000000000000000000e+00,6.629776767999999709e-01,1.573180055999999841e-02
5.700000000000000000e+05,4.000000000000000000e+02,9.000000000000000222e-01,0.000000000000000000e+00,6.629950692999999617e-01,1.573571592000000061e-02
5.900000000000000000e+05,4.000000000000000000e+02,9.000000000000000222e-01,0.000000000000000000e+00,6.630122533000000207e-01,1.573954136999999864e-02
6.100000000000000000e+05,4.000000000000000000e+02,9.000000000000000222e-01,0.000000000000000000e+00,6.630292518000000523e-01,1.574328310000000161e-02
6.300000000000000000e+05,4.000000000000000000e+02,9.000000000000000222e-01,0.000000000000000000e+00,6.630460848000000462e-01,1.574694668999999936e-02
6.500000000000000000e+05,4.000000000000000000e+02,9.000000000000000222e-01,0.000000000000000000e+00,6.630627696999999987e-01,1.575053716000000131e-02
6.700000000000000000e+05,4.000000000000000000e+02,9.000000000000000222e-01,0.000000000000000000e+00,6.630793216999999462e-01,1.575405908000000049e-02
6.900000000000000000e+05,4.000000000000000000e+02,9.000000000000000222e-01,0.000000000000000000e+00,6.630957540999999900e-01,1.575751658999999943e-02
7.100000000000000000e+05,4.000000000000000000e+02,9.000000000000000222e-01,0.000000000000000000e+00,6.631120785999999878e-01,1.576091349000000030e-02
7.300000000000000000e+05,4.000000000000000000e+02,9.000000000000000222e-01,0.000000000000000000e+00,6.631283055000000148e-01,1.576425321999999976e-02
7.500000000000000000e+05,4.000000000000000000e+02,9.000000000000000222e-01,0.000000000000000000e+00,6.631444440999999523e-01,1.576753897000000154e-02
7.700000000000000000e+05,4.000000000000000000e+02,9.000000000000000222e-01,0.000000000000000000e+00,6.631605024000000181e-01,1.577077362999999843e-02
7.900000000000000000e+05,4.000000000000000000e+02,9.000000000000000222e-01,0.000000000000000000e+00,6.631764877000000391e-01,1.577395989999999873e-02
8.100000000000000000e+05,4.000000000000000000e+02,9.000000000000000222e-01,0.000000000000000000e+00,6.631924064999999979e-01,1.577710024999999863e-02
8.300000000000000000e+05,4.000000000000000000e+02,9.000000000000000222e-01,0.000000000000000000e+00,6.632082645000000332e-01,1.578019698000000109e-02
8.500000000000000000e+05,4.000000000000000000e+02,9.000000000000000222e-01,0.000000000000000000e+00,6.632240669000000199e-01,1.578325221000000111e-02
8.700000000000000000e+05,4.000000000000000000e+02,9.000000000000000222e-01,0.000000000000000000e+00,6.632398185000000224e-01,1.578626790999999863e-02
8.900000000000000000e+05,4.000000000000000000e+02,9.000000000000000222e-01,0.000000000000000000e+00,6.632555234000000466e-01,1.578924590999999933e-02
9.100000000000000000e+05,4.000000000000000000e+02,9.000000000000000222e-01,0.000000000000000000e+00,6.632711854999999712e-01,1.579218792999999982e-02
9.300000000000000000e+05,4.000000000000000000e+02,9.000000000000000222e-01,0.000000000000000000e+00,6.632868081999999665e-01,1.579509557000000064e-02
9.500000000000000000e+05,4.000000000000000000e+02,9.000000000000000222e-01,0.000000000000000000e+00,6.633023945999999560e-01,1.579797030999999935e-02
9.700000000000000000e+05,4.000000000000000000e+02,9.000000000000000222e-01,0.000000000000000000e+00,6.633179475999999575e-01,1.580081355000000076e-02
9.900000000000000000e+05,4.000000000000000000e+02,9.000000000000000222e-01,0.000000000000000000e+00,6.633334697999999641e-01,1.580362659999999878e-02
1.000000000000000000e+05,4.000000000000000000e+02,9.000000000000000222e-01,0.000000000000000000e+00,6.621931854999999478e-01,1.557267243999999919e-02
3.000000000000000000e+05,4.000000000000000000e+02,9.000000000000000222e-01,0.000000000000000000e+00,6.627226838999999980e-01,1.567097917999999909e-02
5.000000000000000000e+05,4.000000000000000000e+02,9.000000000000000222e-01,0.000000000000000000e+00,6.629330957000000302e-01,1.572157143999999840e-02
7.000000000000000000e+05,4.000000000000000000e+02,9.000000000000000222e-01,0.000000000000000000e+00,6.631039291000000446e-01,1.575922240000000168e-02
9.000000000000000000e+05,4.000000000000000000e+02,9.000000000000000222e-01,0.000000000000000000e+00,6.632633596000000464e-01,1.579072131999999934e-02
1.100000000000000000e+06,4.000000000000000000e+02,9.000000000000000222e-01,0.000000000000000000e+00,6.634183864999999569e-01,1.581861019999999951e-02
1.300000000000000000e+06,4.000000000000000000e+02,9.000000000000000222e-01,0.000000000000000000e+00,6.635714486999999551e-01,1.584412129999999974e-02
1.500000000000000000e+06,4.000000000000000000e+02,9.000000000000000222e-01,0.000000000000000000e+00,6.637235687000000439e-01,1.586794634000000120e-02
1.700000000000000000e+06,4.000000000000000000e+02,9.000000000000000222e-01,0.000000000000000000e+00,6.638752266999999874e-01,1.589051262999999908e-02
1.900000000000000000e+06,4.000000000000000000e+02,9.000000000000000222e-01,0.000000000000000000e+00,6.640266660000000432e-01,1.591210276000000132e-02
2.100000000000000000e+06,4.000000000000000000e+02,9.000000000000000222e-01,0.000000000000000000e+00,6.641780152999999798e-01,1.593291339999999834e-02
2.300000000000000000e+06,4.000000000000000000e+02,9.000000000000000222e-01,0.000000000000000000e+00,6.643293447000000462e-01,1.595308691000000070e-02
2.500000000000000000e+06,4.000000000000000000e+02,9.000000000000000222e-01,0.000000000000000000e+00,6.644806922999999532e-01,1.597272967999999876e-02
2.700000000000000000e+06,4.000000000000000000e+02,9.000000000000000222e-01,0.000000000000000000e+00,6.646320782000000316e-01,1.599192333999999854e-02
2.900000000000000000e+06,4.000000000000000000e+02,9.000000000000000222e-01,0.000000000000000000e+00,6.647835121999999819e-01,1.601073185000000121e-02
3.100000000000000000e+06,4.000000000000000000e+02,9.000000000000000222e-01,0.000000000000000000e+00,6.649349976999999745e-01,1.602920630999999860e-02
3.300000000000000000e+06,4.000000000000000000e+02,9.000000000000000222e-01,0.000000000000000000e+00,6.650865348000000177e-01,1.604738814000000041e-02
3.500000000000000000e+06,4.000000000000000000e+02,9.000000000000000222e-01,0.000000000000000000e+00,6.652381214999999459e-01,1.606531142999999967e-02
3.700000000000000000e+06,4.000000000000000000e+02,9.000000000000000222e-01,0.000000000000000000e+00,6.653897545000000413e-01,1.608300453000000019e-02
3.900000000000000000e+06,4.000000000000000000e+02,9.000000000000000222e-01,0.000000000000000000e+00,6.655414297999999729e-01,1.610049130999999939e-02
4.100000000000000000e+06,4.000000000000000000e+02,9.000000000000000222e-01,0.000000000000000000e+00,6.656931432999999565e-01,1.611779203000000132e-02
4.300000000000000000e+06,4.000000000000000000e+02,9.000000000000000222e-01,0.000000000000000000e+00,6.658448906999999695e-01,1.613492404000000172e-02
4.500000000000000000e+06,4.000000000000000000e+02,9.000000000000000222e-01,0.000000000000000000e+00,6.659966677999999973e-01,1.615190232999999878e-02
4.700000000000000000e+06,4.000000000000000000e+02,9.000000000000000222e-01,0.000000000000000000e+00,6.661484705000000339e-01,1.616873991000000038e-02
4.900000000000000000e+06,4.000000000000000000e+02,9.000000000000000222e-01,0.000000000000000000e+00,6.663002948999999786e-01,1.618544816999999830e-02
5.100000000000000000e+06,4.000000000000000000e+02,9.000000000000000222e-01,0.000000000000000000e+00,6.664521373999999776e-01,1.620203711000000116e-02
5.300000000000000000e+06,4.000000000000000000e+02,9.000000000000000222e-01,0.000000000000000000e+00,6.666039943999999551e-01,1.621851558999999957e-02
5.500000000000000000e+06,4.000000000000000000e+02,9.000000000000000222e-01,0.000000000000000000e+00,6.667558626999999793e-01,1.623489147999999938e-02
5.700000000000000000e+06,4.000000000000000000e+02,9.000000000000000222e-01,0.000000000000000000e+00,6.669077392000000160e-01,1.625117179999999856e-02
5.900000000000000000e+06,4.000000000000000000e+02,9.000000000000000222e-01,0.000000000000000000e+00,6.670596211000000553e-01,1.626736284000000060e-02
6.100000000000000000e+06,4.000000000000000000e+02,9.000000000000000222e-01,0.000000000000000000e+00,6.672115055999999766e-01,1.628347025999999850e-02
6.300000000000000000e+06,4.000000000000000000e+02,9.000000000000000222e-01,0.000000000000000000e+00,6.673633903000000256e-01,1.629949917999999956e-02
6.500000000000000000e+06,4.000000000000000000e+02,9.000000000000000222e-01,0.000000000000000000e+00,6.675152728000000035e-01,1.631545423999999911e-02
6.700000000000000000e+06,4.000000000000000000e+02,9.000000000000000222e-01,0.000000000000000000e+00,6.676671508999999505e-01,1.633133963000000036e-02
6.900000000000000000e+06,4.000000000000000000e+02,9.000000000000000222e-01,0.000000000000000000e+00,6.678190225000000257e-01,1.634715921000000002e-02
7.100000000000000000e+06,4.000000000000000000e+02,9.000000000000000222e-01,0.000000000000000000e+00,6.679708858999999777e-01,1.636291646999999891e-02
7.300000000000000000e+06,4.000000000000000000e+02,9.000000000000000222e-01,0.000000000000000000e+00,6.681227389999999655e-01,1.637861464000000059e-02
7.500000000000000000e+06,4.000000000000000000e+02,9.000000000000000222e-01,0.000000000000000000e+00,6.682745803999999845e-01,1.639425668000000016e-02
7.700000000000000000e+06,4.000000000000000000e+02,9.000000000000000222e-01,0.000000000000000000e+00,6.684264082999999967e-01,1.640984528999999900e-02
7.900000000000000000e+06,4.000000000000000000e+02,9.000000000000000222e-01,0.000000000000000000e+00,6.685782212999999974e-01,1.642538300000000173e-02
8.100000000000000000e+06,4.000000000000000000e+02,9.000000000000000222e-01,0.000000000000000000e+00,6.687300179999999816e-01,1.644087212999999909e-02
8.300000000000000000e+06,4.000000000000000000e+02,9.000000000000000222e-01,0.000000000000000000e+00,6.688817971999999612e-01,1.645631483999999978e-02
8.500000000000000000e+06,4.000000000000000000e+02,9.000000000000000222e-01,0.000000000000000000e+00,6.690335574000000340e-01,1.647171311000000110e-02
8.700000000000000000e+06,4.000000000000000000e+02,9.000000000000000222e-01,0.000000000000000000e+00,6.691852977000000147e-01,1.648706881999999901e-02
8.900000000000000000e+06,4.000000000000000000e+02,9.000000000000000222e-01,0.000000000000000000e+00,6.693370169000000258e-01,1.650238369000000052e-02
9.100000000000000000e+06,4.000000000000000000e+02,9.000000000000000222e-01,0.000000000000000000e+00,6.694887139999999848e-01,1.651765934000000088e-02
9.300000000000000000e+06,4.000000000000000000e+02,9.000000000000000222e-01,0.000000000000000000e+00,6.696403880000000308e-01,1.653289729000000097e-02
9.500000000000000000e+06,4.000000000000000000e+02,9.000000000000000222e-01,0.000000000000000000e+00,6.697920378999999702e-01,1.654809894999999947e-02
9.700000000000000000e+06,4.000000000000000000e+02,9.000000000000000222e-01,0.000000000000000000e+00,6.699436629999999671e-01,1.656326564999999890e-02
9.900000000000000000e+06,4.000000000000000000e+02,9.000000000000000222e-01,0.000000000000000000e+00,6.700952623000000496e-01,1.657839863000000122e-02
1.000000000000000000e+06,4.000000000000000000e+02,9.000000000000000222e-01,0.000000000000000000e+00,6.633412199999999537e-01,1.580502220000000110e-02
3.000000000000000000e+06,4.000000000000000000e+02,9.000000000000000222e-01,0.000000000000000000e+00,6.648592483999999914e-01,1.602000804999999944e-02
5.000000000000000000e+06,4.000000000000000000e+02,9.000000000000000222e-01,0.000000000000000000e+00,6.663762141000000305e-01,1.619375697000000058e-02
7.000000000000000000e+06,4.000000000000000000e+02,9.000000000000000222e-01,0.000000000000000000e+00,6.678949553999999900e-01,1.635504541999999867e-02
9.000000000000000000e+06,4.000000000000000000e+02,9.000000000000000222e-01,0.000000000000000000e+00,6.694128683000000191e-01,1.651002631999999928e-02
1.100000000000000000e+07,4.000000000000000000e+02,9.000000000000000222e-01,0.000000000000000000e+00,6.709285659000000512e-01,1.666107639999999876e-02
1.300000000000000000e+07,4.000000000000000000e+02,9.000000000000000222e-01,0.000000000000000000e+00,6.724412731000000143e-01,1.680936820000000081e-02
1.500000000000000000e+07,4.000000000000000000e+02,9.000000000000000222e-01,0.000000000000000000e+00,6.739505233000000484e-01,1.695556780000000152e-02
1.700000000000000000e+07,4.000000000000000000e+02,9.000000000000000222e-01,0.000000000000000000e+00,6.754560186000000410e-01,1.710009058000000123e-02
1.900000000000000000e+07,4.000000000000000000e+02,9.000000000000000222e-01,0.000000000000000000e+00,6.769575609000000327e-01,1.724321343999999853e-02
2.100000000000000000e+07,4.000000000000000000e+02,9.000000000000000222e-01,0.000000000000000000e+00,6.784550142999999922e-01,1.738513052000000003e-02
2.300000000000000000e+07,4.000000000000000000e+02,9.000000000000000222e-01,0.000000000000000000e+00,6.799482837000000446e-01,1.752598341000000115e-02
2.500000000000000000e+07,4.000000000000000000e+02,9.000000000000000222e-01,0.000000000000000000e+00,6.814373019999999670e-01,1.766587873000000086e-02
2.700000000000000000e+07,4.000000000000000000e+02,9.000000000000000222e-01,0.000000000000000000e+00,6.829220215000000316e-01,1.780489893000000018e-02
2.900000000000000000e+07,4.000000000000000000e+02,9.000000000000000222e-01,0.000000000000000000e+00,6.844024090000000449e-01,1.794310919000000060e-02
3.100000000000000000e+07,4.000000000000000000e+02,9.000000000000000222e-01,0.000000000000000000e+00,6.858784417000000078e-01,1.808056203000000042e-02
3.300000000000000000e+07,4.000000000000000000e+02,9.000000000000000222e-01,0.000000000000000000e+00,6.873501049000000362e-01,1.821730050999999934e-02
3.500000000000000000e+07,4.000000000000000000e+02,9.000000000000000222e-01,0.000000000000000000e+00,6.888173897999999573e-01,1.835336040999999835e-02
3.700000000000000000e+07,4.000000000000000000e+02,9.000000000000000222e-01,0.000000000000000000e+00,6.902802927000000199e-01,1.848877188000000102e-02
3.900000000000000000e+07,4.000000000000000000e+02,9.000000000000000222e-01,0.000000000000000000e+00,6.917388133999999855e-01,1.862356062000000007e-02
4.100000000000000000e+07,4.000000000000000000e+02,9.000000000000000222e-01,0.000000000000000000e+00,6.931929548999999913e-01,1.875774875000000078e-02
4.300000000000000000e+07,4.000000000000000000e+02,9.000000000000000222e-01,0.000000000000000000e+00,6.946427225000000316e-01,1.889135549000000094e-02
4.500000000000000000e+07,4.000000000000000000e+02,9.000000000000000222e-01,0.000000000000000000e+00,6.960881235000000444e-01,1.902439772999999987e-02
4.700000000000000000e+07,4.000000000000000000e+02,9.000000000000000222e-01,0.000000000000000000e+00,6.975291670000000055e-01,1.915689037999999955e-02
4.900000000000000000e+07,4.000000000000000000e+02,9.000000000000000222e-01,0.000000000000000000e+00,6.989658630999999733e-01,1.928884671000000162e-02
5.100000000000000000e+07,4.000000000000000000e+02,9.000000000000000222e-01,0.000000000000000000e+00,7.003982234000000195e-01,1.942027862999999924e-02
5.300000000000000000e+07,4.000000000000000000e+02,9.000000000000000222e-01,0.000000000000000000e+00,7.018262601000000434e-01,1.955119690000000146e-02
5.500000000000000000e+07,4.000000000000000000e+02,9.000000000000000222e-01,0.000000000000000000e+00,7.032499864000000267e-01,1.968161125000000150e-02
5.700000000000000000e+07,4.000000000000000000e+02,9.000000000000000222e-01,0.000000000000000000e+00,7.046694161000000012e-01,1.981153059999999841e-02
5.900000000000000000e+07,4.000000000000000000e+02,9.000000000000000222e-01,0.000000000000000000e+00,7.060845633000000232e-01,1.994096310000000039e-02
6.100000000000000000e+07,4.000000000000000000e+02,9.000000000000000222e-01,0.000000000000000000e+00,7.074954427999999851e-01,2.006991627000000167e-02
6.300000000000000000e+07,4.000000000000000000e+02,9.000000000000000222e-01,0.000000000000000000e+00,7.089020699000000425e-01,2.019839709000000039e-02
6.500000000000000000e+07,4.000000000000000000e+02,9.000000000000000222e-01,0.000000000000000000e+00,7.103044599000000181e-01,2.032641203000000105e-02
6.700000000000000000e+07,4.000000000000000000e+02,9.000000000000000222e-01,0.000000000000000000e+00,7.117026287000000062e-01,2.045396711999999950e-02
6.900000000000000000e+07,4.000000000000000000e+02,9.000000000000000222e-01,0.000000000000000000e+00,7.130965919999999736e-01,2.058106804000000081e-02
7.100000000000000000e+07,4.000000000000000000e+02,9.000000000000000222e-01,0.000000000000000000e+00,7.144863661999999449e-01,2.070772010000000024e-02
7.300000000000000000e+07,4.000000000000000000e+02,9.000000000000000222e-01,0.000000000000000000e+00,7.158719674000000310e-01,2.083392830999999945e-02
7.500000000000000000e+07,4.000000000000000000e+02,9.000000000000000222e-01,0.000000000000000000e+00,7.172534122000000512e-01,2.095969743000000024e-02
7.700000000000000000e+07,4.000000000000000000e+02,9.000000000000000222e-01,0.000000000000000000e+00,7.186307170000000299e-01,2.108503196000000024e-02
7.900000000000000000e+07,4.000000000000000000e+02,9.000000000000000222e-01,0.000000000000000000e+00,7.200038985000000169e-01,2.120993616999999887e-02
8.100000000000000000e+07,4.000000000000000000e+02,9.000000000000000222e-01,0.000000000000000000e+00,7.213729733000000532e-01,2.133441415000000146e-02
8.300000000000000000e+07,4.000000000000000000e+02,9.000000000000000222e-01,0.000000000000000000e+00,7.227379580999999664e-01,2.145846980000000112e-02
8.500000000000000000e+07,4.000000000000000000e+02,9.000000000000000222e-01,0.000000000000000000e+00,7.240988698000000445e-01,2.158210685999999850e-02
8.700000000000000000e+07,4.000000000000000000e+02,9.000000000000000222e-01,0.000000000000000000e+00,7.254557251000000040e-01,2.170532890999999839e-02
8.900000000000000000e+07,4.000000000000000000e+02,9.000000000000000222e-01,0.000000000000000000e+00,7.268085407000000053e-01,2.182813939999999828e-02
9.100000000000000000e+07,4.000000000000000000e+02,9.000000000000000222e-01,0.000000000000000000e+00,7.281573333999999953e-01,2.195054165999999959e-02
9.300000000000000000e+07,4.000000000000000000e+02,9.000000000000000222e-01,0.000000000000000000e+00,7.295021201000000399e-01,2.207253890000000079e-02
9.500000000000000000e+07,4.000000000000000000e+02,9.000000000000000222e-01,0.000000000000000000e+00,7.308429174999999667e-01,2.219413421000000081e-02
9.700000000000000000e+07,4.000000000000000000e+02,9.000000000000000222e-01,0.000000000000000000e+00,7.321797422000000388e-01,2.231533059000000152e-02
9.900000000000000000e+07,4.000000000000000000e+02,9.000000000000000222e-01,0.000000000000000000e+00,7.335126110999999893e-01,2.243613096999999904e-02
1.000000000000000000e+07,4.000000000000000000e+02,9.000000000000000222e-01,0.000000000000000000e+00,6.701710521000000531e-01,1.658595284000000114e-02
3.000000000000000000e+07,4.000000000000000000e+02,9.000000000000000222e-01,0.000000000000000000e+00,6.851409708000000265e-01,1.801192739999999889e-02
5.000000000000000000e+07,4.000000000000000000e+02,9.000000000000000222e-01,0.000000000000000000e+00,6.996825844999999822e-01,1.935462753000000147e-02
7.000000000000000000e+07,4.000000000000000000e+02,9.000000000000000222e-01,0.000000000000000000e+00,7.137920017000000117e-01,2.064444986000000051e-02
9.000000000000000000e+07,4.000000000000000000e+02,9.000000000000000222e-01,0.000000000000000000e+00,7.274834389000000012e-01,2.188939135999999966e-02
1.000000000000000000e+08,4.000000000000000000e+02,9.000000000000000222e-01,0.000000000000000000e+00,7.341775672000000474e-01,2.249638354000000132e-02
