# pressure,temperature,f1,f2,molkg1,molkg2
1.000000000000000000e+00,4.000000000000000000e+02,5.000000000000000000e-01,4.000000000000000222e-01,3.739304894000000049e-03,8.734012444000000160e-04
3.000000000000000000e+00,4.000000000000000000e+02,5.000000000000000000e-01,4.000000000000000222e-01,1.106745106000000048e-02,2.585137101999999965e-03
5.000000000000000000e+00,4.000000000000000000e+02,5.000000000000000000e-01,4.000000000000000222e-01,1.820161534000000123e-02,4.251662946999999922e-03
7.000000000000000000e+00,4.000000000000000000e+02,5.000000000000000000e-01,4.000000000000000222e-01,2.514939731999999914e-02,5.874748645000000408e-03
9.000000000000000000e+00,4.000000000000000000e+02,5.000000000000000000e-01,4.000000000000000222e-01,3.191800476000000025e-02,7.456072842999999888e-03
1.100000000000000000e+01,4.000000000000000000e+02,5.000000000000000000e-01,4.000000000000000222e-01,3.851427849999999875e-02,8.997228770999999431e-03
1.300000000000000000e+01,4.000000000000000000e+02,5.000000000000000000e-01,4.000000000000000222e-01,4.494471558000000255e-02,1.049972960999999948e-02
1.500000000000000000e+01,4.000000000000000000e+02,5.000000000000000000e-01,4.000000000000000222e-01,5.121549049000000131e-02,1.196501345999999993e-02
1.700000000000000000e+01,4.000000000000000000e+02,5.000000000000000000e-01,4.000000000000000222e-01,5.733247500000000080e-02,1.339444792999999918e-02
1.900000000000000000e+01,4.000000000000000000e+02,5.000000000000000000e-01,4.000000000000000222e-01,6.330125646999999744e-02,1.478933441000000043e-02
2.100000000000000000e+01,4.000000000000000000e+02,5.000000000000000000e-01,4.000000000000000222e-01,6.912715482999999550e-02,1.615091205000000057e-02
2.300000000000000000e+01,4.000000000000000000e+02,5.000000000000000000e-01,4.000000000000000222e-01,7.481523845000000172e-02,1.748036140999999904e-02
2.500000000000000000e+01,4.000000000000000000e+02,5.000000000000000000e-01,4.000000000000000222e-01,8.037033879999999630e-02,1.877880788000000148e-02
2.700000000000000000e+01,4.000000000000000000e+02,5.000000000000000000e-01,4.000000000000000222e-01,8.579706411000000144e-02,2.004732489999999992e-02
2.900000000000000000e+01,4.000000000000000000e+02,5.000000000000000000e-01,4.000000000000000222e-01,9.109981217000000242e-02,2.128693689000000014e-02
3.100000000000000000e+01,4.000000000000000000e+02,5.000000000000000000e-01,4.000000000000000222e-01,9.628278216999999750e-02,2.249862203999999921e-02
3.300000000000000000e+01,4.000000000000000000e+02,5.000000000000000000e-01,4.000000000000000222e-01,1.013499858000000003e-01,2.368331488000000040e-02
3.500000000000000000e+01,4.000000000000000000e+02,5.000000000000000000e-01,4.000000000000000222e-01,1.063052575000000000e-01,2.484190868000000010e-02
3.700000000000000000e+01,4.000000000000000000e+02,5.000000000000000000e-01,4.000000000000000222e-01,1.111522645000000004e-01,2.597525771000000136e-02
3.900000000000000000e+01,4.000000000000000000e+02,5.000000000000000000e-01,4.000000000000000222e-01,1.158945152000000062e-01,2.708417935999999845e-02
4.100000000000000000e+01,4.000000000000000000e+02,5.000000000000000000e-01,4.000000000000000222e-01,1.205353683000000009e-01,2.816945607999999865e-02
4.300000000000000000e+01,4.000000000000000000e+02,5.000000000000000000e-01,4.000000000000000222e-01,1.250780404000000068e-01,2.923183726000000079e-02
4.500000000000000000e+01,4.000000000000000000e+02,5.000000000000000000e-01,4.000000000000000222e-01,1.295256134999999975e-01,3.027204093000000068e-02
4.700000000000000000e+01,4.000000000000000000e+02,5.000000000000000000e-01,4.000000000000000222e-01,1.338810417999999891e-01,3.129075540000000183e-02
4.900000000000000000e+01,4.000000000000000000e+02,5.000000000000000000e-01,4.000000000000000222e-01,1.381471585999999863e-01,3.228864077000000166e-02
5.100000000000000000e+01,4.000000000000000000e+02,5.000000000000000000e-01,4.000000000000000222e-01,1.423266821999999987e-01,3.326633039000000125e-02
5.300000000000000000e+01,4.000000000000000000e+02,5.000000000000000000e-01,4.000000000000000222e-01,1.464222215000000049e-01,3.422443214999999761e-02
5.500000000000000000e+01,4.000000000000000000e+02,5.000000000000000000e-01,4.000000000000000222e-01,1.504362818999999962e-01,3.516352979000000184e-02
5.700000000000000000e+01,4.000000000000000000e+02,5.000000000000000000e-01,4.000000000000000222e-01,1.543712701000000131e-01,3.608418408999999882e-02
5.900000000000000000e+01,4.000000000000000000e+02,5.000000000000000000e-01,4.000000000000000222e-01,1.582294986999999986e-01,3.698693395000000189e-02
6.100000000000000000e+01,4.000000000000000000e+02,5.000000000000000000e-01,4.000000000000000222e-01,1.620131914000000062e-01,3.787229747000000341e-02
6.300000000000000000e+01,4.000000000000000000e+02,5.000000000000000000e-01,4.000000000000000222e-01,1.657244864999999900e-01,3.874077296999999670e-02
6.500000000000000000e+01,4.000000000000000000e+02,5.000000000000000000e-01,4.000000000000000222e-01,1.693654413000000025e-01,3.959283985999999950e-02
6.700000000000000000e+01,4.000000000000000000e+02,5.000000000000000000e-01,4.000000000000000222e-01,1.729380362999999865e-01,4.042895959000000067e-02
6.900000000000000000e+01,4.000000000000000000e+02,5.000000000000000000e-01,4.000000000000000222e-01,1.764441777999999905e-01,4.124957647000000033e-02
7.100000000000000000e+01,4.000000000000000000e+02,5.000000000000000000e-01,4.000000000000000222e-01,1.798857021999999972e-01,4.205511843000000333e-02
7.300000000000000000e+01,4.000000000000000000e+02,5.000000000000000000e-01,4.000000000000000222e-01,1.832643787999999885e-01,4.284599778999999969e-02
7.500000000000000000e+01,4.000000000000000000e+02,5.000000000000000000e-01,4.000000000000000222e-01,1.865819127999999993e-01,4.362261197000000257e-02
7.700000000000000000e+01,4.000000000000000000e+02,5.000000000000000000e-01,4.000000000000000222e-01,1.898399484999999942e-01,4.438534414999999872e-02
7.900000000000000000e+01,4.000000000000000000e+02,5.000000000000000000e-01,4.000000000000000222e-01,1.930400716000000017e-01,4.513456390000000068e-02
8.100000000000000000e+01,4.000000000000000000e+02,5.000000000000000000e-01,4.000000000000000222e-01,1.961838119000000047e-01,4.587062777999999924e-02
8.300000000000000000e+01,4.000000000000000000e+02,5.000000000000000000e-01,4.000000000000000222e-01,1.992726459999999977e-01,4.659387990000000285e-02
8.500000000000000000e+01,4.000000000000000000e+02,5.000000000000000000e-01,4.000000000000000222e-01,2.023079990999999966e-01,4.730465249000000150e-02
8.700000000000000000e+01,4.000000000000000000e+02,5.000000000000000000e-01,4.000000000000000222e-01,2.052912477999999930e-01,4.800326635999999786e-02
8.900000000000000000e+01,4.000000000000000000e+02,5.000000000000000000e-01,4.000000000000000222e-01,2.082237217000000029e-01,4.869003144000000338e-02
9.100000000000000000e+01,4.000000000000000000e+02,5.000000000000000000e-01,4.000000000000000222e-01,2.111067054999999915e-01,4.936524719000000283e-02
9.300000000000000000e+01,4.000000000000000000e+02,5.000000000000000000e-01,4.000000000000000222e-01,2.139414411999999988e-01,5.002920305999999928e-02
9.500000000000000000e+01,4.000000000000000000e+02,5.000000000000000000e-01,4.000000000000000222e-01,2.167291292000000091e-01,5.068217891000000030e-02
9.700000000000000000e+01,4.000000000000000000e+02,5.000000000000000000e-01,4.000000000000000222e-01,2.194709307000000109e-01,5.132444540000000166e-02
9.900000000000000000e+01,4.000000000000000000e+02,5.000000000000000000e-01,4.000000000000000222e-01,2.221679688000000041e-01,5.195626435000000320e-02
1.000000000000000000e+01,4.000000000000000000e+02,5.000000000000000000e-01,4.000000000000000222e-01,3.523726947999999970e-02,8.231575450000000460e-03
3.000000000000000000e+01,4.000000000000000000e+02,5.000000000000000000e-01,4.000000000000000222e-01,9.370601442999999808e-02,2.189621091999999908e-02
5.000000000000000000e+01,4.000000000000000000e+02,5.000000000000000000e-01,4.000000000000000222e-01,1.402475790000000111e-01,3.277997147000000222e-02
7.000000000000000000e+01,4.000000000000000000e+02,5.000000000000000000e-01,4.000000000000000222e-01,1.781729049999999925e-01,4.165420569000000128e-02
9.000000000000000000e+01,4.000000000000000000e+02,5.000000000000000000e-01,4.000000000000000222e-01,2.096713212999999909e-01,4.902906466000000324e-02
1.100000000000000000e+02,4.000000000000000000e+02,5.000000000000000000e-01,4.000000000000000222e-01,2.362483971000000071e-01,5.525544322999999952e-02
1.300000000000000000e+02,4.000000000000000000e+02,5.000000000000000000e-01,4.000000000000000222e-01,2.589735377999999866e-01,6.058263265000000258e-02
1.500000000000000000e+02,4.000000000000000000e+02,5.000000000000000000e-01,4.000000000000000222e-01,2.786272599999999877e-01,6.519261761000000321e-02
1.700000000000000000e+02,4.000000000000000000e+02,5.000000000000000000e-01,4.000000000000000222e-01,2.957925667999999897e-01,6.922135839000000124e-02
1.900000000000000000e+02,4.000000000000000000e+02,5.000000000000000000e-01,4.000000000000000222e-01,3.109137060000000119e-01,7.277247753000000430e-02
2.100000000000000000e+02,4.000000000000000000e+02,5.000000000000000000e-01,4.000000000000000222e-01,3.243351298000000105e-01,7.592633614999999558e-02
2.300000000000000000e+02,4.000000000000000000e+02,5.000000000000000000e-01,4.000000000000000222e-01,3.363280262000000187e-01,7.874621556999999994e-02
2.500000000000000000e+02,4.000000000000000000e+02,5.000000000000000000e-01,4.000000000000000222e-01,3.471088131999999771e-01,8.128262685999999848e-02
2.700000000000000000e+02,4.000000000000000000e+02,5.000000000000000000e-01,4.000000000000000222e-01,3.568523008999999746e-01,8.357637819999999551e-02
2.900000000000000000e+02,4.000000000000000000e+02,5.000000000000000000e-01,4.000000000000000222e-01,3.657012313999999931e-01,8.566079846000000664e-02
3.100000000000000000e+02,4.000000000000000000e+02,5.000000000000000000e-01,4.000000000000000222e-01,3.737733093000000228e-01,8.756337608000000494e-02
3.300000000000000000e+02,4.000000000000000000e+02,5.000000000000000000e-01,4.000000000000000222e-01,3.811664603000000096e-01,8.930698502999999400e-02
3.500000000000000000e+02,4.000000000000000000e+02,5.000000000000000000e-01,4.000000000000000222e-01,3.879628182000000036e-01,9.091081435999999460e-02
3.700000000000000000e+02,4.000000000000000000e+02,5.000000000000000000e-01,4.000000000000000222e-01,3.942317844000000071e-01,9.239108173000000479e-02
3.900000000000000000e+02,4.000000000000000000e+02,5.000000000000000000e-01,4.000000000000000222e-01,4.000324030999999891e-01,9.376158730000000441e-02
4.100000000000000000e+02,4.000000000000000000e+02,5.000000000000000000e-01,4.000000000000000222e-01,4.054152234000000243e-01,9.503414814999999738e-02
4.300000000000000000e+02,4.000000000000000000e+02,5.000000000000000000e-01,4.000000000000000222e-01,4.104237742999999883e-01,9.621894226999999633e-02
4.500000000000000000e+02,4.000000000000000000e+02,5.000000000000000000e-01,4.000000000000000222e-01,4.150957424000000229e-01,9.732478329999999511e-02
4.700000000000000000e+02,4.000000000000000000e+02,5.000000000000000000e-01,4.000000000000000222e-01,4.194639197000000208e-01,9.835934185000000385e-02
4.900000000000000000e+02,4.000000000000000000e+02,5.000000000000000000e-01,4.000000000000000222e-01,4.235569738000000140e-01,9.932932500999999692e-02
5.100000000000000000e+02,4.000000000000000000e+02,5.000000000000000000e-01,4.000000000000000222e-01,4.274000760000000176e-01,1.002406230999999953e-01
5.300000000000000000e+02,4.000000000000000000e+02,5.000000000000000000e-01,4.000000000000000222e-01,4.310154187999999942e-01,1.010984305000000028e-01
5.500000000000000000e+02,4.000000000000000000e+02,5.000000000000000000e-01,4.000000000000000222e-01,4.344226435999999913e-01,1.019073452999999935e-01
5.700000000000000000e+02,4.000000000000000000e+02,5.000000000000000000e-01,4.000000000000000222e-01,4.376391971999999964e-01,1.026714526000000044e-01
5.900000000000000000e+02,4.000000000000000000e+02,5.000000000000000000e-01,4.000000000000000222e-01,4.406806298000000011e-01,1.033943944000000059e-01
6.100000000000000000e+02,4.000000000000000000e+02,5.000000000000000000e-01,4.000000000000000222e-01,4.435608459000000003e-01,1.040794277000000045e-01
6.300000000000000000e+02,4.000000000000000000e+02,5.000000000000000000e-01,4.000000000000000222e-01,4.462923163999999998e-01,1.047294743000000000e-01
6.500000000000000000e+02,4.000000000000000000e+02,5.000000000000000000e-01,4.000000000000000222e-01,4.488862589000000014e-01,1.053471628999999993e-01
6.700000000000000000e+02,4.000000000000000000e+02,5.000000000000000000e-01,4.000000000000000222e-01,4.513527907000000061e-01,1.059348650999999975e-01
6.900000000000000000e+02,4.000000000000000000e+02,5.000000000000000000e-01,4.000000000000000222e-01,4.537010611000000249e-01,1.064947256000000064e-01
7.100000000000000000e+02,4.000000000000000000e+02,5.000000000000000000e-01,4.000000000000000222e-01,4.559393641000000219e-01,1.070286891999999990e-01
7.300000000000000000e+02,4.000000000000000000e+02,5.000000000000000000e-01,4.000000000000000222e-01,4.580752359999999967e-01,1.075385234000000023e-01
7.500000000000000000e+02,4.000000000000000000e+02,5.000000000000000000e-01,4.000000000000000222e-01,4.601155402000000061e-01,1.080258382999999961e-01
7.700000000000000000e+02,4.000000000000000000e+02,5.000000000000000000e-01,4.000000000000000222e-01,4.620665405000000114e-01,1.084921035000000061e-01
7.900000000000000000e+02,4.000000000000000000e+02,5.000000000000000000e-01,4.000000000000000222e-01,4.639339653999999813e-01,1.089386633000000021e-01
8.100000000000000000e+02,4.000000000000000000e+02,5.000000000000000000e-01,4.000000000000000222e-01,4.657230635999999868e-01,1.093667494999999990e-01
8.300000000000000000e+02,4.000000000000000000e+02,5.000000000000000000e-01,4.000000000000000222e-01,4.674386535999999759e-01,1.097774935999999979e-01
8.500000000000000000e+02,4.000000000000000000e+02,5.000000000000000000e-01,4.000000000000000222e-01,4.690851669000000168e-01,1.101719359999999981e-01
8.700000000000000000e+02,4.000000000000000000e+02,5.000000000000000000e-01,4.000000000000000222e-01,4.706666858999999925e-01,1.105510356000000000e-01
8.900000000000000000e+02,4.000000000000000000e+02,5.000000000000000000e-01,4.000000000000000222e-01,4.721869774999999936e-01,1.109156770999999986e-01
9.100000000000000000e+02,4.000000000000000000e+02,5.000000000000000000e-01,4.000000000000000222e-01,4.736495232999999860e-01,1.112666786999999963e-01
9.300000000000000000e+02,4.000000000000000000e+02,5.000000000000000000e-01,4.000000000000000222e-01,4.750575459999999972e-01,1.116047975999999997e-01
9.500000000000000000e+02,4.000000000000000000e+02,5.000000000000000000e-01,4.000000000000000222e-01,4.764140329000000063e-01,1.119307360999999973e-01
9.700000000000000000e+02,4.000000000000000000e+02,5.000000000000000000e-01,4.000000000000000222e-01,4.777217570999999774e-01,1.122451460999999984e-01
9.900000000000000000e+02,4.000000000000000000e+02,5.000000000000000000e-01,4.000000000000000222e-01,4.789832963000000277e-01,1.125486336999999976e-01
1.000000000000000000e+02,4.000000000000000000e+02,5.000000000000000000e-01,4.000000000000000222e-01,2.235000427000000123e-01,5.226833548999999801e-02
3.000000000000000000e+02,4.000000000000000000e+02,5.000000000000000000e-01,4.000000000000000222e-01,3.698278449999999884e-01,8.663329193999999567e-02
5.000000000000000000e+02,4.000000000000000000e+02,5.000000000000000000e-01,4.000000000000000222e-01,4.255083175000000106e-01,9.979196999999999373e-02
7.000000000000000000e+02,4.000000000000000000e+02,5.000000000000000000e-01,4.000000000000000222e-01,4.548334707999999726e-01,1.067648300999999994e-01
9.000000000000000000e+02,4.000000000000000000e+02,5.000000000000000000e-01,4.000000000000000222e-01,4.729252614000000188e-01,1.110928342000000041e-01
1.100000000000000000e+03,4.000000000000000000e+02,5.000000000000000000e-01,4.000000000000000222e-01,4.851956773000000167e-01,1.140459776999999952e-01
1.300000000000000000e+03,4.000000000000000000e+02,5.000000000000000000e-01,4.000000000000000222e-01,4.940619218000000257e-01,1.161926788000000044e-01
1.500000000000000000e+03,4.000000000000000000e+02,5.000000000000000000e-01,4.000000000000000222e-01,5.007660092000000285e-01,1.178256081000000066e-01
1.700000000000000000e+03,4.000000000000000000e+02,5.000000000000000000e-01,4.000000000000000222e-01,5.060114789999999863e-01,1.191108892999999946e-01
1.900000000000000000e+03,4.000000000000000000e+02,5.000000000000000000e-01,4.000000000000000222e-01,5.102266389999999818e-01,1.201498631999999983e-01
2.100000000000000000e+03,4.000000000000000000e+02,5.000000000000000000e-01,4.000000000000000222e-01,5.136871437000000151e-01,1.210078841999999988e-01
2.300000000000000000e+03,4.000000000000000000e+02,5.000000000000000000e-01,4.000000000000000222e-01,5.165784253999999853e-01,1.217290052000000039e-01
2.500000000000000000e+03,4.000000000000000000e+02,5.000000000000000000e-01,4.000000000000000222e-01,5.190298059000000297e-01,1.223440112000000052e-01
2.700000000000000000e+03,4.000000000000000000e+02,5.000000000000000000e-01,4.000000000000000222e-01,5.211342214999999944e-01,1.228750700999999973e-01
2.900000000000000000e+03,4.000000000000000000e+02,5.000000000000000000e-01,4.000000000000000222e-01,5.229601747000000023e-01,1.233385545999999972e-01
3.100000000000000000e+03,4.000000000000000000e+02,5.000000000000000000e-01,4.000000000000000222e-01,5.245592661000000323e-01,1.237468223000000034e-01
3.300000000000000000e+03,4.000000000000000000e+02,5.000000000000000000e-01,4.000000000000000222e-01,5.259711024000000013e-01,1.241093778000000036e-01
3.500000000000000000e+03,4.000000000000000000e+02,5.000000000000000000e-01,4.000000000000000222e-01,5.272265884000000291e-01,1.244336518999999974e-01
3.700000000000000000e+03,4.000000000000000000e+02,5.000000000000000000e-01,4.000000000000000222e-01,5.283501910000000246e-01,1.247255396000000044e-01
3.900000000000000000e+03,4.000000000000000000e+02,5.000000000000000000e-01,4.000000000000000222e-01,5.293615323999999456e-01,1.249897776999999988e-01
4.100000000000000000e+03,4.000000000000000000e+02,5.000000000000000000e-01,4.000000000000000222e-01,5.302765313999999730e-01,1.252302170000000048e-01
4.300000000000000000e+03,4.000000000000000000e+02,5.000000000000000000e-01,4.000000000000000222e-01,5.311082377000000410e-01,1.254500204000000008e-01
4.500000000000000000e+03,4.000000000000000000e+02,5.000000000000000000e-01,4.000000000000000222e-01,5.318674499000000111e-01,1.256518101999999915e-01
4.700000000000000000e+03,4.000000000000000000e+02,5.000000000000000000e-01,4.000000000000000222e-01,5.325631802000000414e-01,1.258377796000000048e-01
4.900000000000000000e+03,4.000000000000000000e+02,5.000000000000000000e-01,4.000000000000000222e-01,5.332030093999999831e-01,1.260097768000000007e-01
5.100000000000000000e+03,4.000000000000000000e+02,5.000000000000000000e-01,4.000000000000000222e-01,5.337933597999999780e-01,1.261693710000000024e-01
5.300000000000000000e+03,4.000000000000000000e+02,5.000000000000000000e-01,4.000000000000000222e-01,5.343397079999999688e-01,1.263179026000000038e-01
5.500000000000000000e+03,4.000000000000000000e+02,5.000000000000000000e-01,4.000000000000000222e-01,5.348467529000000553e-01,1.264565240999999951e-01
5.700000000000000000e+03,4.000000000000000000e+02,5.000000000000000000e-01,4.000000000000000222e-01,5.353185489999999769e-01,1.265862321000000013e-01
5.900000000000000000e+03,4.000000000000000000e+02,5.000000000000000000e-01,4.000000000000000222e-01,5.357586128000000336e-01,1.267078922000000052e-01
6.100000000000000000e+03,4.000000000000000000e+02,5.000000000000000000e-01,4.000000000000000222e-01,5.361700091000000112e-01,1.268222608000000029e-01
6.300000000000000000e+03,4.000000000000000000e+02,5.000000000000000000e-01,4.000000000000000222e-01,5.365554215000000182e-01,1.269300013000000116e-01
6.500000000000000000e+03,4.000000000000000000e+02,5.000000000000000000e-01,4.000000000000000222e-01,5.369172097000000088e-01,1.270316979999999984e-01
6.700000000000000000e+03,4.000000000000000000e+02,5.000000000000000000e-01,4.000000000000000222e-01,5.372574567000000245e-01,1.271278680000000050e-01
6.900000000000000000e+03,4.000000000000000000e+02,5.000000000000000000e-01,4.000000000000000222e-01,5.375780083000000209e-01,1.272189703000000116e-01
7.100000000000000000e+03,4.000000000000000000e+02,5.000000000000000000e-01,4.000000000000000222e-01,5.378805060000000360e-01,1.273054137999999891e-01
7.300000000000000000e+03,4.000000000000000000e+02,5.000000000000000000e-01,4.000000000000000222e-01,5.381664143000000067e-01,1.273875641999999975e-01
7.500000000000000000e+03,4.000000000000000000e+02,5.000000000000000000e-01,4.000000000000000222e-01,5.384370439000000230e-01,1.274657492000000059e-01
7.700000000000000000e+03,4.000000000000000000e+02,5.000000000000000000e-01,4.000000000000000222e-01,5.386935713999999598e-01,1.275402637999999977e-01
7.900000000000000000e+03,4.000000000000000000e+02,5.000000000000000000e-01,4.000000000000000222e-01,5.389370562999999947e-01,1.276113739999999996e-01
8.100000000000000000e+03,4.000000000000000000e+02,5.000000000000000000e-01,4.000000000000000222e-01,5.391684544999999495e-01,1.276793203000000099e-01
8.300000000000000000e+03,4.000000000000000000e+02,5.000000000000000000e-01,4.000000000000000222e-01,5.393886313000000321e-01,1.277443208000000052e-01
8.500000000000000000e+03,4.000000000000000000e+02,5.000000000000000000e-01,4.000000000000000222e-01,5.395983716000000152e-01,1.278065737999999896e-01
8.700000000000000000e+03,4.000000000000000000e+02,5.000000000000000000e-01,4.000000000000000222e-01,5.397983889999999896e-01,1.278662599000000011e-01
8.900000000000000000e+03,4.000000000000000000e+02,5.000000000000000000e-01,4.000000000000000222e-01,5.399893337000000182e-01,1.279235438000000114e-01
9.100000000000000000e+03,4.000000000000000000e+02,5.000000000000000000e-01,4.000000000000000222e-01,5.401717994000000411e-01,1.279785764999999964e-01
9.300000000000000000e+03,4.000000000000000000e+02,5.000000000000000000e-01,4.000000000000000222e-01,5.403463295000000555e-01,1.280314962999999917e-01
9.500000000000000000e+03,4.000000000000000000e+02,5.000000000000000000e-01,4.000000000000000222e-01,5.405134219999999656e-01,1.280824301000000054e-01
9.700000000000000000e+03,4.000000000000000000e+02,5.000000000000000000e-01,4.000000000000000222e-01,5.406735340999999639e-01,1.281314947999999954e-01
9.900000000000000000e+03,4.000000000000000000e+02,5.000000000000000000e-01,4.000000000000000222e-01,5.408270867000000148e-01,1.281787980999999910e-01
1.000000000000000000e+03,4.000000000000000000e+02,5.000000000000000000e-01,4.000000000000000222e-01,4.795975028999999723e-01,1.126964594999999986e-01
3.000000000000000000e+03,4.000000000000000000e+02,5.000000000000000000e-01,4.000000000000000222e-01,5.237853663000000548e-01,1.235489401999999987e-01
5.000000000000000000e+03,4.000000000000000000e+02,5.000000000000000000e-01,4.000000000000000222e-01,5.335040071000000106e-01,1.260910356999999926e-01
7.000000000000000000e+03,4.000000000000000000e+02,5.000000000000000000e-01,4.000000000000000222e-01,5.377314184999999469e-01,1.272627506000000019e-01
9.000000000000000000e+03,4.000000000000000000e+02,5.000000000000000000e-01,4.000000000000000222e-01,5.400815914000000051e-01,1.279513327000000034e-01
1.100000000000000000e+04,4.000000000000000000e+02,5.000000000000000000e-01,4.000000000000000222e-01,5.415702977999999890e-01,1.284115741000000088e-01
1.300000000000000000e+04,4.000000000000000000e+02,5.000000000000000000e-01,4.000000000000000222e-01,5.425935401999999463e-01,1.287448535999999866e-01
1.500000000000000000e+04,4.000000000000000000e+02,5.000000000000000000e-01,4.000000000000000222e-01,5.433374026999999717e-01,1.289997619999999900e-01
1.700000000000000000e+04,4.000000000000000000e+02,5.000000000000000000e-01,4.000000000000000222e-01,5.439007478999999812e-01,1.292026199999999903e-01
1.900000000000000000e+04,4.000000000000000000e+02,5.000000000000000000e-01,4.000000000000000222e-01,5.443408987000000199e-01,1.293689825999999876e-01
2.100000000000000000e+04,4.000000000000000000e+02,5.000000000000000000e-01,4.000000000000000222e-01,5.446933487999999768e-01,1.295086639999999956e-01
2.300000000000000000e+04,4.000000000000000000e+02,5.000000000000000000e-01,4.000000000000000222e-01,5.449812307000000411e-01,1.296281799000000012e-01
2.500000000000000000e+04,4.000000000000000000e+02,5.000000000000000000e-01,4.000000000000000222e-01,5.452202539999999598e-01,1.297320372999999916e-01
2.700000000000000000e+04,4.000000000000000000e+02,5.000000000000000000e-01,4.000000000000000222e-01,5.454214537999999557e-01,1.298234597000000046e-01
2.900000000000000000e+04,4.000000000000000000e+02,5.000000000000000000e-01,4.000000000000000222e-01,5.455928039999999868e-01,1.299048185999999994e-01
3.100000000000000000e+04,4.000000000000000000e+02,5.000000000000000000e-01,4.000000000000000222e-01,5.457402060999999582e-01,1.299779006000000015e-01
3.300000000000000000e+04,4.000000000000000000e+02,5.000000000000000000e-01,4.000000000000000222e-01,5.458681190999999933e-01,1.300440794000000122e-01
3.500000000000000000e+04,4.000000000000000000e+02,5.000000000000000000e-01,4.000000000000000222e-01,5.459799728999999990e-01,1.301044302000000097e-01
3.700000000000000000e+04,4.000000000000000000e+02,5.000000000000000000e-01,4.000000000000000222e-01,5.460784475000000082e-01,1.301598077999999992e-01
3.900000000000000000e+04,4.000000000000000000e+02,5.000000000000000000e-01,4.000000000000000222e-01,5.461656666999999965e-01,1.302109010999999983e-01
4.100000000000000000e+04,4.000000000000000000e+02,5.000000000000000000e-01,4.000000000000000222e-01,5.462433339000000165e-01,1.302582723000000053e-01
4.300000000000000000e+04,4.000000000000000000e+02,5.000000000000000000e-01,4.000000000000000222e-01,5.463128311999999598e-01,1.303023851000000011e-01
4.500000000000000000e+04,4.000000000000000000e+02,5.000000000000000000e-01,4.000000000000000222e-01,5.463752909000000324e-01,1.303436258000000014e-01
4.700000000000000000e+04,4.000000000000000000e+02,5.000000000000000000e-01,4.000000000000000222e-01,5.464316491999999803e-01,1.303823189999999965e-01
4.900000000000000000e+04,4.000000000000000000e+02,5.000000000000000000e-01,4.000000000000000222e-01,5.464826866999999977e-01,1.304187400000000052e-01
5.100000000000000000e+04,4.000000000000000000e+02,5.000000000000000000e-01,4.000000000000000222e-01,5.465290590000000392e-01,1.304531237999999871e-01
5.300000000000000000e+04,4.000000000000000000e+02,5.000000000000000000e-01,4.000000000000000222e-01,5.465713207000000295e-01,1.304856721000000053e-01
5.500000000000000000e+04,4.000000000000000000e+02,5.000000000000000000e-01,4.000000000000000222e-01,5.466099440999999670e-01,1.305165598999999954e-01
5.700000000000000000e+04,4.000000000000000000e+02,5.000000000000000000e-01,4.000000000000000222e-01,5.466453331999999721e-01,1.305459389999999997e-01
5.900000000000000000e+04,4.000000000000000000e+02,5.000000000000000000e-01,4.000000000000000222e-01,5.466778362999999974e-01,1.305739422999999955e-01
6.100000000000000000e+04,4.000000000000000000e+02,5.000000000000000000e-01,4.000000000000000222e-01,5.467077544999999761e-01,1.306006868000000043e-01
6.300000000000000000e+04,4.000000000000000000e+02,5.000000000000000000e-01,4.000000000000000222e-01,5.467353498999999450e-01,1.306262756000000080e-01
6.500000000000000000e+04,4.000000000000000000e+02,5.000000000000000000e-01,4.000000000000000222e-01,5.467608511999999532e-01,1.306508002000000002e-01
6.700000000000000000e+04,4.000000000000000000e+02,5.000000000000000000e-01,4.000000000000000222e-01,5.467844589999999450e-01,1.306743422999999960e-01
6.900000000000000000e+04,4.000000000000000000e+02,5.000000000000000000e-01,4.000000000000000222e-01,5.468063499999999966e-01,1.306969745999999877e-01
7.100000000000000000e+04,4.000000000000000000e+02,5.000000000000000000e-01,4.000000000000000222e-01,5.468266802000000260e-01,1.307187625000000020e-01
7.300000000000000000e+04,4.000000000000000000e+02,5.000000000000000000e-01,4.000000000000000222e-01,5.468455880999999463e-01,1.307397650000000078e-01
7.500000000000000000e+04,4.000000000000000000e+02,5.000000000000000000e-01,4.000000000000000222e-01,5.468631967999999510e-01,1.307600349999999967e-01
7.700000000000000000e+04,4.000000000000000000e+02,5.000000000000000000e-01,4.000000000000000222e-01,5.468796160000000128e-01,1.307796206999999877e-01
7.900000000000000000e+04,4.000000000000000000e+02,5.000000000000000000e-01,4.000000000000000222e-01,5.468949440999999467e-01,1.307985657999999884e-01
8.100000000000000000e+04,4.000000000000000000e+02,5.000000000000000000e-01,4.000000000000000222e-01,5.469092693999999533e-01,1.308169101999999973e-01
8.300000000000000000e+04,4.000000000000000000e+02,5.000000000000000000e-01,4.000000000000000222e-01,5.469226712000000434e-01,1.308346901000000118e-01
8.500000000000000000e+04,4.000000000000000000e+02,5.000000000000000000e-01,4.000000000000000222e-01,5.469352210000000269e-01,1.308519388000000117e-01
8.700000000000000000e+04,4.000000000000000000e+02,5.000000000000000000e-01,4.000000000000000222e-01,5.469469835000000391e-01,1.308686869000000030e-01
8.900000000000000000e+04,4.000000000000000000e+02,5.000000000000000000e-01,4.000000000000000222e-01,5.469580174999999489e-01,1.308849622000000101e-01
9.100000000000000000e+04,4.000000000000000000e+02,5.000000000000000000e-01,4.000000000000000222e-01,5.469683761000000422e-01,1.309007906000000110e-01
9.300000000000000000e+04,4.000000000000000000e+02,5.000000000000000000e-01,4.000000000000000222e-01,5.469781076999999936e-01,1.309161960999999930e-01
9.500000000000000000e+04,4.000000000000000000e+02,5.000000000000000000e-01,4.000000000000000222e-01,5.469872566000000269e-01,1.309312005000000112e-01
9.700000000000000000e+04,4.000000000000000000e+02,5.000000000000000000e-01,4.000000000000000222e-01,5.469958630000000266e-01,1.309458243000000133e-01
9.900000000000000000e+04,4.000000000000000000e+02,5.000000000000000000e-01,4.000000000000000222e-01,5.470039638999999454e-01,1.309600864999999892e-01
1.000000000000000000e+04,4.000000000000000000e+02,5.000000000000000000e-01,4.000000000000000222e-01,5.409015256000000438e-01,1.282018205999999882e-01
3.000000000000000000e+04,4.000000000000000000e+02,5.000000000000000000e-01,4.000000000000000222e-01,5.456691916999999448e-01,1.299423001999999994e-01
5.000000000000000000e+04,4.000000000000000000e+02,5.000000000000000000e-01,4.000000000000000222e-01,5.465064191999999821e-01,1.304361732000000051e-01
7.000000000000000000e+04,4.000000000000000000e+02,5.000000000000000000e-01,4.000000000000000222e-01,5.468167012000000327e-01,1.307079703000000037e-01
9.000000000000000000e+04,4.000000000000000000e+02,5.000000000000000000e-01,4.000000000000000222e-01,5.469632779999999972e-01,1.308929306999999931e-01
1.100000000000000000e+05,4.000000000000000000e+02,5.000000000000000000e-01,4.000000000000000222e-01,5.470408634000000214e-01,1.310327929000000002e-01
1.300000000000000000e+05,4.000000000000000000e+02,5.000000000000000000e-01,4.000000000000000222e-01,5.470842138999999493e-01,1.311453841999999925e-01
1.500000000000000000e+05,4.000000000000000000e+02,5.000000000000000000e-01,4.000000000000000222e-01,5.471087706999999689e-01,1.312398335000000138e-01
1.700000000000000000e+05,4.000000000000000000e+02,5.000000000000000000e-01,4.000000000000000222e-01,5.471222971000000435e-01,1.313213970999999869e-01
1.900000000000000000e+05,4.000000000000000000e+02,5.000000000000000000e-01,4.000000000000000222e-01,5.471290494999999643e-01,1.313933616000000082e-01
2.100000000000000000e+05,4.000000000000000000e+02,5.000000000000000000e-01,4.000000000000000222e-01,5.471315155000000541e-01,1.314579114999999965e-01
2.300000000000000000e+05,4.000000000000000000e+02,5.000000000000000000e-01,4.000000000000000222e-01,5.471312214000000340e-01,1.315165688999999916e-01
2.500000000000000000e+05,4.000000000000000000e+02,5.000000000000000000e-01,4.000000000000000222e-01,5.471291397999999973e-01,1.315704350999999939e-01
2.700000000000000000e+05,4.000000000000000000e+02,5.000000000000000000e-01,4.000000000000000222e-01,5.471259093000000462e-01,1.316203314999999929e-01
2.900000000000000000e+05,4.000000000000000000e+02,5.000000000000000000e-01,4.000000000000000222e-01,5.471219589000000383e-01,1.316668867000000132e-01
3.100000000000000000e+05,4.000000000000000000e+02,5.000000000000000000e-01,4.000000000000000222e-01,5.471175821999999522e-01,1.317105916999999904e-01
3.300000000000000000e+05,4.000000000000000000e+02,5.000000000000000000e-01,4.000000000000000222e-01,5.471129831000000054e-01,1.317518376000000047e-01
3.500000000000000000e+05,4.000000000000000000e+02,5.000000000000000000e-01,4.000000000000000222e-01,5.471083043000000146e-01,1.317909405000000089e-01
3.700000000000000000e+05,4.000000000000000000e+02,5.000000000000000000e-01,4.000000000000000222e-01,5.471036464999999849e-01,1.318281597000000027e-01
3.900000000000000000e+05,4.000000000000000000e+02,5.000000000000000000e-01,4.000000000000000222e-01,5.470990805000000012e-01,1.318637102000000116e-01
4.100000000000000000e+05,4.000000000000000000e+02,5.000000000000000000e-01,4.000000000000000222e-01,5.470946562999999818e-01,1.318977725000000101e-01
4.300000000000000000e+05,4.000000000000000000e+02,5.000000000000000000e-01,4.000000000000000222e-01,5.470904086000000222e-01,1.319304993000000037e-01
4.500000000000000000e+05,4.000000000000000000e+02,5.000000000000000000e-01,4.000000000000000222e-01,5.470863609999999655e-01,1.319620210999999932e-01
4.700000000000000000e+05,4.000000000000000000e+02,5.000000000000000000e-01,4.000000000000000222e-01,5.470825294000000172e-01,1.319924501999999999e-01
4.900000000000000000e+05,4.000000000000000000e+02,5.000000000000000000e-01,4.000000000000000222e-01,5.470789232999999641e-01,1.320218840000000060e-01
5.100000000000000000e+05,4.000000000000000000e+02,5.000000000000000000e-01,4.000000000000000222e-01,5.470755481000000309e-01,1.320504074999999944e-01
5.300000000000000000e+05,4.000000000000000000e+02,5.000000000000000000e-01,4.000000000000000222e-01,5.470724059999999556e-01,1.320780951999999953e-01
5.500000000000000000e+05,4.000000000000000000e+02,5.000000000000000000e-01,4.000000000000000222e-01,5.470694968999999519e-01,1.321050129000000128e-01
5.700000000000000000e+05,4.000000000000000000e+02,5.000000000000000000e-01,4.000000000000000222e-01,5.470668185999999489e-01,1.321312189999999942e-01
5.900000000000000000e+05,4.000000000000000000e+02,5.000000000000000000e-01,4.000000000000000222e-01,5.470643680000000231e-01,1.321567651999999982e-01
6.100000000000000000e+05,4.000000000000000000e+02,5.000000000000000000e-01,4.000000000000000222e-01,5.470621409999999463e-01,1.321816982000000029e-01
6.300000000000000000e+05,4.000000000000000000e+02,5.000000000000000000e-01,4.000000000000000222e-01,5.470601326999999792e-01,1.322060596999999893e-01
6.500000000000000000e+05,4.000000000000000000e+02,5.000000000000000000e-01,4.000000000000000222e-01,5.470583381000000411e-01,1.322298872999999875e-01
6.700000000000000000e+05,4.000000000000000000e+02,5.000000000000000000e-01,4.000000000000000222e-01,5.470567516000000019e-01,1.322532150999999878e-01
6.900000000000000000e+05,4.000000000000000000e+02,5.000000000000000000e-01,4.000000000000000222e-01,5.470553675999999532e-01,1.322760739000000130e-01
7.100000000000000000e+05,4.000000000000000000e+02,5.000000000000000000e-01,4.000000000000000222e-01,5.470541804999999869e-01,1.322984918000000010e-01
7.300000000000000000e+05,4.000000000000000000e+02,5.000000000000000000e-01,4.000000000000000222e-01,5.470531843999999477e-01,1.323204944999999966e-01
7.500000000000000000e+05,4.000000000000000000e+02,5.000000000000000000e-01,4.000000000000000222e-01,5.470523737000000386e-01,1.323421055000000013e-01
7.700000000000000000e+05,4.000000000000000000e+02,5.000000000000000000e-01,4.000000000000000222e-01,5.470517430000000347e-01,1.323633463999999982e-01
7.900000000000000000e+05,4.000000000000000000e+02,5.000000000000000000e-01,4.000000000000000222e-01,5.470512867000000279e-01,1.323842369000000074e-01
8.100000000000000000e+05,4.000000000000000000e+02,5.000000000000000000e-01,4.000000000000000222e-01,5.470509995000000236e-01,1.324047953999999971e-01
8.300000000000000000e+05,4.000000000000000000e+02,5.000000000000000000e-01,4.000000000000000222e-01,5.470508763000000441e-01,1.324250385999999891e-01
8.500000000000000000e+05,4.000000000000000000e+02,5.000000000000000000e-01,4.000000000000000222e-01,5.470509118999999920e-01,1.324449823000000137e-01
8.700000000000000000e+05,4.000000000000000000e+02,5.000000000000000000e-01,4.000000000000000222e-01,5.470511017000000420e-01,1.324646409999999941e-01
8.900000000000000000e+05,4.000000000000000000e+02,5.000000000000000000e-01,4.000000000000000222e-01,5.470514408000000106e-01,1.324840280000000037e-01
9.100000000000000000e+05,4.000000000000000000e+02,5.000000000000000000e-01,4.000000000000000222e-01,5.470519246999999696e-01,1.325031559000000025e-01
9.300000000000000000e+05,4.000000000000000000e+02,5.000000000000000000e-01,4.000000000000000222e-01,5.470525491000000073e-01,1.325220364999999956e-01
9.500000000000000000e+05,4.000000000000000000e+02,5.000000000000000000e-01,4.000000000000000222e-01,5.470533096999999900e-01,1.325406805999999882e-01
9.700000000000000000e+05,4.000000000000000000e+02,5.000000000000000000e-01,4.000000000000000222e-01,5.470542025000000308e-01,1.325590983000000112e-01
9.900000000000000000e+05,4.000000000000000000e+02,5.000000000000000000e-01,4.000000000000000222e-01,5.470552236000000290e-01,1.325772993999999871e-01
1.000000000000000000e+05,4.000000000000000000e+02,5.000000000000000000e-01,4.000000000000000222e-01,5.470078353999999754e-01,1.309670874999999957e-01
3.000000000000000000e+05,4.000000000000000000e+02,5.000000000000000000e-01,4.000000000000000222e-01,5.471198094000000456e-01,1.316890689999999919e-01
5.000000000000000000e+05,4.000000000000000000e+02,5.000000000000000000e-01,4.000000000000000222e-01,5.470772066000000322e-01,1.320362546999999942e-01
7.000000000000000000e+05,4.000000000000000000e+02,5.000000000000000000e-01,4.000000000000000222e-01,5.470547498000000175e-01,1.322873363000000024e-01
9.000000000000000000e+05,4.000000000000000000e+02,5.000000000000000000e-01,4.000000000000000222e-01,5.470516649000000120e-01,1.324936235999999989e-01
1.100000000000000000e+06,4.000000000000000000e+02,5.000000000000000000e-01,4.000000000000000222e-01,5.470629712000000255e-01,1.326739061999999969e-01
1.300000000000000000e+06,4.000000000000000000e+02,5.000000000000000000e-01,4.000000000000000222e-01,5.470849940999999994e-01,1.328371785999999943e-01
1.500000000000000000e+06,4.000000000000000000e+02,5.000000000000000000e-01,4.000000000000000222e-01,5.471152133000000140e-01,1.329884476000000038e-01
1.700000000000000000e+06,4.000000000000000000e+02,5.000000000000000000e-01,4.000000000000000222e-01,5.471518721000000474e-01,1.331307882999999970e-01
1.900000000000000000e+06,4.000000000000000000e+02,5.000000000000000000e-01,4.000000000000000222e-01,5.471937104999999857e-01,1.332662250999999964e-01
2.100000000000000000e+06,4.000000000000000000e+02,5.000000000000000000e-01,4.000000000000000222e-01,5.472397987999999547e-01,1.333961616999999877e-01
2.300000000000000000e+06,4.000000000000000000e+02,5.000000000000000000e-01,4.000000000000000222e-01,5.472894329999999918e-01,1.335216114999999981e-01
2.500000000000000000e+06,4.000000000000000000e+02,5.000000000000000000e-01,4.000000000000000222e-01,5.473420682999999842e-01,1.336433301999999934e-01
2.700000000000000000e+06,4.000000000000000000e+02,5.000000000000000000e-01,4.000000000000000222e-01,5.473972749000000082e-01,1.337618960999999995e-01
2.900000000000000000e+06,4.000000000000000000e+02,5.000000000000000000e-01,4.000000000000000222e-01,5.474547076000000345e-01,1.338777620999999918e-01
3.100000000000000000e+06,4.000000000000000000e+02,5.000000000000000000e-01,4.000000000000000222e-01,5.475140858000000499e-01,1.339912889000000051e-01
3.300000000000000000e+06,4.000000000000000000e+02,5.000000000000000000e-01,4.000000000000000222e-01,5.475751776999999709e-01,1.341027690000000105e-01
3.500000000000000000e+06,4.000000000000000000e+02,5.000000000000000000e-01,4.000000000000000222e-01,5.476377900000000132e-01,1.342124426000000093e-01
3.700000000000000000e+06,4.000000000000000000e+02,5.000000000000000000e-01,4.000000000000000222e-01,5.477017600000000375e-01,1.343205094000000099e-01
3.900000000000000000e+06,4.000000000000000000e+02,5.000000000000000000e-01,4.000000000000000222e-01,5.477669488999999947e-01,1.344271372999999992e-01
4.100000000000000000e+06,4.000000000000000000e+02,5.000000000000000000e-01,4.000000000000000222e-01,5.478332380999999529e-01,1.345324686999999908e-01
4.300000000000000000e+06,4.000000000000000000e+02,5.000000000000000000e-01,4.000000000000000222e-01,5.479005248999999633e-01,1.346366254999999956e-01
4.500000000000000000e+06,4.000000000000000000e+02,5.000000000000000000e-01,4.000000000000000222e-01,5.479687199999999647e-01,1.347397129000000027e-01
4.700000000000000000e+06,4.000000000000000000e+02,5.000000000000000000e-01,4.000000000000000222e-01,5.480377453000000454e-01,1.348418221999999889e-01
4.900000000000000000e+06,4.000000000000000000e+02,5.000000000000000000e-01,4.000000000000000222e-01,5.481075319999999529e-01,1.349430332999999871e-01
5.100000000000000000e+06,4.000000000000000000e+02,5.000000000000000000e-01,4.000000000000000222e-01,5.481780192999999857e-01,1.350434161999999882e-01
5.300000000000000000e+06,4.000000000000000000e+02,5.000000000000000000e-01,4.000000000000000222e-01,5.482491532000000056e-01,1.351430329999999957e-01
5.500000000000000000e+06,4.000000000000000000e+02,5.000000000000000000e-01,4.000000000000000222e-01,5.483208854000000132e-01,1.352419387999999889e-01
5.700000000000000000e+06,4.000000000000000000e+02,5.000000000000000000e-01,4.000000000000000222e-01,5.483931724999999702e-01,1.353401827999999862e-01
5.900000000000000000e+06,4.000000000000000000e+02,5.000000000000000000e-01,4.000000000000000222e-01,5.484659756999999969e-01,1.354378088000000036e-01
6.100000000000000000e+06,4.000000000000000000e+02,5.000000000000000000e-01,4.000000000000000222e-01,5.485392597999999564e-01,1.355348567000000115e-01
6.300000000000000000e+06,4.000000000000000000e+02,5.000000000000000000e-01,4.000000000000000222e-01,5.486129927999999767e-01,1.356313620000000053e-01
6.500000000000000000e+06,4.000000000000000000e+02,5.000000000000000000e-01,4.000000000000000222e-01,5.486871457999999979e-01,1.357273572999999900e-01
6.700000000000000000e+06,4.000000000000000000e+02,5.000000000000000000e-01,4.000000000000000222e-01,5.487616924999999535e-01,1.358228717999999946e-01
6.900000000000000000e+06,4.000000000000000000e+02,5.000000000000000000e-01,4.000000000000000222e-01,5.488366085000000449e-01,1.359179325000000049e-01
7.100000000000000000e+06,4.000000000000000000e+02,5.000000000000000000e-01,4.000000000000000222e-01,5.489118719000000146e-01,1.360125637000000054e-01
7.300000000000000000e+06,4.000000000000000000e+02,5.000000000000000000e-01,4.000000000000000222e-01,5.489874622000000537e-01,1.361067880999999868e-01
7.500000000000000000e+06,4.000000000000000000e+02,5.000000000000000000e-01,4.000000000000000222e-01,5.490633606999999472e-01,1.362006260999999996e-01
7.700000000000000000e+06,4.000000000000000000e+02,5.000000000000000000e-01,4.000000000000000222e-01,5.491395502000000484e-01,1.362940968999999947e-01
7.900000000000000000e+06,4.000000000000000000e+02,5.000000000000000000e-01,4.000000000000000222e-01,5.492160146000000243e-01,1.363872177999999880e-01
8.100000000000000000e+06,4.000000000000000000e+02,5.000000000000000000e-01,4.000000000000000222e-01,5.492927390999999826e-01,1.364800052000000041e-01
8.300000000000000000e+06,4.000000000000000000e+02,5.000000000000000000e-01,4.000000000000000222e-01,5.493697101000000194e-01,1.365724739999999993e-01
8.500000000000000000e+06,4.000000000000000000e+02,5.000000000000000000e-01,4.000000000000000222e-01,5.494469145000000498e-01,1.366646381999999937e-01
8.700000000000000000e+06,4.000000000000000000e+02,5.000000000000000000e-01,4.000000000000000222e-01,5.495243407000000024e-01,1.367565107000000002e-01
8.900000000000000000e+06,4.000000000000000000e+02,5.000000000000000000e-01,4.000000000000000222e-01,5.496019773000000441e-01,1.368481037000000011e-01
9.100000000000000000e+06,4.000000000000000000e+02,5.000000000000000000e-01,4.000000000000000222e-01,5.496798140999999971e-01,1.369394282999999990e-01
9.300000000000000000e+06,4.000000000000000000e+02,5.000000000000000000e-01,4.000000000000000222e-01,5.497578413000000497e-01,1.370304951999999910e-01
9.500000000000000000e+06,4.000000000000000000e+02,5.000000000000000000e-01,4.000000000000000222e-01,5.498360496999999958e-01,1.371213141000000024e-01
9.700000000000000000e+06,4.000000000000000000e+02,5.000000000000000000e-01,4.000000000000000222e-01,5.499144309000000286e-01,1.372118944000000063e-01
9.900000000000000000e+06,4.000000000000000000e+02,5.000000000000000000e-01,4.000000000000000222e-01,5.499929767000000247e-01,1.373022446999999924e-01
1.000000000000000000e+06,4.000000000000000000e+02,5.000000000000000000e-01,4.000000000000000222e-01,5.470557810999999715e-01,1.325863214999999928e-01
3.000000000000000000e+06,4.000000000000000000e+02,5.000000000000000000e-01,4.000000000000000222e-01,5.474841689999999650e-01,1.339347982000000103e-01
5.000000000000000000e+06,4.000000000000000000e+02,5.000000000000000000e-01,4.000000000000000222e-01,5.481426915999999538e-01,1.349933241999999867e-01
7.000000000000000000e+06,4.000000000000000000e+02,5.000000000000000000e-01,4.000000000000000222e-01,5.488741981000000436e-01,1.359653003000000082e-01
9.000000000000000000e+06,4.000000000000000000e+02,5.000000000000000000e-01,4.000000000000000222e-01,5.496408712999999446e-01,1.368937989000000022e-01
1.100000000000000000e+07,4.000000000000000000e+02,5.000000000000000000e-01,4.000000000000000222e-01,5.504276042000000313e-01,1.377954016999999864e-01
1.300000000000000000e+07,4.000000000000000000e+02,5.000000000000000000e-01,4.000000000000000222e-01,5.512268243000000290e-01,1.386782732999999879e-01
1.500000000000000000e+07,4.000000000000000000e+02,5.000000000000000000e-01,4.000000000000000222e-01,5.520341943000000029e-01,1.395470454999999943e-01
1.700000000000000000e+07,4.000000000000000000e+02,5.000000000000000000e-01,4.000000000000000222e-01,5.528469995000000470e-01,1.404046033999999943e-01
1.900000000000000000e+07,4.000000000000000000e+02,5.000000000000000000e-01,4.000000000000000222e-01,5.536634295000000261e-01,1.412528684000000090e-01
2.100000000000000000e+07,4.000000000000000000e+02,5.000000000000000000e-01,4.000000000000000222e-01,5.544822179999999712e-01,1.420931867000000126e-01
2.300000000000000000e+07,4.000000000000000000e+02,5.000000000000000000e-01,4.000000000000000222e-01,5.553024455999999720e-01,1.429265388000000025e-01
2.500000000000000000e+07,4.000000000000000000e+02,5.000000000000000000e-01,4.000000000000000222e-01,5.561234251000000128e-01,1.437536627999999872e-01
2.700000000000000000e+07,4.000000000000000000e+02,5.000000000000000000e-01,4.000000000000000222e-01,5.569446298000000350e-01,1.445751285999999913e-01
2.900000000000000000e+07,4.000000000000000000e+02,5.000000000000000000e-01,4.000000000000000222e-01,5.577656480999999555e-01,1.453913864999999972e-01
3.100000000000000000e+07,4.000000000000000000e+02,5.000000000000000000e-01,4.000000000000000222e-01,5.585861531000000380e-01,1.462027989999999944e-01
3.300000000000000000e+07,4.000000000000000000e+02,5.000000000000000000e-01,4.000000000000000222e-01,5.594058811000000020e-01,1.470096626000000073e-01
3.500000000000000000e+07,4.000000000000000000e+02,5.000000000000000000e-01,4.000000000000000222e-01,5.602246171000000441e-01,1.478122239000000115e-01
3.700000000000000000e+07,4.000000000000000000e+02,5.000000000000000000e-01,4.000000000000000222e-01,5.610421838000000383e-01,1.486106899999999897e-01
3.900000000000000000e+07,4.000000000000000000e+02,5.000000000000000000e-01,4.000000000000000222e-01,5.618584338000000011e-01,1.494052372999999934e-01
4.100000000000000000e+07,4.000000000000000000e+02,5.000000000000000000e-01,4.000000000000000222e-01,5.626732435000000310e-01,1.501960175000000008e-01
4.300000000000000000e+07,4.000000000000000000e+02,5.000000000000000000e-01,4.000000000000000222e-01,5.634865086000000467e-01,1.509831623000000012e-01
4.500000000000000000e+07,4.000000000000000000e+02,5.000000000000000000e-01,4.000000000000000222e-01,5.642981407999999588e-01,1.517667869000000058e-01
4.700000000000000000e+07,4.000000000000000000e+02,5.000000000000000000e-01,4.000000000000000222e-01,5.651080647999999762e-01,1.525469929999999918e-01
4.900000000000000000e+07,4.000000000000000000e+02,5.000000000000000000e-01,4.000000000000000222e-01,5.659162160999999802e-01,1.533238711000000087e-01
5.100000000000000000e+07,4.000000000000000000e+02,5.000000000000000000e-01,4.000000000000000222e-01,5.667225393000000500e-01,1.540975022000000139e-01
5.300000000000000000e+07,4.000000000000000000e+02,5.000000000000000000e-01,4.000000000000000222e-01,5.675269869000000300e-01,1.548679589999999995e-01
5.500000000000000000e+07,4.000000000000000000e+02,5.000000000000000000e-01,4.000000000000000222e-01,5.683295177999999614e-01,1.556353075999999946e-01
5.700000000000000000e+07,4.000000000000000000e+02,5.000000000000000000e-01,4.000000000000000222e-01,5.691300967000000322e-01,1.563996082000000121e-01
5.900000000000000000e+07,4.000000000000000000e+02,5.000000000000000000e-01,4.000000000000000222e-01,5.699286929000000335e-01,1.571609156999999868e-01
6.100000000000000000e+07,4.000000000000000000e+02,5.000000000000000000e-01,4.000000000000000222e-01,5.707252800000000015e-01,1.579192808000000059e-01
6.300000000000000000e+07,4.000000000000000000e+02,5.000000000000000000e-01,4.000000000000000222e-01,5.715198353999999537e-01,1.586747503000000004e-01
6.500000000000000000e+07,4.000000000000000000e+02,5.000000000000000000e-01,4.000000000000000222e-01,5.723123394000000363e-01,1.594273673999999918e-01
6.700000000000000000e+07,4.000000000000000000e+02,5.000000000000000000e-01,4.000000000000000222e-01,5.731027752999999780e-01,1.601771727000000090e-01
6.900000000000000000e+07,4.000000000000000000e+02,5.000000000000000000e-01,4.000000000000000222e-01,5.738911287000000305e-01,1.609242037999999986e-01
7.100000000000000000e+07,4.000000000000000000e+02,5.000000000000000000e-01,4.000000000000000222e-01,5.746773874999999698e-01,1.616684961000000031e-01
7.300000000000000000e+07,4.000000000000000000e+02,5.000000000000000000e-01,4.000000000000000222e-01,5.754615414000000539e-01,1.624100830000000106e-01
7.500000000000000000e+07,4.000000000000000000e+02,5.000000000000000000e-01,4.000000000000000222e-01,5.762435818000000154e-01,1.631489958000000018e-01
7.700000000000000000e+07,4.000000000000000000e+02,5.000000000000000000e-01,4.000000000000000222e-01,5.770235017000000521e-01,1.638852644000000081e-01
7.900000000000000000e+07,4.000000000000000000e+02,5.000000000000000000e-01,4.000000000000000222e-01,5.778012954000000256e-01,1.646189170000000035e-01
8.100000000000000000e+07,4.000000000000000000e+02,5.000000000000000000e-01,4.000000000000000222e-01,5.785769585000000159e-01,1.653499804000000128e-01
8.300000000000000000e+07,4.000000000000000000e+02,5.000000000000000000e-01,4.000000000000000222e-01,5.793504874999999554e-01,1.660784802999999976e-01
8.500000000000000000e+07,4.000000000000000000e+02,5.000000000000000000e-01,4.000000000000000222e-01,5.801218799999999787e-01,1.668044411999999865e-01
8.700000000000000000e+07,4.000000000000000000e+02,5.000000000000000000e-01,4.000000000000000222e-01,5.808911344999999615e-01,1.675278865000000006e-01
8.900000000000000000e+07,4.000000000000000000e+02,5.000000000000000000e-01,4.000000000000000222e-01,5.816582502999999571e-01,1.682488386999999863e-01
9.100000000000000000e+07,4.000000000000000000e+02,5.000000000000000000e-01,4.000000000000000222e-01,5.824232273999999654e-01,1.689673194999999906e-01
9.300000000000000000e+07,4.000000000000000000e+02,5.000000000000000000e-01,4.000000000000000222e-01,5.831860663000000278e-01,1.696833497999999940e-01
9.500000000000000000e+07,4.000000000000000000e+02,5.000000000000000000e-01,4.000000000000000222e-01,5.839467683000000298e-01,1.703969495999999861e-01
9.700000000000000000e+07,4.000000000000000000e+02,5.000000000000000000e-01,4.000000000000000222e-01,5.847053352000000093e-01,1.711081385000000066e-01
9.900000000000000000e+07,4.000000000000000000e+02,5.000000000000000000e-01,4.000000000000000222e-01,5.854617693000000456e-01,1.718169351999999928e-01
1.000000000000000000e+07,4.000000000000000000e+02,5.000000000000000000e-01,4.000000000000000222e-01,5.500323089999999970e-01,1.373473362000000031e-01
3.000000000000000000e+07,4.000000000000000000e+02,5.000000000000000000e-01,4.000000000000000222e-01,5.581759825000000008e-01,1.457976784999999997e-01
5.000000000000000000e+07,4.000000000000000000e+02,5.000000000000000000e-01,4.000000000000000222e-01,5.663196093000000264e-01,1.537110878000000069e-01
7.000000000000000000e+07,4.000000000000000000e+02,5.000000000000000000e-01,4.000000000000000222e-01,5.742845206000000147e-01,1.612966902000000091e-01
9.000000000000000000e+07,4.000000000000000000e+02,5.000000000000000000e-01,4.000000000000000222e-01,5.820410061999999884e-01,1.686083867000000014e-01
1.000000000000000000e+08,4.000000000000000000e+02,5.000000000000000000e-01,4.000000000000000222e-01,5.858391872999999528e-01,1.721704421999999957e-01
