# pressure,temperature,f1,f2,molkg1,molkg2
1.000000000000000000e+00,4.000000000000000000e+02,2.999999999999999889e-01,5.999999999999999778e-01,2.472765245999999917e-03,1.209561101000000086e-03
3.000000000000000000e+00,4.000000000000000000e+02,2.999999999999999889e-01,5.999999999999999778e-01,7.338673395999999703e-03,3.589821874999999957e-03
5.000000000000000000e+00,4.000000000000000000e+02,2.999999999999999889e-01,5.999999999999999778e-01,1.210123551999999977e-02,5.919641344999999714e-03
7.000000000000000000e+00,4.000000000000000000e+02,2.999999999999999889e-01,5.999999999999999778e-01,1.676370786999999835e-02,8.200607651000000817e-03
9.000000000000000000e+00,4.000000000000000000e+02,2.999999999999999889e-01,5.999999999999999778e-01,2.132921134999999843e-02,1.043424293999999954e-02
1.100000000000000000e+01,4.000000000000000000e+02,2.999999999999999889e-01,5.999999999999999778e-01,2.580073847000000087e-02,1.262200676000000028e-02
1.300000000000000000e+01,4.000000000000000000e+02,2.999999999999999889e-01,5.999999999999999778e-01,3.018115985000000001e-02,1.476529925000000069e-02
1.500000000000000000e+01,4.000000000000000000e+02,2.999999999999999889e-01,5.999999999999999778e-01,3.447323040999999977e-02,1.686546410999999884e-02
1.700000000000000000e+01,4.000000000000000000e+02,2.999999999999999889e-01,5.999999999999999778e-01,3.867959510999999934e-02,1.892379144000000055e-02
1.900000000000000000e+01,4.000000000000000000e+02,2.999999999999999889e-01,5.999999999999999778e-01,4.280279439000000269e-02,2.094152038999999924e-02
2.100000000000000000e+01,4.000000000000000000e+02,2.999999999999999889e-01,5.999999999999999778e-01,4.684526928999999812e-02,2.291984162999999991e-02
2.300000000000000000e+01,4.000000000000000000e+02,2.999999999999999889e-01,5.999999999999999778e-01,5.080936622999999985e-02,2.485989971999999840e-02
2.500000000000000000e+01,4.000000000000000000e+02,2.999999999999999889e-01,5.999999999999999778e-01,5.469734160999999845e-02,2.676279528000000130e-02
2.700000000000000000e+01,4.000000000000000000e+02,2.999999999999999889e-01,5.999999999999999778e-01,5.851136602999999770e-02,2.862958715000000001e-02
2.900000000000000000e+01,4.000000000000000000e+02,2.999999999999999889e-01,5.999999999999999778e-01,6.225352836999999834e-02,3.046129427999999875e-02
3.100000000000000000e+01,4.000000000000000000e+02,2.999999999999999889e-01,5.999999999999999778e-01,6.592583957000000550e-02,3.225889763999999910e-02
3.300000000000000000e+01,4.000000000000000000e+02,2.999999999999999889e-01,5.999999999999999778e-01,6.953023623000000042e-02,3.402334195000000089e-02
3.500000000000000000e+01,4.000000000000000000e+02,2.999999999999999889e-01,5.999999999999999778e-01,7.306858405999999695e-02,3.575553734999999816e-02
3.700000000000000000e+01,4.000000000000000000e+02,2.999999999999999889e-01,5.999999999999999778e-01,7.654268103000000378e-02,3.745636095999999721e-02
3.900000000000000000e+01,4.000000000000000000e+02,2.999999999999999889e-01,5.999999999999999778e-01,7.995426046999999647e-02,3.912665837999999841e-02
4.100000000000000000e+01,4.000000000000000000e+02,2.999999999999999889e-01,5.999999999999999778e-01,8.330499390999999976e-02,4.076724505999999859e-02
4.300000000000000000e+01,4.000000000000000000e+02,2.999999999999999889e-01,5.999999999999999778e-01,8.659649382999999589e-02,4.237890768000000113e-02
4.500000000000000000e+01,4.000000000000000000e+02,2.999999999999999889e-01,5.999999999999999778e-01,8.983031625000000020e-02,4.396240535999999810e-02
4.700000000000000000e+01,4.000000000000000000e+02,2.999999999999999889e-01,5.999999999999999778e-01,9.300796314999999759e-02,4.551847089000000263e-02
4.900000000000000000e+01,4.000000000000000000e+02,2.999999999999999889e-01,5.999999999999999778e-01,9.613088483999999989e-02,4.704781184000000199e-02
5.100000000000000000e+01,4.000000000000000000e+02,2.999999999999999889e-01,5.999999999999999778e-01,9.920048211000000171e-02,4.855111167000000089e-02
5.300000000000000000e+01,4.000000000000000000e+02,2.999999999999999889e-01,5.999999999999999778e-01,1.022181083999999934e-01,5.002903069999999758e-02
5.500000000000000000e+01,4.000000000000000000e+02,2.999999999999999889e-01,5.999999999999999778e-01,1.051850716999999935e-01,5.148220710999999727e-02
5.700000000000000000e+01,4.000000000000000000e+02,2.999999999999999889e-01,5.999999999999999778e-01,1.081026363999999934e-01,5.291125785999999803e-02
5.900000000000000000e+01,4.000000000000000000e+02,2.999999999999999889e-01,5.999999999999999778e-01,1.109720253999999934e-01,5.431677956000000029e-02
6.100000000000000000e+01,4.000000000000000000e+02,2.999999999999999889e-01,5.999999999999999778e-01,1.137944213999999982e-01,5.569934931000000006e-02
6.300000000000000000e+01,4.000000000000000000e+02,2.999999999999999889e-01,5.999999999999999778e-01,1.165709686999999994e-01,5.705952547999999791e-02
6.500000000000000000e+01,4.000000000000000000e+02,2.999999999999999889e-01,5.999999999999999778e-01,1.193027747999999971e-01,5.839784844999999780e-02
6.700000000000000000e+01,4.000000000000000000e+02,2.999999999999999889e-01,5.999999999999999778e-01,1.219909116999999960e-01,5.971484137000000053e-02
6.900000000000000000e+01,4.000000000000000000e+02,2.999999999999999889e-01,5.999999999999999778e-01,1.246364177999999961e-01,6.101101081000000204e-02
7.100000000000000000e+01,4.000000000000000000e+02,2.999999999999999889e-01,5.999999999999999778e-01,1.272402982999999987e-01,6.228684743000000024e-02
7.300000000000000000e+01,4.000000000000000000e+02,2.999999999999999889e-01,5.999999999999999778e-01,1.298035274999999877e-01,6.354282657000000223e-02
7.500000000000000000e+01,4.000000000000000000e+02,2.999999999999999889e-01,5.999999999999999778e-01,1.323270494000000075e-01,6.477940886999999925e-02
7.700000000000000000e+01,4.000000000000000000e+02,2.999999999999999889e-01,5.999999999999999778e-01,1.348117788000000039e-01,6.599704084999999387e-02
7.900000000000000000e+01,4.000000000000000000e+02,2.999999999999999889e-01,5.999999999999999778e-01,1.372586028999999985e-01,6.719615537999999721e-02
8.100000000000000000e+01,4.000000000000000000e+02,2.999999999999999889e-01,5.999999999999999778e-01,1.396683818999999993e-01,6.837717227999999536e-02
8.300000000000000000e+01,4.000000000000000000e+02,2.999999999999999889e-01,5.999999999999999778e-01,1.420419501999999889e-01,6.954049875999999963e-02
8.500000000000000000e+01,4.000000000000000000e+02,2.999999999999999889e-01,5.999999999999999778e-01,1.443801174000000076e-01,7.068652989000000220e-02
8.700000000000000000e+01,4.000000000000000000e+02,2.999999999999999889e-01,5.999999999999999778e-01,1.466836689999999888e-01,7.181564907000000109e-02
8.900000000000000000e+01,4.000000000000000000e+02,2.999999999999999889e-01,5.999999999999999778e-01,1.489533677000000056e-01,7.292822844000000637e-02
9.100000000000000000e+01,4.000000000000000000e+02,2.999999999999999889e-01,5.999999999999999778e-01,1.511899536000000099e-01,7.402462930000000552e-02
9.300000000000000000e+01,4.000000000000000000e+02,2.999999999999999889e-01,5.999999999999999778e-01,1.533941456000000036e-01,7.510520249999999565e-02
9.500000000000000000e+01,4.000000000000000000e+02,2.999999999999999889e-01,5.999999999999999778e-01,1.555666420000000050e-01,7.617028881000000029e-02
9.700000000000000000e+01,4.000000000000000000e+02,2.999999999999999889e-01,5.999999999999999778e-01,1.577081210000000067e-01,7.722021929000000284e-02
9.900000000000000000e+01,4.000000000000000000e+02,2.999999999999999889e-01,5.999999999999999778e-01,1.598192418000000115e-01,7.825531563000000246e-02
1.000000000000000000e+01,4.000000000000000000e+02,2.999999999999999889e-01,5.999999999999999778e-01,2.357653976000000096e-02,1.153376992000000080e-02
3.000000000000000000e+01,4.000000000000000000e+02,2.999999999999999889e-01,5.999999999999999778e-01,6.409829261999999694e-02,3.136429906000000323e-02
5.000000000000000000e+01,4.000000000000000000e+02,2.999999999999999889e-01,5.999999999999999778e-01,9.767226334999999648e-02,4.780267509999999720e-02
7.000000000000000000e+01,4.000000000000000000e+02,2.999999999999999889e-01,5.999999999999999778e-01,1.259434996000000084e-01,6.165144066000000089e-02
9.000000000000000000e+01,4.000000000000000000e+02,2.999999999999999889e-01,5.999999999999999778e-01,1.500757543000000027e-01,7.347842900999999871e-02
1.100000000000000000e+02,4.000000000000000000e+02,2.999999999999999889e-01,5.999999999999999778e-01,1.709154981999999878e-01,8.369672804000000133e-02
1.300000000000000000e+02,4.000000000000000000e+02,2.999999999999999889e-01,5.999999999999999778e-01,1.890931442999999879e-01,9.261403656000000151e-02
1.500000000000000000e+02,4.000000000000000000e+02,2.999999999999999889e-01,5.999999999999999778e-01,2.050878439000000109e-01,1.004642619000000042e-01
1.700000000000000000e+02,4.000000000000000000e+02,2.999999999999999889e-01,5.999999999999999778e-01,2.192702843000000068e-01,1.074283916000000061e-01
1.900000000000000000e+02,4.000000000000000000e+02,2.999999999999999889e-01,5.999999999999999778e-01,2.319317337000000034e-01,1.136486599999999986e-01
2.100000000000000000e+02,4.000000000000000000e+02,2.999999999999999889e-01,5.999999999999999778e-01,2.433042282000000001e-01,1.192383951999999997e-01
2.300000000000000000e+02,4.000000000000000000e+02,2.999999999999999889e-01,5.999999999999999778e-01,2.535748985999999872e-01,1.242890076999999954e-01
2.500000000000000000e+02,4.000000000000000000e+02,2.999999999999999889e-01,5.999999999999999778e-01,2.628963315999999772e-01,1.288750461000000014e-01
2.700000000000000000e+02,4.000000000000000000e+02,2.999999999999999889e-01,5.999999999999999778e-01,2.713941884000000138e-01,1.330579135999999940e-01
2.900000000000000000e+02,4.000000000000000000e+02,2.999999999999999889e-01,5.999999999999999778e-01,2.791728923999999834e-01,1.368886444999999896e-01
3.100000000000000000e+02,4.000000000000000000e+02,2.999999999999999889e-01,5.999999999999999778e-01,2.863199336000000206e-01,1.404100037999999884e-01
3.300000000000000000e+02,4.000000000000000000e+02,2.999999999999999889e-01,5.999999999999999778e-01,2.929091669000000175e-01,1.436580976999999870e-01
3.500000000000000000e+02,4.000000000000000000e+02,2.999999999999999889e-01,5.999999999999999778e-01,2.990033685999999857e-01,1.466636212999999911e-01
3.700000000000000000e+02,4.000000000000000000e+02,2.999999999999999889e-01,5.999999999999999778e-01,3.046562385000000095e-01,1.494528356000000002e-01
3.900000000000000000e+02,4.000000000000000000e+02,2.999999999999999889e-01,5.999999999999999778e-01,3.099139824000000099e-01,1.520483407000000065e-01
4.100000000000000000e+02,4.000000000000000000e+02,2.999999999999999889e-01,5.999999999999999778e-01,3.148165759000000063e-01,1.544696925000000054e-01
4.300000000000000000e+02,4.000000000000000000e+02,2.999999999999999889e-01,5.999999999999999778e-01,3.193987792999999908e-01,1.567338981999999992e-01
4.500000000000000000e+02,4.000000000000000000e+02,2.999999999999999889e-01,5.999999999999999778e-01,3.236909618000000100e-01,1.588558191999999980e-01
4.700000000000000000e+02,4.000000000000000000e+02,2.999999999999999889e-01,5.999999999999999778e-01,3.277197731000000003e-01,1.608484986000000005e-01
4.900000000000000000e+02,4.000000000000000000e+02,2.999999999999999889e-01,5.999999999999999778e-01,3.315086962000000081e-01,1.627234314999999876e-01
5.100000000000000000e+02,4.000000000000000000e+02,2.999999999999999889e-01,5.999999999999999778e-01,3.350785038999999910e-01,1.644907879999999989e-01
5.300000000000000000e+02,4.000000000000000000e+02,2.999999999999999889e-01,5.999999999999999778e-01,3.384476385999999892e-01,1.661595989999999912e-01
5.500000000000000000e+02,4.000000000000000000e+02,2.999999999999999889e-01,5.999999999999999778e-01,3.416325306999999922e-01,1.677379110999999978e-01
5.700000000000000000e+02,4.000000000000000000e+02,2.999999999999999889e-01,5.999999999999999778e-01,3.446478649999999977e-01,1.692329171999999993e-01
5.900000000000000000e+02,4.000000000000000000e+02,2.999999999999999889e-01,5.999999999999999778e-01,3.475068069999999731e-01,1.706510672000000062e-01
6.100000000000000000e+02,4.000000000000000000e+02,2.999999999999999889e-01,5.999999999999999778e-01,3.502211940000000134e-01,1.719981611999999993e-01
6.300000000000000000e+02,4.000000000000000000e+02,2.999999999999999889e-01,5.999999999999999778e-01,3.528016986999999993e-01,1.732794294999999984e-01
6.500000000000000000e+02,4.000000000000000000e+02,2.999999999999999889e-01,5.999999999999999778e-01,3.552579687999999902e-01,1.744996007999999876e-01
6.700000000000000000e+02,4.000000000000000000e+02,2.999999999999999889e-01,5.999999999999999778e-01,3.575987474999999804e-01,1.756629610999999869e-01
6.900000000000000000e+02,4.000000000000000000e+02,2.999999999999999889e-01,5.999999999999999778e-01,3.598319763999999754e-01,1.767734044000000004e-01
7.100000000000000000e+02,4.000000000000000000e+02,2.999999999999999889e-01,5.999999999999999778e-01,3.619648858000000247e-01,1.778344760999999996e-01
7.300000000000000000e+02,4.000000000000000000e+02,2.999999999999999889e-01,5.999999999999999778e-01,3.640040727000000143e-01,1.788494116999999883e-01
7.500000000000000000e+02,4.000000000000000000e+02,2.999999999999999889e-01,5.999999999999999778e-01,3.659555679000000006e-01,1.798211697000000053e-01
7.700000000000000000e+02,4.000000000000000000e+02,2.999999999999999889e-01,5.999999999999999778e-01,3.678248963999999899e-01,1.807524605999999978e-01
7.900000000000000000e+02,4.000000000000000000e+02,2.999999999999999889e-01,5.999999999999999778e-01,3.696171285000000029e-01,1.816457723999999885e-01
8.100000000000000000e+02,4.000000000000000000e+02,2.999999999999999889e-01,5.999999999999999778e-01,3.713369261999999726e-01,1.825033930999999943e-01
8.300000000000000000e+02,4.000000000000000000e+02,2.999999999999999889e-01,5.999999999999999778e-01,3.729885832000000012e-01,1.833274303000000105e-01
8.500000000000000000e+02,4.000000000000000000e+02,2.999999999999999889e-01,5.999999999999999778e-01,3.745760606999999909e-01,1.841198284999999990e-01
8.700000000000000000e+02,4.000000000000000000e+02,2.999999999999999889e-01,5.999999999999999778e-01,3.761030186000000053e-01,1.848823850000000102e-01
8.900000000000000000e+02,4.000000000000000000e+02,2.999999999999999889e-01,5.999999999999999778e-01,3.775728442999999879e-01,1.856167632000000067e-01
9.100000000000000000e+02,4.000000000000000000e+02,2.999999999999999889e-01,5.999999999999999778e-01,3.789886767999999795e-01,1.863245048000000126e-01
9.300000000000000000e+02,4.000000000000000000e+02,2.999999999999999889e-01,5.999999999999999778e-01,3.803534297999999758e-01,1.870070412000000015e-01
9.500000000000000000e+02,4.000000000000000000e+02,2.999999999999999889e-01,5.999999999999999778e-01,3.816698109000000172e-01,1.876657026999999922e-01
9.700000000000000000e+02,4.000000000000000000e+02,2.999999999999999889e-01,5.999999999999999778e-01,3.829403398999999819e-01,1.883017277000000045e-01
9.900000000000000000e+02,4.000000000000000000e+02,2.999999999999999889e-01,5.999999999999999778e-01,3.841673647000000136e-01,1.889162698999999890e-01
1.000000000000000000e+02,4.000000000000000000e+02,2.999999999999999889e-01,5.999999999999999778e-01,1.608636186999999884e-01,7.876739904000000514e-02
3.000000000000000000e+02,4.000000000000000000e+02,2.999999999999999889e-01,5.999999999999999778e-01,2.828204684000000246e-01,1.386855989999999927e-01
5.000000000000000000e+02,4.000000000000000000e+02,2.999999999999999889e-01,5.999999999999999778e-01,3.333197862000000233e-01,1.636199675999999992e-01
7.000000000000000000e+02,4.000000000000000000e+02,2.999999999999999889e-01,5.999999999999999778e-01,3.609105447000000022e-01,1.773099026000000134e-01
9.000000000000000000e+02,4.000000000000000000e+02,2.999999999999999889e-01,5.999999999999999778e-01,3.782873225000000228e-01,1.859738716000000069e-01
1.100000000000000000e+03,4.000000000000000000e+02,2.999999999999999889e-01,5.999999999999999778e-01,3.902293777999999991e-01,1.919569958000000021e-01
1.300000000000000000e+03,4.000000000000000000e+02,2.999999999999999889e-01,5.999999999999999778e-01,3.989374265000000253e-01,1.963409409999999911e-01
1.500000000000000000e+03,4.000000000000000000e+02,2.999999999999999889e-01,5.999999999999999778e-01,4.055657598999999891e-01,1.996939850999999988e-01
1.700000000000000000e+03,4.000000000000000000e+02,2.999999999999999889e-01,5.999999999999999778e-01,4.107780294000000221e-01,2.023433907999999948e-01
1.900000000000000000e+03,4.000000000000000000e+02,2.999999999999999889e-01,5.999999999999999778e-01,4.149828419000000101e-01,2.044909806000000108e-01
2.100000000000000000e+03,4.000000000000000000e+02,2.999999999999999889e-01,5.999999999999999778e-01,4.184455093000000181e-01,2.062680125999999947e-01
2.300000000000000000e+03,4.000000000000000000e+02,2.999999999999999889e-01,5.999999999999999778e-01,4.213457823999999796e-01,2.077635596999999890e-01
2.500000000000000000e+03,4.000000000000000000e+02,2.999999999999999889e-01,5.999999999999999778e-01,4.238097572999999785e-01,2.090402074999999915e-01
2.700000000000000000e+03,4.000000000000000000e+02,2.999999999999999889e-01,5.999999999999999778e-01,4.259284968000000005e-01,2.101432269999999880e-01
2.900000000000000000e+03,4.000000000000000000e+02,2.999999999999999889e-01,5.999999999999999778e-01,4.277694018000000042e-01,2.111061795999999990e-01
3.100000000000000000e+03,4.000000000000000000e+02,2.999999999999999889e-01,5.999999999999999778e-01,4.293834240000000135e-01,2.119544771999999910e-01
3.300000000000000000e+03,4.000000000000000000e+02,2.999999999999999889e-01,5.999999999999999778e-01,4.308097928999999882e-01,2.127077165000000047e-01
3.500000000000000000e+03,4.000000000000000000e+02,2.999999999999999889e-01,5.999999999999999778e-01,4.320792015000000097e-01,2.133812548000000031e-01
3.700000000000000000e+03,4.000000000000000000e+02,2.999999999999999889e-01,5.999999999999999778e-01,4.332160070000000140e-01,2.139872986999999949e-01
3.900000000000000000e+03,4.000000000000000000e+02,2.999999999999999889e-01,5.999999999999999778e-01,4.342397842999999868e-01,2.145356740000000095e-01
4.100000000000000000e+03,4.000000000000000000e+02,2.999999999999999889e-01,5.999999999999999778e-01,4.351664437000000163e-01,2.150343798000000084e-01
4.300000000000000000e+03,4.000000000000000000e+02,2.999999999999999889e-01,5.999999999999999778e-01,4.360090499000000008e-01,2.154899949999999897e-01
4.500000000000000000e+03,4.000000000000000000e+02,2.999999999999999889e-01,5.999999999999999778e-01,4.367784299999999953e-01,2.159079805000000130e-01
4.700000000000000000e+03,4.000000000000000000e+02,2.999999999999999889e-01,5.999999999999999778e-01,4.374836327000000136e-01,2.162929076000000006e-01
4.900000000000000000e+03,4.000000000000000000e+02,2.999999999999999889e-01,5.999999999999999778e-01,4.381322784000000192e-01,2.166486321999999964e-01
5.100000000000000000e+03,4.000000000000000000e+02,2.999999999999999889e-01,5.999999999999999778e-01,4.387308305000000019e-01,2.169784298999999916e-01
5.300000000000000000e+03,4.000000000000000000e+02,2.999999999999999889e-01,5.999999999999999778e-01,4.392848061999999887e-01,2.172851011999999971e-01
5.500000000000000000e+03,4.000000000000000000e+02,2.999999999999999889e-01,5.999999999999999778e-01,4.397989437000000001e-01,2.175710552000000020e-01
5.700000000000000000e+03,4.000000000000000000e+02,2.999999999999999889e-01,5.999999999999999778e-01,4.402773347000000226e-01,2.178383754999999866e-01
5.900000000000000000e+03,4.000000000000000000e+02,2.999999999999999889e-01,5.999999999999999778e-01,4.407235308999999934e-01,2.180888736999999911e-01
6.100000000000000000e+03,4.000000000000000000e+02,2.999999999999999889e-01,5.999999999999999778e-01,4.411406301999999946e-01,2.183241321999999929e-01
6.300000000000000000e+03,4.000000000000000000e+02,2.999999999999999889e-01,5.999999999999999778e-01,4.415313468000000019e-01,2.185455399000000021e-01
6.500000000000000000e+03,4.000000000000000000e+02,2.999999999999999889e-01,5.999999999999999778e-01,4.418980686999999796e-01,2.187543205999999962e-01
6.700000000000000000e+03,4.000000000000000000e+02,2.999999999999999889e-01,5.999999999999999778e-01,4.422429051000000277e-01,2.189515570999999994e-01
6.900000000000000000e+03,4.000000000000000000e+02,2.999999999999999889e-01,5.999999999999999778e-01,4.425677263000000194e-01,2.191382105999999941e-01
7.100000000000000000e+03,4.000000000000000000e+02,2.999999999999999889e-01,5.999999999999999778e-01,4.428741958999999895e-01,2.193151381000000011e-01
7.300000000000000000e+03,4.000000000000000000e+02,2.999999999999999889e-01,5.999999999999999778e-01,4.431637990999999777e-01,2.194831054999999975e-01
7.500000000000000000e+03,4.000000000000000000e+02,2.999999999999999889e-01,5.999999999999999778e-01,4.434378656999999890e-01,2.196427997000000021e-01
7.700000000000000000e+03,4.000000000000000000e+02,2.999999999999999889e-01,5.999999999999999778e-01,4.436975899999999751e-01,2.197948385999999865e-01
7.900000000000000000e+03,4.000000000000000000e+02,2.999999999999999889e-01,5.999999999999999778e-01,4.439440472000000248e-01,2.199397794000000073e-01
8.100000000000000000e+03,4.000000000000000000e+02,2.999999999999999889e-01,5.999999999999999778e-01,4.441782085000000047e-01,2.200781263000000099e-01
8.300000000000000000e+03,4.000000000000000000e+02,2.999999999999999889e-01,5.999999999999999778e-01,4.444009528999999792e-01,2.202103361999999953e-01
8.500000000000000000e+03,4.000000000000000000e+02,2.999999999999999889e-01,5.999999999999999778e-01,4.446130779999999949e-01,2.203368242000000032e-01
8.700000000000000000e+03,4.000000000000000000e+02,2.999999999999999889e-01,5.999999999999999778e-01,4.448153089999999921e-01,2.204579688999999953e-01
8.900000000000000000e+03,4.000000000000000000e+02,2.999999999999999889e-01,5.999999999999999778e-01,4.450083073000000167e-01,2.205741153999999926e-01
9.100000000000000000e+03,4.000000000000000000e+02,2.999999999999999889e-01,5.999999999999999778e-01,4.451926763999999870e-01,2.206855795999999870e-01
9.300000000000000000e+03,4.000000000000000000e+02,2.999999999999999889e-01,5.999999999999999778e-01,4.453689692000000200e-01,2.207926511999999952e-01
9.500000000000000000e+03,4.000000000000000000e+02,2.999999999999999889e-01,5.999999999999999778e-01,4.455376922000000017e-01,2.208955959999999996e-01
9.700000000000000000e+03,4.000000000000000000e+02,2.999999999999999889e-01,5.999999999999999778e-01,4.456993108000000259e-01,2.209946587000000129e-01
9.900000000000000000e+03,4.000000000000000000e+02,2.999999999999999889e-01,5.999999999999999778e-01,4.458542533000000030e-01,2.210900647000000052e-01
1.000000000000000000e+03,4.000000000000000000e+02,2.999999999999999889e-01,5.999999999999999778e-01,3.847652532999999986e-01,1.892158243000000017e-01
3.000000000000000000e+03,4.000000000000000000e+02,2.999999999999999889e-01,5.999999999999999778e-01,4.286020897999999746e-01,2.115433206000000010e-01
5.000000000000000000e+03,4.000000000000000000e+02,2.999999999999999889e-01,5.999999999999999778e-01,4.384374513000000029e-01,2.168165867999999885e-01
7.000000000000000000e+03,4.000000000000000000e+02,2.999999999999999889e-01,5.999999999999999778e-01,4.427231582999999748e-01,2.192278403000000042e-01
9.000000000000000000e+03,4.000000000000000000e+02,2.999999999999999889e-01,5.999999999999999778e-01,4.451015347999999761e-01,2.206304141000000052e-01
1.100000000000000000e+04,4.000000000000000000e+02,2.999999999999999889e-01,5.999999999999999778e-01,4.466033114999999887e-01,2.215579964000000124e-01
1.300000000000000000e+04,4.000000000000000000e+02,2.999999999999999889e-01,5.999999999999999778e-01,4.476314489000000063e-01,2.222227361999999928e-01
1.500000000000000000e+04,4.000000000000000000e+02,2.999999999999999889e-01,5.999999999999999778e-01,4.483755224000000039e-01,2.227260789999999935e-01
1.700000000000000000e+04,4.000000000000000000e+02,2.999999999999999889e-01,5.999999999999999778e-01,4.489362820999999726e-01,2.231228098999999965e-01
1.900000000000000000e+04,4.000000000000000000e+02,2.999999999999999889e-01,5.999999999999999778e-01,4.493721343000000035e-01,2.234451970000000121e-01
2.100000000000000000e+04,4.000000000000000000e+02,2.999999999999999889e-01,5.999999999999999778e-01,4.497192246999999754e-01,2.237135265999999900e-01
2.300000000000000000e+04,4.000000000000000000e+02,2.999999999999999889e-01,5.999999999999999778e-01,4.500010932999999880e-01,2.239412185999999916e-01
2.500000000000000000e+04,4.000000000000000000e+02,2.999999999999999889e-01,5.999999999999999778e-01,4.502337115999999750e-01,2.241375204000000121e-01
2.700000000000000000e+04,4.000000000000000000e+02,2.999999999999999889e-01,5.999999999999999778e-01,4.504282868999999745e-01,2.243090222000000133e-01
2.900000000000000000e+04,4.000000000000000000e+02,2.999999999999999889e-01,5.999999999999999778e-01,4.505929080000000142e-01,2.244605541999999954e-01
3.100000000000000000e+04,4.000000000000000000e+02,2.999999999999999889e-01,5.999999999999999778e-01,4.507335544000000138e-01,2.245957416999999900e-01
3.300000000000000000e+04,4.000000000000000000e+02,2.999999999999999889e-01,5.999999999999999778e-01,4.508547378000000161e-01,2.247173624999999897e-01
3.500000000000000000e+04,4.000000000000000000e+02,2.999999999999999889e-01,5.999999999999999778e-01,4.509599239000000037e-01,2.248275828000000087e-01
3.700000000000000000e+04,4.000000000000000000e+02,2.999999999999999889e-01,5.999999999999999778e-01,4.510518170999999743e-01,2.249281187000000126e-01
3.900000000000000000e+04,4.000000000000000000e+02,2.999999999999999889e-01,5.999999999999999778e-01,4.511325568999999813e-01,2.250203483999999865e-01
4.100000000000000000e+04,4.000000000000000000e+02,2.999999999999999889e-01,5.999999999999999778e-01,4.512038573000000108e-01,2.251053927999999982e-01
4.300000000000000000e+04,4.000000000000000000e+02,2.999999999999999889e-01,5.999999999999999778e-01,4.512671062999999982e-01,2.251841732000000040e-01
4.500000000000000000e+04,4.000000000000000000e+02,2.999999999999999889e-01,5.999999999999999778e-01,4.513234394999999788e-01,2.252574546999999983e-01
4.700000000000000000e+04,4.000000000000000000e+02,2.999999999999999889e-01,5.999999999999999778e-01,4.513737943999999724e-01,2.253258784000000126e-01
4.900000000000000000e+04,4.000000000000000000e+02,2.999999999999999889e-01,5.999999999999999778e-01,4.514189511000000210e-01,2.253899856000000090e-01
5.100000000000000000e+04,4.000000000000000000e+02,2.999999999999999889e-01,5.999999999999999778e-01,4.514595639000000271e-01,2.254502372999999948e-01
5.300000000000000000e+04,4.000000000000000000e+02,2.999999999999999889e-01,5.999999999999999778e-01,4.514961853000000191e-01,2.255070285000000119e-01
5.500000000000000000e+04,4.000000000000000000e+02,2.999999999999999889e-01,5.999999999999999778e-01,4.515292848999999942e-01,2.255606995999999975e-01
5.700000000000000000e+04,4.000000000000000000e+02,2.999999999999999889e-01,5.999999999999999778e-01,4.515592637999999992e-01,2.256115459999999961e-01
5.900000000000000000e+04,4.000000000000000000e+02,2.999999999999999889e-01,5.999999999999999778e-01,4.515864672000000080e-01,2.256598254999999942e-01
6.100000000000000000e+04,4.000000000000000000e+02,2.999999999999999889e-01,5.999999999999999778e-01,4.516111929000000136e-01,2.257057638999999949e-01
6.300000000000000000e+04,4.000000000000000000e+02,2.999999999999999889e-01,5.999999999999999778e-01,4.516336994999999854e-01,2.257495600999999963e-01
6.500000000000000000e+04,4.000000000000000000e+02,2.999999999999999889e-01,5.999999999999999778e-01,4.516542125999999935e-01,2.257913899000000002e-01
6.700000000000000000e+04,4.000000000000000000e+02,2.999999999999999889e-01,5.999999999999999778e-01,4.516729293000000256e-01,2.258314096000000049e-01
6.900000000000000000e+04,4.000000000000000000e+02,2.999999999999999889e-01,5.999999999999999778e-01,4.516900232000000126e-01,2.258697584999999897e-01
7.100000000000000000e+04,4.000000000000000000e+02,2.999999999999999889e-01,5.999999999999999778e-01,4.517056470999999962e-01,2.259065611999999945e-01
7.300000000000000000e+04,4.000000000000000000e+02,2.999999999999999889e-01,5.999999999999999778e-01,4.517199364000000217e-01,2.259419296000000077e-01
7.500000000000000000e+04,4.000000000000000000e+02,2.999999999999999889e-01,5.999999999999999778e-01,4.517330111999999787e-01,2.259759644999999872e-01
7.700000000000000000e+04,4.000000000000000000e+02,2.999999999999999889e-01,5.999999999999999778e-01,4.517449785000000051e-01,2.260087567999999880e-01
7.900000000000000000e+04,4.000000000000000000e+02,2.999999999999999889e-01,5.999999999999999778e-01,4.517559338000000091e-01,2.260403891999999970e-01
8.100000000000000000e+04,4.000000000000000000e+02,2.999999999999999889e-01,5.999999999999999778e-01,4.517659627000000233e-01,2.260709365000000137e-01
8.300000000000000000e+04,4.000000000000000000e+02,2.999999999999999889e-01,5.999999999999999778e-01,4.517751420000000184e-01,2.261004668999999911e-01
8.500000000000000000e+04,4.000000000000000000e+02,2.999999999999999889e-01,5.999999999999999778e-01,4.517835406999999859e-01,2.261290427000000047e-01
8.700000000000000000e+04,4.000000000000000000e+02,2.999999999999999889e-01,5.999999999999999778e-01,4.517912212999999899e-01,2.261567211000000133e-01
8.900000000000000000e+04,4.000000000000000000e+02,2.999999999999999889e-01,5.999999999999999778e-01,4.517982401999999786e-01,2.261835540999999894e-01
9.100000000000000000e+04,4.000000000000000000e+02,2.999999999999999889e-01,5.999999999999999778e-01,4.518046483000000002e-01,2.262095899999999882e-01
9.300000000000000000e+04,4.000000000000000000e+02,2.999999999999999889e-01,5.999999999999999778e-01,4.518104922000000245e-01,2.262348728999999947e-01
9.500000000000000000e+04,4.000000000000000000e+02,2.999999999999999889e-01,5.999999999999999778e-01,4.518158138999999740e-01,2.262594437000000069e-01
9.700000000000000000e+04,4.000000000000000000e+02,2.999999999999999889e-01,5.999999999999999778e-01,4.518206517999999727e-01,2.262833401000000078e-01
9.900000000000000000e+04,4.000000000000000000e+02,2.999999999999999889e-01,5.999999999999999778e-01,4.518250410999999911e-01,2.263065971000000065e-01
1.000000000000000000e+04,4.000000000000000000e+02,2.999999999999999889e-01,5.999999999999999778e-01,4.459293455000000184e-01,2.211364621999999946e-01
3.000000000000000000e+04,4.000000000000000000e+02,2.999999999999999889e-01,5.999999999999999778e-01,4.506659174000000045e-01,2.245300007000000098e-01
5.000000000000000000e+04,4.000000000000000000e+02,2.999999999999999889e-01,5.999999999999999778e-01,4.514397888000000192e-01,2.254205673000000132e-01
7.000000000000000000e+04,4.000000000000000000e+02,2.999999999999999889e-01,5.999999999999999778e-01,4.516980100999999914e-01,2.258883458000000011e-01
9.000000000000000000e+04,4.000000000000000000e+02,2.999999999999999889e-01,5.999999999999999778e-01,4.518015175999999800e-01,2.261966688000000003e-01
1.100000000000000000e+05,4.000000000000000000e+02,2.999999999999999889e-01,5.999999999999999778e-01,4.518424697000000267e-01,2.264244209000000063e-01
1.300000000000000000e+05,4.000000000000000000e+02,2.999999999999999889e-01,5.999999999999999778e-01,4.518539105000000111e-01,2.266045036000000068e-01
1.500000000000000000e+05,4.000000000000000000e+02,2.999999999999999889e-01,5.999999999999999778e-01,4.518501442000000257e-01,2.267534354999999890e-01
1.700000000000000000e+05,4.000000000000000000e+02,2.999999999999999889e-01,5.999999999999999778e-01,4.518381541000000001e-01,2.268805695999999983e-01
1.900000000000000000e+05,4.000000000000000000e+02,2.999999999999999889e-01,5.999999999999999778e-01,4.518216425000000092e-01,2.269916700000000065e-01
2.100000000000000000e+05,4.000000000000000000e+02,2.999999999999999889e-01,5.999999999999999778e-01,4.518026902999999761e-01,2.270905196000000126e-01
2.300000000000000000e+05,4.000000000000000000e+02,2.999999999999999889e-01,5.999999999999999778e-01,4.517825174000000277e-01,2.271797252999999961e-01
2.500000000000000000e+05,4.000000000000000000e+02,2.999999999999999889e-01,5.999999999999999778e-01,4.517618599000000068e-01,2.272611543999999983e-01
2.700000000000000000e+05,4.000000000000000000e+02,2.999999999999999889e-01,5.999999999999999778e-01,4.517411700999999780e-01,2.273361875000000087e-01
2.900000000000000000e+05,4.000000000000000000e+02,2.999999999999999889e-01,5.999999999999999778e-01,4.517207281000000241e-01,2.274058723000000060e-01
3.100000000000000000e+05,4.000000000000000000e+02,2.999999999999999889e-01,5.999999999999999778e-01,4.517007062999999767e-01,2.274710218999999867e-01
3.300000000000000000e+05,4.000000000000000000e+02,2.999999999999999889e-01,5.999999999999999778e-01,4.516812085999999948e-01,2.275322791999999927e-01
3.500000000000000000e+05,4.000000000000000000e+02,2.999999999999999889e-01,5.999999999999999778e-01,4.516622947000000221e-01,2.275901610000000130e-01
3.700000000000000000e+05,4.000000000000000000e+02,2.999999999999999889e-01,5.999999999999999778e-01,4.516439950000000203e-01,2.276450885999999896e-01
3.900000000000000000e+05,4.000000000000000000e+02,2.999999999999999889e-01,5.999999999999999778e-01,4.516263208999999890e-01,2.276974098000000002e-01
4.100000000000000000e+05,4.000000000000000000e+02,2.999999999999999889e-01,5.999999999999999778e-01,4.516092714000000119e-01,2.277474150000000086e-01
4.300000000000000000e+05,4.000000000000000000e+02,2.999999999999999889e-01,5.999999999999999778e-01,4.515928370999999775e-01,2.277953490000000081e-01
4.500000000000000000e+05,4.000000000000000000e+02,2.999999999999999889e-01,5.999999999999999778e-01,4.515770034000000099e-01,2.278414200999999972e-01
4.700000000000000000e+05,4.000000000000000000e+02,2.999999999999999889e-01,5.999999999999999778e-01,4.515617525000000243e-01,2.278858068000000070e-01
4.900000000000000000e+05,4.000000000000000000e+02,2.999999999999999889e-01,5.999999999999999778e-01,4.515470645999999921e-01,2.279286634999999894e-01
5.100000000000000000e+05,4.000000000000000000e+02,2.999999999999999889e-01,5.999999999999999778e-01,4.515329189999999770e-01,2.279701242000000128e-01
5.300000000000000000e+05,4.000000000000000000e+02,2.999999999999999889e-01,5.999999999999999778e-01,4.515192948000000261e-01,2.280103064000000013e-01
5.500000000000000000e+05,4.000000000000000000e+02,2.999999999999999889e-01,5.999999999999999778e-01,4.515061710000000117e-01,2.280493133000000006e-01
5.700000000000000000e+05,4.000000000000000000e+02,2.999999999999999889e-01,5.999999999999999778e-01,4.514935272000000221e-01,2.280872361000000070e-01
5.900000000000000000e+05,4.000000000000000000e+02,2.999999999999999889e-01,5.999999999999999778e-01,4.514813434000000125e-01,2.281241559999999946e-01
6.100000000000000000e+05,4.000000000000000000e+02,2.999999999999999889e-01,5.999999999999999778e-01,4.514696006000000206e-01,2.281601453999999862e-01
6.300000000000000000e+05,4.000000000000000000e+02,2.999999999999999889e-01,5.999999999999999778e-01,4.514582803000000144e-01,2.281952690999999867e-01
6.500000000000000000e+05,4.000000000000000000e+02,2.999999999999999889e-01,5.999999999999999778e-01,4.514473648999999811e-01,2.282295853999999902e-01
6.700000000000000000e+05,4.000000000000000000e+02,2.999999999999999889e-01,5.999999999999999778e-01,4.514368375999999738e-01,2.282631469999999996e-01
6.900000000000000000e+05,4.000000000000000000e+02,2.999999999999999889e-01,5.999999999999999778e-01,4.514266826000000177e-01,2.282960015999999925e-01
7.100000000000000000e+05,4.000000000000000000e+02,2.999999999999999889e-01,5.999999999999999778e-01,4.514168846000000124e-01,2.283281924999999990e-01
7.300000000000000000e+05,4.000000000000000000e+02,2.999999999999999889e-01,5.999999999999999778e-01,4.514074292999999960e-01,2.283597592000000120e-01
7.500000000000000000e+05,4.000000000000000000e+02,2.999999999999999889e-01,5.999999999999999778e-01,4.513983030000000007e-01,2.283907377000000127e-01
7.700000000000000000e+05,4.000000000000000000e+02,2.999999999999999889e-01,5.999999999999999778e-01,4.513894928000000140e-01,2.284211610999999920e-01
7.900000000000000000e+05,4.000000000000000000e+02,2.999999999999999889e-01,5.999999999999999778e-01,4.513809863000000089e-01,2.284510596999999865e-01
8.100000000000000000e+05,4.000000000000000000e+02,2.999999999999999889e-01,5.999999999999999778e-01,4.513727719999999777e-01,2.284804615000000094e-01
8.300000000000000000e+05,4.000000000000000000e+02,2.999999999999999889e-01,5.999999999999999778e-01,4.513648386999999929e-01,2.285093920999999861e-01
8.500000000000000000e+05,4.000000000000000000e+02,2.999999999999999889e-01,5.999999999999999778e-01,4.513571760999999793e-01,2.285378754000000068e-01
8.700000000000000000e+05,4.000000000000000000e+02,2.999999999999999889e-01,5.999999999999999778e-01,4.513497740999999897e-01,2.285659335000000125e-01
8.900000000000000000e+05,4.000000000000000000e+02,2.999999999999999889e-01,5.999999999999999778e-01,4.513426233000000232e-01,2.285935867999999982e-01
9.100000000000000000e+05,4.000000000000000000e+02,2.999999999999999889e-01,5.999999999999999778e-01,4.513357147000000014e-01,2.286208543999999898e-01
9.300000000000000000e+05,4.000000000000000000e+02,2.999999999999999889e-01,5.999999999999999778e-01,4.513290399000000064e-01,2.286477539000000003e-01
9.500000000000000000e+05,4.000000000000000000e+02,2.999999999999999889e-01,5.999999999999999778e-01,4.513225906000000176e-01,2.286743018999999877e-01
9.700000000000000000e+05,4.000000000000000000e+02,2.999999999999999889e-01,5.999999999999999778e-01,4.513163593000000251e-01,2.287005139000000131e-01
9.900000000000000000e+05,4.000000000000000000e+02,2.999999999999999889e-01,5.999999999999999778e-01,4.513103384000000107e-01,2.287264042000000108e-01
1.000000000000000000e+05,4.000000000000000000e+02,2.999999999999999889e-01,5.999999999999999778e-01,4.518270777000000238e-01,2.263179961000000018e-01
3.000000000000000000e+05,4.000000000000000000e+02,2.999999999999999889e-01,5.999999999999999778e-01,4.517106569000000071e-01,2.274389703999999957e-01
5.000000000000000000e+05,4.000000000000000000e+02,2.999999999999999889e-01,5.999999999999999778e-01,4.515399252999999780e-01,2.279495606999999979e-01
7.000000000000000000e+05,4.000000000000000000e+02,2.999999999999999889e-01,5.999999999999999778e-01,4.514217399000000075e-01,2.283121774999999909e-01
9.000000000000000000e+05,4.000000000000000000e+02,2.999999999999999889e-01,5.999999999999999778e-01,4.513391393000000251e-01,2.286072677000000053e-01
1.100000000000000000e+06,4.000000000000000000e+02,2.999999999999999889e-01,5.999999999999999778e-01,4.512806904000000174e-01,2.288636169000000109e-01
1.300000000000000000e+06,4.000000000000000000e+02,2.999999999999999889e-01,5.999999999999999778e-01,4.512394865000000088e-01,2.290948184000000110e-01
1.500000000000000000e+06,4.000000000000000000e+02,2.999999999999999889e-01,5.999999999999999778e-01,4.512111556999999773e-01,2.293083704999999972e-01
1.700000000000000000e+06,4.000000000000000000e+02,2.999999999999999889e-01,5.999999999999999778e-01,4.511927812000000038e-01,2.295088476999999905e-01
1.900000000000000000e+06,4.000000000000000000e+02,2.999999999999999889e-01,5.999999999999999778e-01,4.511823280000000214e-01,2.296992464000000012e-01
2.100000000000000000e+06,4.000000000000000000e+02,2.999999999999999889e-01,5.999999999999999778e-01,4.511783226000000147e-01,2.298816364000000056e-01
2.300000000000000000e+06,4.000000000000000000e+02,2.999999999999999889e-01,5.999999999999999778e-01,4.511796652000000241e-01,2.300575068000000056e-01
2.500000000000000000e+06,4.000000000000000000e+02,2.999999999999999889e-01,5.999999999999999778e-01,4.511855135999999766e-01,2.302279651999999954e-01
2.700000000000000000e+06,4.000000000000000000e+02,2.999999999999999889e-01,5.999999999999999778e-01,4.511952088999999777e-01,2.303938574000000128e-01
2.900000000000000000e+06,4.000000000000000000e+02,2.999999999999999889e-01,5.999999999999999778e-01,4.512082259999999900e-01,2.305558440999999903e-01
3.100000000000000000e+06,4.000000000000000000e+02,2.999999999999999889e-01,5.999999999999999778e-01,4.512241397999999792e-01,2.307144512000000036e-01
3.300000000000000000e+06,4.000000000000000000e+02,2.999999999999999889e-01,5.999999999999999778e-01,4.512426013999999985e-01,2.308701042000000092e-01
3.500000000000000000e+06,4.000000000000000000e+02,2.999999999999999889e-01,5.999999999999999778e-01,4.512633208999999868e-01,2.310231520000000094e-01
3.700000000000000000e+06,4.000000000000000000e+02,2.999999999999999889e-01,5.999999999999999778e-01,4.512860546999999944e-01,2.311738845999999903e-01
3.900000000000000000e+06,4.000000000000000000e+02,2.999999999999999889e-01,5.999999999999999778e-01,4.513105964999999942e-01,2.313225453999999959e-01
4.100000000000000000e+06,4.000000000000000000e+02,2.999999999999999889e-01,5.999999999999999778e-01,4.513367696000000207e-01,2.314693406999999981e-01
4.300000000000000000e+06,4.000000000000000000e+02,2.999999999999999889e-01,5.999999999999999778e-01,4.513644218999999791e-01,2.316144470000000011e-01
4.500000000000000000e+06,4.000000000000000000e+02,2.999999999999999889e-01,5.999999999999999778e-01,4.513934212999999862e-01,2.317580163000000082e-01
4.700000000000000000e+06,4.000000000000000000e+02,2.999999999999999889e-01,5.999999999999999778e-01,4.514236524999999944e-01,2.319001807000000137e-01
4.900000000000000000e+06,4.000000000000000000e+02,2.999999999999999889e-01,5.999999999999999778e-01,4.514550140999999961e-01,2.320410554000000014e-01
5.100000000000000000e+06,4.000000000000000000e+02,2.999999999999999889e-01,5.999999999999999778e-01,4.514874166999999772e-01,2.321807416999999985e-01
5.300000000000000000e+06,4.000000000000000000e+02,2.999999999999999889e-01,5.999999999999999778e-01,4.515207807000000129e-01,2.323193290999999994e-01
5.500000000000000000e+06,4.000000000000000000e+02,2.999999999999999889e-01,5.999999999999999778e-01,4.515550353000000183e-01,2.324568969999999957e-01
5.700000000000000000e+06,4.000000000000000000e+02,2.999999999999999889e-01,5.999999999999999778e-01,4.515901171999999741e-01,2.325935161999999889e-01
5.900000000000000000e+06,4.000000000000000000e+02,2.999999999999999889e-01,5.999999999999999778e-01,4.516259691999999770e-01,2.327292502999999957e-01
6.100000000000000000e+06,4.000000000000000000e+02,2.999999999999999889e-01,5.999999999999999778e-01,4.516625398999999930e-01,2.328641560999999971e-01
6.300000000000000000e+06,4.000000000000000000e+02,2.999999999999999889e-01,5.999999999999999778e-01,4.516997826999999965e-01,2.329982851999999882e-01
6.500000000000000000e+06,4.000000000000000000e+02,2.999999999999999889e-01,5.999999999999999778e-01,4.517376553999999933e-01,2.331316840999999862e-01
6.700000000000000000e+06,4.000000000000000000e+02,2.999999999999999889e-01,5.999999999999999778e-01,4.517761193000000008e-01,2.332643952000000021e-01
6.900000000000000000e+06,4.000000000000000000e+02,2.999999999999999889e-01,5.999999999999999778e-01,4.518151394000000098e-01,2.333964571000000099e-01
7.100000000000000000e+06,4.000000000000000000e+02,2.999999999999999889e-01,5.999999999999999778e-01,4.518546831999999958e-01,2.335279048999999996e-01
7.300000000000000000e+06,4.000000000000000000e+02,2.999999999999999889e-01,5.999999999999999778e-01,4.518947213999999768e-01,2.336587709999999873e-01
7.500000000000000000e+06,4.000000000000000000e+02,2.999999999999999889e-01,5.999999999999999778e-01,4.519352265000000091e-01,2.337890848999999993e-01
7.700000000000000000e+06,4.000000000000000000e+02,2.999999999999999889e-01,5.999999999999999778e-01,4.519761735000000225e-01,2.339188738999999906e-01
7.900000000000000000e+06,4.000000000000000000e+02,2.999999999999999889e-01,5.999999999999999778e-01,4.520175390999999765e-01,2.340481633000000006e-01
8.100000000000000000e+06,4.000000000000000000e+02,2.999999999999999889e-01,5.999999999999999778e-01,4.520593017999999796e-01,2.341769761999999977e-01
8.300000000000000000e+06,4.000000000000000000e+02,2.999999999999999889e-01,5.999999999999999778e-01,4.521014416999999952e-01,2.343053343000000011e-01
8.500000000000000000e+06,4.000000000000000000e+02,2.999999999999999889e-01,5.999999999999999778e-01,4.521439401999999830e-01,2.344332574999999919e-01
8.700000000000000000e+06,4.000000000000000000e+02,2.999999999999999889e-01,5.999999999999999778e-01,4.521867799000000021e-01,2.345607644999999908e-01
8.900000000000000000e+06,4.000000000000000000e+02,2.999999999999999889e-01,5.999999999999999778e-01,4.522299448000000055e-01,2.346878725000000054e-01
9.100000000000000000e+06,4.000000000000000000e+02,2.999999999999999889e-01,5.999999999999999778e-01,4.522734198000000205e-01,2.348145976999999884e-01
9.300000000000000000e+06,4.000000000000000000e+02,2.999999999999999889e-01,5.999999999999999778e-01,4.523171907999999908e-01,2.349409553000000039e-01
9.500000000000000000e+06,4.000000000000000000e+02,2.999999999999999889e-01,5.999999999999999778e-01,4.523612445999999898e-01,2.350669593999999973e-01
9.700000000000000000e+06,4.000000000000000000e+02,2.999999999999999889e-01,5.999999999999999778e-01,4.524055686999999826e-01,2.351926232000000061e-01
9.900000000000000000e+06,4.000000000000000000e+02,2.999999999999999889e-01,5.999999999999999778e-01,4.524501516000000167e-01,2.353179591000000015e-01
1.000000000000000000e+06,4.000000000000000000e+02,2.999999999999999889e-01,5.999999999999999778e-01,4.513074047999999783e-01,2.287392329999999863e-01
3.000000000000000000e+06,4.000000000000000000e+02,2.999999999999999889e-01,5.999999999999999778e-01,4.512158441999999936e-01,2.306355415000000131e-01
5.000000000000000000e+06,4.000000000000000000e+02,2.999999999999999889e-01,5.999999999999999778e-01,4.514710905000000052e-01,2.321110412999999872e-01
7.000000000000000000e+06,4.000000000000000000e+02,2.999999999999999889e-01,5.999999999999999778e-01,4.518348476999999863e-01,2.334622557000000098e-01
9.000000000000000000e+06,4.000000000000000000e+02,2.999999999999999889e-01,5.999999999999999778e-01,4.522516443999999858e-01,2.347512820000000056e-01
1.100000000000000000e+07,4.000000000000000000e+02,2.999999999999999889e-01,5.999999999999999778e-01,4.526995233000000174e-01,2.360019358999999872e-01
1.300000000000000000e+07,4.000000000000000000e+02,2.999999999999999889e-01,5.999999999999999778e-01,4.531675263000000120e-01,2.372259190000000073e-01
1.500000000000000000e+07,4.000000000000000000e+02,2.999999999999999889e-01,5.999999999999999778e-01,4.536493914999999988e-01,2.384298603999999988e-01
1.700000000000000000e+07,4.000000000000000000e+02,2.999999999999999889e-01,5.999999999999999778e-01,4.541412039000000123e-01,2.396178851999999915e-01
1.900000000000000000e+07,4.000000000000000000e+02,2.999999999999999889e-01,5.999999999999999778e-01,4.546403533000000219e-01,2.407927387000000086e-01
2.100000000000000000e+07,4.000000000000000000e+02,2.999999999999999889e-01,5.999999999999999778e-01,4.551450129999999872e-01,2.419563426999999933e-01
2.300000000000000000e+07,4.000000000000000000e+02,2.999999999999999889e-01,5.999999999999999778e-01,4.556538553000000213e-01,2.431100968000000084e-01
2.500000000000000000e+07,4.000000000000000000e+02,2.999999999999999889e-01,5.999999999999999778e-01,4.561658858000000039e-01,2.442550535000000134e-01
2.700000000000000000e+07,4.000000000000000000e+02,2.999999999999999889e-01,5.999999999999999778e-01,4.566803408999999814e-01,2.453920257999999965e-01
2.900000000000000000e+07,4.000000000000000000e+02,2.999999999999999889e-01,5.999999999999999778e-01,4.571966219999999970e-01,2.465216551999999950e-01
3.100000000000000000e+07,4.000000000000000000e+02,2.999999999999999889e-01,5.999999999999999778e-01,4.577142515000000023e-01,2.476444583000000088e-01
3.300000000000000000e+07,4.000000000000000000e+02,2.999999999999999889e-01,5.999999999999999778e-01,4.582328430000000008e-01,2.487608578000000126e-01
3.500000000000000000e+07,4.000000000000000000e+02,2.999999999999999889e-01,5.999999999999999778e-01,4.587520791999999958e-01,2.498712044999999993e-01
3.700000000000000000e+07,4.000000000000000000e+02,2.999999999999999889e-01,5.999999999999999778e-01,4.592716973000000036e-01,2.509757933999999802e-01
3.900000000000000000e+07,4.000000000000000000e+02,2.999999999999999889e-01,5.999999999999999778e-01,4.597914771000000123e-01,2.520748757999999867e-01
4.100000000000000000e+07,4.000000000000000000e+02,2.999999999999999889e-01,5.999999999999999778e-01,4.603112326000000087e-01,2.531686672999999832e-01
4.300000000000000000e+07,4.000000000000000000e+02,2.999999999999999889e-01,5.999999999999999778e-01,4.608308053999999876e-01,2.542573553999999958e-01
4.500000000000000000e+07,4.000000000000000000e+02,2.999999999999999889e-01,5.999999999999999778e-01,4.613500598999999980e-01,2.553411038999999771e-01
4.700000000000000000e+07,4.000000000000000000e+02,2.999999999999999889e-01,5.999999999999999778e-01,4.618688791000000182e-01,2.564200576999999814e-01
4.900000000000000000e+07,4.000000000000000000e+02,2.999999999999999889e-01,5.999999999999999778e-01,4.623871618000000017e-01,2.574943451999999744e-01
5.100000000000000000e+07,4.000000000000000000e+02,2.999999999999999889e-01,5.999999999999999778e-01,4.629048195000000088e-01,2.585640813999999787e-01
5.300000000000000000e+07,4.000000000000000000e+02,2.999999999999999889e-01,5.999999999999999778e-01,4.634217753000000051e-01,2.596293700999999787e-01
5.500000000000000000e+07,4.000000000000000000e+02,2.999999999999999889e-01,5.999999999999999778e-01,4.639379612999999791e-01,2.606903050000000110e-01
5.700000000000000000e+07,4.000000000000000000e+02,2.999999999999999889e-01,5.999999999999999778e-01,4.644533177999999873e-01,2.617469714999999808e-01
5.900000000000000000e+07,4.000000000000000000e+02,2.999999999999999889e-01,5.999999999999999778e-01,4.649677923000000157e-01,2.627994477999999745e-01
6.100000000000000000e+07,4.000000000000000000e+02,2.999999999999999889e-01,5.999999999999999778e-01,4.654813379000000140e-01,2.638478058000000015e-01
6.300000000000000000e+07,4.000000000000000000e+02,2.999999999999999889e-01,5.999999999999999778e-01,4.659939133000000067e-01,2.648921117999999963e-01
6.500000000000000000e+07,4.000000000000000000e+02,2.999999999999999889e-01,5.999999999999999778e-01,4.665054815999999938e-01,2.659324275000000126e-01
6.700000000000000000e+07,4.000000000000000000e+02,2.999999999999999889e-01,5.999999999999999778e-01,4.670160099999999814e-01,2.669688101000000091e-01
6.900000000000000000e+07,4.000000000000000000e+02,2.999999999999999889e-01,5.999999999999999778e-01,4.675254691999999879e-01,2.680013131999999798e-01
7.100000000000000000e+07,4.000000000000000000e+02,2.999999999999999889e-01,5.999999999999999778e-01,4.680338332000000268e-01,2.690299870000000260e-01
7.300000000000000000e+07,4.000000000000000000e+02,2.999999999999999889e-01,5.999999999999999778e-01,4.685410784999999856e-01,2.700548788000000089e-01
7.500000000000000000e+07,4.000000000000000000e+02,2.999999999999999889e-01,5.999999999999999778e-01,4.690471842999999752e-01,2.710760332000000106e-01
7.700000000000000000e+07,4.000000000000000000e+02,2.999999999999999889e-01,5.999999999999999778e-01,4.695521319000000027e-01,2.720934923000000172e-01
7.900000000000000000e+07,4.000000000000000000e+02,2.999999999999999889e-01,5.999999999999999778e-01,4.700559046000000185e-01,2.731072963000000242e-01
8.100000000000000000e+07,4.000000000000000000e+02,2.999999999999999889e-01,5.999999999999999778e-01,4.705584875000000111e-01,2.741174831000000034e-01
8.300000000000000000e+07,4.000000000000000000e+02,2.999999999999999889e-01,5.999999999999999778e-01,4.710598673999999986e-01,2.751240890000000161e-01
8.500000000000000000e+07,4.000000000000000000e+02,2.999999999999999889e-01,5.999999999999999778e-01,4.715600322999999872e-01,2.761271489000000079e-01
8.700000000000000000e+07,4.000000000000000000e+02,2.999999999999999889e-01,5.999999999999999778e-01,4.720589716999999963e-01,2.771266958999999974e-01
8.900000000000000000e+07,4.000000000000000000e+02,2.999999999999999889e-01,5.999999999999999778e-01,4.725566762999999781e-01,2.781227619000000151e-01
9.100000000000000000e+07,4.000000000000000000e+02,2.999999999999999889e-01,5.999999999999999778e-01,4.730531378000000231e-01,2.791153775999999920e-01
9.300000000000000000e+07,4.000000000000000000e+02,2.999999999999999889e-01,5.999999999999999778e-01,4.735483488000000185e-01,2.801045724999999820e-01
9.500000000000000000e+07,4.000000000000000000e+02,2.999999999999999889e-01,5.999999999999999778e-01,4.740423028999999899e-01,2.810903751000000117e-01
9.700000000000000000e+07,4.000000000000000000e+02,2.999999999999999889e-01,5.999999999999999778e-01,4.745349944999999736e-01,2.820728129999999778e-01
9.900000000000000000e+07,4.000000000000000000e+02,2.999999999999999889e-01,5.999999999999999778e-01,4.750264187000000082e-01,2.830519127000000190e-01
1.000000000000000000e+07,4.000000000000000000e+02,2.999999999999999889e-01,5.999999999999999778e-01,4.524725366999999832e-01,2.353805077999999995e-01
3.000000000000000000e+07,4.000000000000000000e+02,2.999999999999999889e-01,5.999999999999999778e-01,4.574552941999999733e-01,2.470838817000000076e-01
5.000000000000000000e+07,4.000000000000000000e+02,2.999999999999999889e-01,5.999999999999999778e-01,4.626460738000000017e-01,2.580297755000000026e-01
7.000000000000000000e+07,4.000000000000000000e+02,2.999999999999999889e-01,5.999999999999999778e-01,4.677797897000000038e-01,2.685161256999999968e-01
9.000000000000000000e+07,4.000000000000000000e+02,2.999999999999999889e-01,5.999999999999999778e-01,4.728050629000000171e-01,2.786194992000000092e-01
1.000000000000000000e+08,4.000000000000000000e+02,2.999999999999999889e-01,5.999999999999999778e-01,4.752716543000000127e-01,2.835402188999999740e-01
