# pressure,temperature,f1,f2,molkg1,molkg2
1.000000000000000000e+00,4.000000000000000000e+02,5.999999999999999778e-01,2.999999999999999889e-01,4.862186432999999683e-03,5.753688299999999744e-04
3.000000000000000000e+00,4.000000000000000000e+02,5.999999999999999778e-01,2.999999999999999889e-01,1.435643732999999922e-02,1.698935031000000035e-03
5.000000000000000000e+00,4.000000000000000000e+02,5.999999999999999778e-01,2.999999999999999889e-01,2.355577074999999979e-02,2.787678063000000213e-03
7.000000000000000000e+00,4.000000000000000000e+02,5.999999999999999778e-01,2.999999999999999889e-01,3.247371587999999670e-02,3.843194232999999800e-03
9.000000000000000000e+00,4.000000000000000000e+02,5.999999999999999778e-01,2.999999999999999889e-01,4.112298687000000286e-02,4.866983717000000244e-03
1.100000000000000000e+01,4.000000000000000000e+02,5.999999999999999778e-01,2.999999999999999889e-01,4.951554331000000003e-02,5.860457692999999739e-03
1.300000000000000000e+01,4.000000000000000000e+02,5.999999999999999778e-01,2.999999999999999889e-01,5.766264538000000217e-02,6.824944842000000428e-03
1.500000000000000000e+01,4.000000000000000000e+02,5.999999999999999778e-01,2.999999999999999889e-01,6.557490421999999375e-02,7.761697292000000262e-03
1.700000000000000000e+01,4.000000000000000000e+02,5.999999999999999778e-01,2.999999999999999889e-01,7.326232807999999430e-02,8.671896053000000340e-03
1.900000000000000000e+01,4.000000000000000000e+02,5.999999999999999778e-01,2.999999999999999889e-01,8.073436449000000181e-02,9.556655998999999749e-03
2.100000000000000000e+01,4.000000000000000000e+02,5.999999999999999778e-01,2.999999999999999889e-01,8.799993899999999925e-02,1.041703042999999988e-02
2.300000000000000000e+01,4.000000000000000000e+02,5.999999999999999778e-01,2.999999999999999889e-01,9.506749072999999550e-02,1.125401527000000068e-02
2.500000000000000000e+01,4.000000000000000000e+02,5.999999999999999778e-01,2.999999999999999889e-01,1.019450050999999996e-01,1.206855291000000045e-02
2.700000000000000000e+01,4.000000000000000000e+02,5.999999999999999778e-01,2.999999999999999889e-01,1.086400438999999968e-01,1.286153578000000068e-02
2.900000000000000000e+01,4.000000000000000000e+02,5.999999999999999778e-01,2.999999999999999889e-01,1.151597728999999987e-01,1.363380959999999954e-02
3.100000000000000000e+01,4.000000000000000000e+02,5.999999999999999778e-01,2.999999999999999889e-01,1.215109875999999950e-01,1.438617638999999983e-02
3.300000000000000000e+01,4.000000000000000000e+02,5.999999999999999778e-01,2.999999999999999889e-01,1.277001369000000108e-01,1.511939728999999941e-02
3.500000000000000000e+01,4.000000000000000000e+02,5.999999999999999778e-01,2.999999999999999889e-01,1.337333444999999899e-01,1.583419508999999933e-02
3.700000000000000000e+01,4.000000000000000000e+02,5.999999999999999778e-01,2.999999999999999889e-01,1.396164297999999970e-01,1.653125663999999856e-02
3.900000000000000000e+01,4.000000000000000000e+02,5.999999999999999778e-01,2.999999999999999889e-01,1.453549259999999954e-01,1.721123507000000066e-02
4.100000000000000000e+01,4.000000000000000000e+02,5.999999999999999778e-01,2.999999999999999889e-01,1.509540977000000117e-01,1.787475179000000067e-02
4.300000000000000000e+01,4.000000000000000000e+02,5.999999999999999778e-01,2.999999999999999889e-01,1.564189568999999891e-01,1.852239845000000149e-02
4.500000000000000000e+01,4.000000000000000000e+02,5.999999999999999778e-01,2.999999999999999889e-01,1.617542784000000067e-01,1.915473863999999846e-02
4.700000000000000000e+01,4.000000000000000000e+02,5.999999999999999778e-01,2.999999999999999889e-01,1.669646130000000117e-01,1.977230958000000122e-02
4.900000000000000000e+01,4.000000000000000000e+02,5.999999999999999778e-01,2.999999999999999889e-01,1.720543009999999928e-01,2.037562363999999987e-02
5.100000000000000000e+01,4.000000000000000000e+02,5.999999999999999778e-01,2.999999999999999889e-01,1.770274839000000044e-01,2.096516973000000020e-02
5.300000000000000000e+01,4.000000000000000000e+02,5.999999999999999778e-01,2.999999999999999889e-01,1.818881157999999998e-01,2.154141467000000171e-02
5.500000000000000000e+01,4.000000000000000000e+02,5.999999999999999778e-01,2.999999999999999889e-01,1.866399742000000028e-01,2.210480438999999978e-02
5.700000000000000000e+01,4.000000000000000000e+02,5.999999999999999778e-01,2.999999999999999889e-01,1.912866689999999925e-01,2.265576508999999836e-02
5.900000000000000000e+01,4.000000000000000000e+02,5.999999999999999778e-01,2.999999999999999889e-01,1.958316522999999920e-01,2.319470434000000039e-02
6.100000000000000000e+01,4.000000000000000000e+02,5.999999999999999778e-01,2.999999999999999889e-01,2.002782268999999948e-01,2.372201206999999951e-02
6.300000000000000000e+01,4.000000000000000000e+02,5.999999999999999778e-01,2.999999999999999889e-01,2.046295539000000108e-01,2.423806153000000047e-02
6.500000000000000000e+01,4.000000000000000000e+02,5.999999999999999778e-01,2.999999999999999889e-01,2.088886604999999896e-01,2.474321012999999847e-02
6.700000000000000000e+01,4.000000000000000000e+02,5.999999999999999778e-01,2.999999999999999889e-01,2.130584472000000007e-01,2.523780034999999894e-02
6.900000000000000000e+01,4.000000000000000000e+02,5.999999999999999778e-01,2.999999999999999889e-01,2.171416938000000074e-01,2.572216042000000091e-02
7.100000000000000000e+01,4.000000000000000000e+02,5.999999999999999778e-01,2.999999999999999889e-01,2.211410661000000055e-01,2.619660513000000163e-02
7.300000000000000000e+01,4.000000000000000000e+02,5.999999999999999778e-01,2.999999999999999889e-01,2.250591217000000033e-01,2.666143644999999923e-02
7.500000000000000000e+01,4.000000000000000000e+02,5.999999999999999778e-01,2.999999999999999889e-01,2.288983149000000106e-01,2.711694423999999951e-02
7.700000000000000000e+01,4.000000000000000000e+02,5.999999999999999778e-01,2.999999999999999889e-01,2.326610024999999915e-01,2.756340679999999890e-02
7.900000000000000000e+01,4.000000000000000000e+02,5.999999999999999778e-01,2.999999999999999889e-01,2.363494482000000063e-01,2.800109144000000050e-02
8.100000000000000000e+01,4.000000000000000000e+02,5.999999999999999778e-01,2.999999999999999889e-01,2.399658273999999980e-01,2.843025505999999952e-02
8.300000000000000000e+01,4.000000000000000000e+02,5.999999999999999778e-01,2.999999999999999889e-01,2.435122311000000039e-01,2.885114462000000143e-02
8.500000000000000000e+01,4.000000000000000000e+02,5.999999999999999778e-01,2.999999999999999889e-01,2.469906705000000091e-01,2.926399761999999918e-02
8.700000000000000000e+01,4.000000000000000000e+02,5.999999999999999778e-01,2.999999999999999889e-01,2.504030801000000084e-01,2.966904256000000087e-02
8.900000000000000000e+01,4.000000000000000000e+02,5.999999999999999778e-01,2.999999999999999889e-01,2.537513221000000097e-01,3.006649932999999955e-02
9.100000000000000000e+01,4.000000000000000000e+02,5.999999999999999778e-01,2.999999999999999889e-01,2.570371888999999910e-01,3.045657967000000091e-02
9.300000000000000000e+01,4.000000000000000000e+02,5.999999999999999778e-01,2.999999999999999889e-01,2.602624070999999817e-01,3.083948748000000031e-02
9.500000000000000000e+01,4.000000000000000000e+02,5.999999999999999778e-01,2.999999999999999889e-01,2.634286399999999917e-01,3.121541924000000023e-02
9.700000000000000000e+01,4.000000000000000000e+02,5.999999999999999778e-01,2.999999999999999889e-01,2.665374905999999822e-01,3.158456427999999788e-02
9.900000000000000000e+01,4.000000000000000000e+02,5.999999999999999778e-01,2.999999999999999889e-01,2.695905043999999862e-01,3.194710516000000278e-02
1.000000000000000000e+01,4.000000000000000000e+02,5.999999999999999778e-01,2.999999999999999889e-01,4.535063487000000337e-02,5.367425240000000229e-03
3.000000000000000000e+01,4.000000000000000000e+02,5.999999999999999778e-01,2.999999999999999889e-01,1.183560335999999935e-01,1.401243286999999914e-02
5.000000000000000000e+01,4.000000000000000000e+02,5.999999999999999778e-01,2.999999999999999889e-01,1.745552042000000081e-01,2.067208800000000166e-02
7.000000000000000000e+01,4.000000000000000000e+02,5.999999999999999778e-01,2.999999999999999889e-01,2.191517018999999955e-01,2.596060303000000125e-02
9.000000000000000000e+01,4.000000000000000000e+02,5.999999999999999778e-01,2.999999999999999889e-01,2.554019430000000201e-01,3.026244863000000090e-02
1.100000000000000000e+02,4.000000000000000000e+02,5.999999999999999778e-01,2.999999999999999889e-01,2.854480412000000022e-01,3.383059568999999961e-02
1.300000000000000000e+02,4.000000000000000000e+02,5.999999999999999778e-01,2.999999999999999889e-01,3.107568651000000015e-01,3.683831430000000101e-02
1.500000000000000000e+02,4.000000000000000000e+02,5.999999999999999778e-01,2.999999999999999889e-01,3.323666645000000197e-01,3.940827447999999816e-02
1.700000000000000000e+02,4.000000000000000000e+02,5.999999999999999778e-01,2.999999999999999889e-01,3.510329625999999981e-01,4.162976329999999725e-02
1.900000000000000000e+02,4.000000000000000000e+02,5.999999999999999778e-01,2.999999999999999889e-01,3.673186567999999763e-01,4.356931940000000059e-02
2.100000000000000000e+02,4.000000000000000000e+02,5.999999999999999778e-01,2.999999999999999889e-01,3.816517280000000234e-01,4.527754543000000326e-02
2.300000000000000000e+02,4.000000000000000000e+02,5.999999999999999778e-01,2.999999999999999889e-01,3.943633759999999877e-01,4.679361036000000140e-02
2.500000000000000000e+02,4.000000000000000000e+02,5.999999999999999778e-01,2.999999999999999889e-01,4.057139111999999992e-01,4.814830692000000162e-02
2.700000000000000000e+02,4.000000000000000000e+02,5.999999999999999778e-01,2.999999999999999889e-01,4.159107576000000139e-01,4.936617759999999827e-02
2.900000000000000000e+02,4.000000000000000000e+02,5.999999999999999778e-01,2.999999999999999889e-01,4.251212337999999979e-01,5.046702435000000042e-02
3.100000000000000000e+02,4.000000000000000000e+02,5.999999999999999778e-01,2.999999999999999889e-01,4.334817986000000234e-01,5.146700077000000012e-02
3.300000000000000000e+02,4.000000000000000000e+02,5.999999999999999778e-01,2.999999999999999889e-01,4.411048519999999917e-01,5.237941557999999803e-02
3.500000000000000000e+02,4.000000000000000000e+02,5.999999999999999778e-01,2.999999999999999889e-01,4.480838132000000140e-01,5.321533275999999757e-02
3.700000000000000000e+02,4.000000000000000000e+02,5.999999999999999778e-01,2.999999999999999889e-01,4.544969649000000222e-01,5.398402580000000173e-02
3.900000000000000000e+02,4.000000000000000000e+02,5.999999999999999778e-01,2.999999999999999889e-01,4.604103990999999785e-01,5.469332594000000242e-02
4.100000000000000000e+02,4.000000000000000000e+02,5.999999999999999778e-01,2.999999999999999889e-01,4.658803013999999743e-01,5.534989221000000126e-02
4.300000000000000000e+02,4.000000000000000000e+02,5.999999999999999778e-01,2.999999999999999889e-01,4.709547398999999746e-01,5.595942288999999903e-02
4.500000000000000000e+02,4.000000000000000000e+02,5.999999999999999778e-01,2.999999999999999889e-01,4.756750799999999724e-01,5.652682287000000000e-02
4.700000000000000000e+02,4.000000000000000000e+02,5.999999999999999778e-01,2.999999999999999889e-01,4.800771129999999998e-01,5.705633713000000246e-02
4.900000000000000000e+02,4.000000000000000000e+02,5.999999999999999778e-01,2.999999999999999889e-01,4.841919648999999937e-01,5.755165814000000324e-02
5.100000000000000000e+02,4.000000000000000000e+02,5.999999999999999778e-01,2.999999999999999889e-01,4.880468318999999777e-01,5.801601300999999905e-02
5.300000000000000000e+02,4.000000000000000000e+02,5.999999999999999778e-01,2.999999999999999889e-01,4.916655819999999899e-01,5.845223457999999817e-02
5.500000000000000000e+02,4.000000000000000000e+02,5.999999999999999778e-01,2.999999999999999889e-01,4.950692487999999725e-01,5.886281985999999855e-02
5.700000000000000000e+02,4.000000000000000000e+02,5.999999999999999778e-01,2.999999999999999889e-01,4.982764402000000037e-01,5.924997842000000181e-02
5.900000000000000000e+02,4.000000000000000000e+02,5.999999999999999778e-01,2.999999999999999889e-01,5.013036779999999748e-01,5.961567261999999728e-02
6.100000000000000000e+02,4.000000000000000000e+02,5.999999999999999778e-01,2.999999999999999889e-01,5.041656826999999508e-01,5.996165123000000291e-02
6.300000000000000000e+02,4.000000000000000000e+02,5.999999999999999778e-01,2.999999999999999889e-01,5.068756117999999589e-01,6.028947778000000313e-02
6.500000000000000000e+02,4.000000000000000000e+02,5.999999999999999778e-01,2.999999999999999889e-01,5.094452626000000039e-01,6.060055443000000180e-02
6.700000000000000000e+02,4.000000000000000000e+02,5.999999999999999778e-01,2.999999999999999889e-01,5.118852430000000453e-01,6.089614230999999822e-02
6.900000000000000000e+02,4.000000000000000000e+02,5.999999999999999778e-01,2.999999999999999889e-01,5.142051176999999917e-01,6.117737882000000293e-02
7.100000000000000000e+02,4.000000000000000000e+02,5.999999999999999778e-01,2.999999999999999889e-01,5.164135338999999991e-01,6.144529244000000029e-02
7.300000000000000000e+02,4.000000000000000000e+02,5.999999999999999778e-01,2.999999999999999889e-01,5.185183279999999728e-01,6.170081547999999722e-02
7.500000000000000000e+02,4.000000000000000000e+02,5.999999999999999778e-01,2.999999999999999889e-01,5.205266189999999682e-01,6.194479508999999745e-02
7.700000000000000000e+02,4.000000000000000000e+02,5.999999999999999778e-01,2.999999999999999889e-01,5.224448884000000293e-01,6.217800275000000265e-02
7.900000000000000000e+02,4.000000000000000000e+02,5.999999999999999778e-01,2.999999999999999889e-01,5.242790500999999770e-01,6.240114253000000194e-02
8.100000000000000000e+02,4.000000000000000000e+02,5.999999999999999778e-01,2.999999999999999889e-01,5.260345114000000155e-01,6.261485835999999749e-02
8.300000000000000000e+02,4.000000000000000000e+02,5.999999999999999778e-01,2.999999999999999889e-01,5.277162257999999939e-01,6.281974024000000489e-02
8.500000000000000000e+02,4.000000000000000000e+02,5.999999999999999778e-01,2.999999999999999889e-01,5.293287397999999477e-01,6.301632983999999604e-02
8.700000000000000000e+02,4.000000000000000000e+02,5.999999999999999778e-01,2.999999999999999889e-01,5.308762337000000331e-01,6.320512534000000127e-02
8.900000000000000000e+02,4.000000000000000000e+02,5.999999999999999778e-01,2.999999999999999889e-01,5.323625578999999775e-01,6.338658568999999687e-02
9.100000000000000000e+02,4.000000000000000000e+02,5.999999999999999778e-01,2.999999999999999889e-01,5.337912648999999510e-01,6.356113440999999753e-02
9.300000000000000000e+02,4.000000000000000000e+02,5.999999999999999778e-01,2.999999999999999889e-01,5.351656371999999884e-01,6.372916296000000203e-02
9.500000000000000000e+02,4.000000000000000000e+02,5.999999999999999778e-01,2.999999999999999889e-01,5.364887126999999811e-01,6.389103372000000391e-02
9.700000000000000000e+02,4.000000000000000000e+02,5.999999999999999778e-01,2.999999999999999889e-01,5.377633071999999848e-01,6.404708263000000179e-02
9.900000000000000000e+02,4.000000000000000000e+02,5.999999999999999778e-01,2.999999999999999889e-01,5.389920339999999532e-01,6.419762156000000108e-02
1.000000000000000000e+02,4.000000000000000000e+02,5.999999999999999778e-01,2.999999999999999889e-01,2.710965403999999745e-01,3.212595431000000307e-02
3.000000000000000000e+02,4.000000000000000000e+02,5.999999999999999778e-01,2.999999999999999889e-01,4.294002328000000035e-01,5.097873073999999866e-02
5.000000000000000000e+02,4.000000000000000000e+02,5.999999999999999778e-01,2.999999999999999889e-01,4.861503329999999901e-01,5.778752078999999792e-02
7.000000000000000000e+02,4.000000000000000000e+02,5.999999999999999778e-01,2.999999999999999889e-01,5.153227504999999820e-01,6.131294059999999740e-02
9.000000000000000000e+02,4.000000000000000000e+02,5.999999999999999778e-01,2.999999999999999889e-01,5.330839024000000315e-01,6.347469881999999453e-02
1.100000000000000000e+03,4.000000000000000000e+02,5.999999999999999778e-01,2.999999999999999889e-01,5.450307048000000432e-01,6.493910091000000551e-02
1.300000000000000000e+03,4.000000000000000000e+02,5.999999999999999778e-01,2.999999999999999889e-01,5.536146584000000148e-01,6.599871727000000687e-02
1.500000000000000000e+03,4.000000000000000000e+02,5.999999999999999778e-01,2.999999999999999889e-01,5.600791590000000486e-01,6.680230098999999366e-02
1.700000000000000000e+03,4.000000000000000000e+02,5.999999999999999778e-01,2.999999999999999889e-01,5.651220144999999917e-01,6.743353588000000620e-02
1.900000000000000000e+03,4.000000000000000000e+02,5.999999999999999778e-01,2.999999999999999889e-01,5.691650844000000209e-01,6.794313451000000281e-02
2.100000000000000000e+03,4.000000000000000000e+02,5.999999999999999778e-01,2.999999999999999889e-01,5.724783976999999746e-01,6.836363519999999472e-02
2.300000000000000000e+03,4.000000000000000000e+02,5.999999999999999778e-01,2.999999999999999889e-01,5.752428115000000064e-01,6.871688305999999746e-02
2.500000000000000000e+03,4.000000000000000000e+02,5.999999999999999778e-01,2.999999999999999889e-01,5.775840075000000517e-01,6.901809476999999637e-02
2.700000000000000000e+03,4.000000000000000000e+02,5.999999999999999778e-01,2.999999999999999889e-01,5.795920379000000233e-01,6.927819906000000361e-02
2.900000000000000000e+03,4.000000000000000000e+02,5.999999999999999778e-01,2.999999999999999889e-01,5.813331132000000290e-01,6.950525020999999415e-02
3.100000000000000000e+03,4.000000000000000000e+02,5.999999999999999778e-01,2.999999999999999889e-01,5.828570011000000495e-01,6.970531654000000632e-02
3.300000000000000000e+03,4.000000000000000000e+02,5.999999999999999778e-01,2.999999999999999889e-01,5.842018305999999717e-01,6.988305815999999726e-02
3.500000000000000000e+03,4.000000000000000000e+02,5.999999999999999778e-01,2.999999999999999889e-01,5.853973058000000451e-01,7.004211404000000585e-02
3.700000000000000000e+03,4.000000000000000000e+02,5.999999999999999778e-01,2.999999999999999889e-01,5.864669104999999938e-01,7.018536779999999531e-02
3.900000000000000000e+03,4.000000000000000000e+02,5.999999999999999778e-01,2.999999999999999889e-01,5.874294544000000506e-01,7.031513455000000523e-02
4.100000000000000000e+03,4.000000000000000000e+02,5.999999999999999778e-01,2.999999999999999889e-01,5.883001810000000331e-01,7.043329482000000585e-02
4.300000000000000000e+03,4.000000000000000000e+02,5.999999999999999778e-01,2.999999999999999889e-01,5.890915736999999819e-01,7.054139226000000207e-02
4.500000000000000000e+03,4.000000000000000000e+02,5.999999999999999778e-01,2.999999999999999889e-01,5.898139535999999961e-01,7.064070608000000417e-02
4.700000000000000000e+03,4.000000000000000000e+02,5.999999999999999778e-01,2.999999999999999889e-01,5.904759280000000388e-01,7.073230551999999671e-02
4.900000000000000000e+03,4.000000000000000000e+02,5.999999999999999778e-01,2.999999999999999889e-01,5.910847314999999602e-01,7.081709144999999428e-02
5.100000000000000000e+03,4.000000000000000000e+02,5.999999999999999778e-01,2.999999999999999889e-01,5.916464893999999752e-01,7.089582830000000502e-02
5.300000000000000000e+03,4.000000000000000000e+02,5.999999999999999778e-01,2.999999999999999889e-01,5.921664220000000256e-01,7.096916910000000689e-02
5.500000000000000000e+03,4.000000000000000000e+02,5.999999999999999778e-01,2.999999999999999889e-01,5.926490060000000337e-01,7.103767514000000616e-02
5.700000000000000000e+03,4.000000000000000000e+02,5.999999999999999778e-01,2.999999999999999889e-01,5.930981022000000324e-01,7.110183157999999670e-02
5.900000000000000000e+03,4.000000000000000000e+02,5.999999999999999778e-01,2.999999999999999889e-01,5.935170575999999532e-01,7.116206003000000169e-02
6.100000000000000000e+03,4.000000000000000000e+02,5.999999999999999778e-01,2.999999999999999889e-01,5.939087884999999511e-01,7.121872863000000553e-02
6.300000000000000000e+03,4.000000000000000000e+02,5.999999999999999778e-01,2.999999999999999889e-01,5.942758472000000403e-01,7.127216033000000062e-02
6.500000000000000000e+03,4.000000000000000000e+02,5.999999999999999778e-01,2.999999999999999889e-01,5.946204770999999889e-01,7.132263966999999316e-02
6.700000000000000000e+03,4.000000000000000000e+02,5.999999999999999778e-01,2.999999999999999889e-01,5.949446582999999844e-01,7.137041832000000363e-02
6.900000000000000000e+03,4.000000000000000000e+02,5.999999999999999778e-01,2.999999999999999889e-01,5.952501447000000390e-01,7.141571973999999434e-02
7.100000000000000000e+03,4.000000000000000000e+02,5.999999999999999778e-01,2.999999999999999889e-01,5.955384958999999645e-01,7.145874304999999538e-02
7.300000000000000000e+03,4.000000000000000000e+02,5.999999999999999778e-01,2.999999999999999889e-01,5.958111026000000310e-01,7.149966625999999714e-02
7.500000000000000000e+03,4.000000000000000000e+02,5.999999999999999778e-01,2.999999999999999889e-01,5.960692095999999829e-01,7.153864903999999914e-02
7.700000000000000000e+03,4.000000000000000000e+02,5.999999999999999778e-01,2.999999999999999889e-01,5.963139340999999982e-01,7.157583498000000266e-02
7.900000000000000000e+03,4.000000000000000000e+02,5.999999999999999778e-01,2.999999999999999889e-01,5.965462814999999974e-01,7.161135367000000251e-02
8.100000000000000000e+03,4.000000000000000000e+02,5.999999999999999778e-01,2.999999999999999889e-01,5.967671593000000163e-01,7.164532227000000586e-02
8.300000000000000000e+03,4.000000000000000000e+02,5.999999999999999778e-01,2.999999999999999889e-01,5.969773885000000391e-01,7.167784705999999395e-02
8.500000000000000000e+03,4.000000000000000000e+02,5.999999999999999778e-01,2.999999999999999889e-01,5.971777138999999623e-01,7.170902463999999366e-02
8.700000000000000000e+03,4.000000000000000000e+02,5.999999999999999778e-01,2.999999999999999889e-01,5.973688124999999571e-01,7.173894303000000194e-02
8.900000000000000000e+03,4.000000000000000000e+02,5.999999999999999778e-01,2.999999999999999889e-01,5.975513010999999874e-01,7.176768259999999344e-02
9.100000000000000000e+03,4.000000000000000000e+02,5.999999999999999778e-01,2.999999999999999889e-01,5.977257428000000150e-01,7.179531691000000382e-02
9.300000000000000000e+03,4.000000000000000000e+02,5.999999999999999778e-01,2.999999999999999889e-01,5.978926530000000517e-01,7.182191338000000480e-02
9.500000000000000000e+03,4.000000000000000000e+02,5.999999999999999778e-01,2.999999999999999889e-01,5.980525038999999765e-01,7.184753398000000291e-02
9.700000000000000000e+03,4.000000000000000000e+02,5.999999999999999778e-01,2.999999999999999889e-01,5.982057293000000442e-01,7.187223571999999672e-02
9.900000000000000000e+03,4.000000000000000000e+02,5.999999999999999778e-01,2.999999999999999889e-01,5.983527280999999531e-01,7.189607117000000602e-02
1.000000000000000000e+03,4.000000000000000000e+02,5.999999999999999778e-01,2.999999999999999889e-01,5.395899628000000448e-01,6.427091618999999922e-02
3.000000000000000000e+03,4.000000000000000000e+02,5.999999999999999778e-01,2.999999999999999889e-01,5.821195933999999683e-01,6.960833748000000432e-02
5.000000000000000000e+03,4.000000000000000000e+02,5.999999999999999778e-01,2.999999999999999889e-01,5.913711457000000449e-01,7.085717282999999533e-02
7.000000000000000000e+03,4.000000000000000000e+02,5.999999999999999778e-01,2.999999999999999889e-01,5.953963716000000295e-01,7.143750457000000442e-02
9.000000000000000000e+03,4.000000000000000000e+02,5.999999999999999778e-01,2.999999999999999889e-01,5.976394944999999792e-01,7.178163356000000217e-02
1.100000000000000000e+04,4.000000000000000000e+02,5.999999999999999778e-01,2.999999999999999889e-01,5.990650200999999564e-01,7.201367943000000493e-02
1.300000000000000000e+04,4.000000000000000000e+02,5.999999999999999778e-01,2.999999999999999889e-01,6.000484956999999619e-01,7.218312171000000610e-02
1.500000000000000000e+04,4.000000000000000000e+02,5.999999999999999778e-01,2.999999999999999889e-01,6.007663465000000480e-01,7.231373916000000124e-02
1.700000000000000000e+04,4.000000000000000000e+02,5.999999999999999778e-01,2.999999999999999889e-01,6.013123260999999609e-01,7.241845067999999608e-02
1.900000000000000000e+04,4.000000000000000000e+02,5.999999999999999778e-01,2.999999999999999889e-01,6.017408252000000513e-01,7.250491500000000311e-02
2.100000000000000000e+04,4.000000000000000000e+02,5.999999999999999778e-01,2.999999999999999889e-01,6.020855467000000294e-01,7.257797957000000633e-02
2.300000000000000000e+04,4.000000000000000000e+02,5.999999999999999778e-01,2.999999999999999889e-01,6.023684757999999695e-01,7.264087304999999883e-02
2.500000000000000000e+04,4.000000000000000000e+02,5.999999999999999778e-01,2.999999999999999889e-01,6.026045574999999710e-01,7.269583560999999527e-02
2.700000000000000000e+04,4.000000000000000000e+02,5.999999999999999778e-01,2.999999999999999889e-01,6.028043011999999479e-01,7.274447461999999920e-02
2.900000000000000000e+04,4.000000000000000000e+02,5.999999999999999778e-01,2.999999999999999889e-01,6.029753091999999759e-01,7.278797610999999945e-02
3.100000000000000000e+04,4.000000000000000000e+02,5.999999999999999778e-01,2.999999999999999889e-01,6.031232149999999903e-01,7.282723630000000059e-02
3.300000000000000000e+04,4.000000000000000000e+02,5.999999999999999778e-01,2.999999999999999889e-01,6.032522798999999658e-01,7.286294631999999660e-02
3.500000000000000000e+04,4.000000000000000000e+02,5.999999999999999778e-01,2.999999999999999889e-01,6.033657862000000316e-01,7.289564867999999420e-02
3.700000000000000000e+04,4.000000000000000000e+02,5.999999999999999778e-01,2.999999999999999889e-01,6.034663018000000489e-01,7.292577584999999918e-02
3.900000000000000000e+04,4.000000000000000000e+02,5.999999999999999778e-01,2.999999999999999889e-01,6.035558641999999585e-01,7.295367737999999824e-02
4.100000000000000000e+04,4.000000000000000000e+02,5.999999999999999778e-01,2.999999999999999889e-01,6.036361099000000507e-01,7.297963922000000325e-02
4.300000000000000000e+04,4.000000000000000000e+02,5.999999999999999778e-01,2.999999999999999889e-01,6.037083685999999894e-01,7.300389785999999992e-02
4.500000000000000000e+04,4.000000000000000000e+02,5.999999999999999778e-01,2.999999999999999889e-01,6.037737309999999802e-01,7.302665083999999862e-02
4.700000000000000000e+04,4.000000000000000000e+02,5.999999999999999778e-01,2.999999999999999889e-01,6.038331003000000363e-01,7.304806459000000307e-02
4.900000000000000000e+04,4.000000000000000000e+02,5.999999999999999778e-01,2.999999999999999889e-01,6.038872307000000550e-01,7.306828052000000073e-02
5.100000000000000000e+04,4.000000000000000000e+02,5.999999999999999778e-01,2.999999999999999889e-01,6.039367563999999966e-01,7.308741962999999731e-02
5.300000000000000000e+04,4.000000000000000000e+02,5.999999999999999778e-01,2.999999999999999889e-01,6.039822147000000196e-01,7.310558618000000120e-02
5.500000000000000000e+04,4.000000000000000000e+02,5.999999999999999778e-01,2.999999999999999889e-01,6.040240638999999634e-01,7.312287053999999564e-02
5.700000000000000000e+04,4.000000000000000000e+02,5.999999999999999778e-01,2.999999999999999889e-01,6.040626968000000208e-01,7.313935153999999439e-02
5.900000000000000000e+04,4.000000000000000000e+02,5.999999999999999778e-01,2.999999999999999889e-01,6.040984522000000245e-01,7.315509823999999384e-02
6.100000000000000000e+04,4.000000000000000000e+02,5.999999999999999778e-01,2.999999999999999889e-01,6.041316236999999534e-01,7.317017150000000580e-02
6.300000000000000000e+04,4.000000000000000000e+02,5.999999999999999778e-01,2.999999999999999889e-01,6.041624669999999808e-01,7.318462517000000334e-02
6.500000000000000000e+04,4.000000000000000000e+02,5.999999999999999778e-01,2.999999999999999889e-01,6.041912057999999641e-01,7.319850711000000509e-02
6.700000000000000000e+04,4.000000000000000000e+02,5.999999999999999778e-01,2.999999999999999889e-01,6.042180366999999608e-01,7.321186003000000608e-02
6.900000000000000000e+04,4.000000000000000000e+02,5.999999999999999778e-01,2.999999999999999889e-01,6.042431326999999630e-01,7.322472217000000616e-02
7.100000000000000000e+04,4.000000000000000000e+02,5.999999999999999778e-01,2.999999999999999889e-01,6.042666473000000149e-01,7.323712790000000417e-02
7.300000000000000000e+04,4.000000000000000000e+02,5.999999999999999778e-01,2.999999999999999889e-01,6.042887166999999504e-01,7.324910823999999931e-02
7.500000000000000000e+04,4.000000000000000000e+02,5.999999999999999778e-01,2.999999999999999889e-01,6.043094622000000360e-01,7.326069121000000628e-02
7.700000000000000000e+04,4.000000000000000000e+02,5.999999999999999778e-01,2.999999999999999889e-01,6.043289923000000341e-01,7.327190226999999445e-02
7.900000000000000000e+04,4.000000000000000000e+02,5.999999999999999778e-01,2.999999999999999889e-01,6.043474039999999770e-01,7.328276454000000328e-02
8.100000000000000000e+04,4.000000000000000000e+02,5.999999999999999778e-01,2.999999999999999889e-01,6.043647849000000072e-01,7.329329915000000473e-02
8.300000000000000000e+04,4.000000000000000000e+02,5.999999999999999778e-01,2.999999999999999889e-01,6.043812136999999751e-01,7.330352538999999890e-02
8.500000000000000000e+04,4.000000000000000000e+02,5.999999999999999778e-01,2.999999999999999889e-01,6.043967613999999822e-01,7.331346096999999395e-02
8.700000000000000000e+04,4.000000000000000000e+02,5.999999999999999778e-01,2.999999999999999889e-01,6.044114925000000360e-01,7.332312213000000134e-02
8.900000000000000000e+04,4.000000000000000000e+02,5.999999999999999778e-01,2.999999999999999889e-01,6.044254654999999810e-01,7.333252383999999680e-02
9.100000000000000000e+04,4.000000000000000000e+02,5.999999999999999778e-01,2.999999999999999889e-01,6.044387335999999999e-01,7.334167990999999887e-02
9.300000000000000000e+04,4.000000000000000000e+02,5.999999999999999778e-01,2.999999999999999889e-01,6.044513451999999898e-01,7.335060307999999307e-02
9.500000000000000000e+04,4.000000000000000000e+02,5.999999999999999778e-01,2.999999999999999889e-01,6.044633445999999521e-01,7.335930519000000150e-02
9.700000000000000000e+04,4.000000000000000000e+02,5.999999999999999778e-01,2.999999999999999889e-01,6.044747723000000184e-01,7.336779717999999950e-02
9.900000000000000000e+04,4.000000000000000000e+02,5.999999999999999778e-01,2.999999999999999889e-01,6.044856655000000467e-01,7.337608923999999755e-02
1.000000000000000000e+04,4.000000000000000000e+02,5.999999999999999778e-01,2.999999999999999889e-01,5.984240087000000097e-01,7.190767936000000415e-02
3.000000000000000000e+04,4.000000000000000000e+02,5.999999999999999778e-01,2.999999999999999889e-01,6.030518567000000552e-01,7.280808914000000409e-02
5.000000000000000000e+04,4.000000000000000000e+02,5.999999999999999778e-01,2.999999999999999889e-01,6.039125334999999595e-01,7.307797780999999993e-02
7.000000000000000000e+04,4.000000000000000000e+02,5.999999999999999778e-01,2.999999999999999889e-01,6.042550787999999562e-01,7.323098007000000687e-02
9.000000000000000000e+04,4.000000000000000000e+02,5.999999999999999778e-01,2.999999999999999889e-01,6.044321846000000331e-01,7.333713175999999334e-02
1.100000000000000000e+05,4.000000000000000000e+02,5.999999999999999778e-01,2.999999999999999889e-01,6.045374170999999741e-01,7.341851496000000032e-02
1.300000000000000000e+05,4.000000000000000000e+02,5.999999999999999778e-01,2.999999999999999889e-01,6.046057431000000371e-01,7.348471584000000612e-02
1.500000000000000000e+05,4.000000000000000000e+02,5.999999999999999778e-01,2.999999999999999889e-01,6.046530028000000057e-01,7.354070735999999886e-02
1.700000000000000000e+05,4.000000000000000000e+02,5.999999999999999778e-01,2.999999999999999889e-01,6.046873291000000039e-01,7.358938375000000087e-02
1.900000000000000000e+05,4.000000000000000000e+02,5.999999999999999778e-01,2.999999999999999889e-01,6.047132836999999927e-01,7.363257099000000694e-02
2.100000000000000000e+05,4.000000000000000000e+02,5.999999999999999778e-01,2.999999999999999889e-01,6.047335996999999574e-01,7.367149213000000196e-02
2.300000000000000000e+05,4.000000000000000000e+02,5.999999999999999778e-01,2.999999999999999889e-01,6.047500005000000511e-01,7.370700512000000204e-02
2.500000000000000000e+05,4.000000000000000000e+02,5.999999999999999778e-01,2.999999999999999889e-01,6.047636172999999449e-01,7.373973423999999333e-02
2.700000000000000000e+05,4.000000000000000000e+02,5.999999999999999778e-01,2.999999999999999889e-01,6.047752182000000198e-01,7.377014759000000144e-02
2.900000000000000000e+05,4.000000000000000000e+02,5.999999999999999778e-01,2.999999999999999889e-01,6.047853385000000470e-01,7.379860489999999495e-02
3.100000000000000000e+05,4.000000000000000000e+02,5.999999999999999778e-01,2.999999999999999889e-01,6.047943601999999919e-01,7.382538851000000624e-02
3.300000000000000000e+05,4.000000000000000000e+02,5.999999999999999778e-01,2.999999999999999889e-01,6.048025611999999773e-01,7.385072397000000399e-02
3.500000000000000000e+05,4.000000000000000000e+02,5.999999999999999778e-01,2.999999999999999889e-01,6.048101469000000119e-01,7.387479428000000292e-02
3.700000000000000000e+05,4.000000000000000000e+02,5.999999999999999778e-01,2.999999999999999889e-01,6.048172713999999672e-01,7.389774993000000625e-02
3.900000000000000000e+05,4.000000000000000000e+02,5.999999999999999778e-01,2.999999999999999889e-01,6.048240513999999513e-01,7.391971615999999579e-02
4.100000000000000000e+05,4.000000000000000000e+02,5.999999999999999778e-01,2.999999999999999889e-01,6.048305765999999473e-01,7.394079823999999412e-02
4.300000000000000000e+05,4.000000000000000000e+02,5.999999999999999778e-01,2.999999999999999889e-01,6.048369163000000270e-01,7.396108558000000222e-02
4.500000000000000000e+05,4.000000000000000000e+02,5.999999999999999778e-01,2.999999999999999889e-01,6.048431242999999791e-01,7.398065466000000590e-02
4.700000000000000000e+05,4.000000000000000000e+02,5.999999999999999778e-01,2.999999999999999889e-01,6.048492429999999809e-01,7.399957148999999901e-02
4.900000000000000000e+05,4.000000000000000000e+02,5.999999999999999778e-01,2.999999999999999889e-01,6.048553057000000122e-01,7.401789337000000413e-02
5.100000000000000000e+05,4.000000000000000000e+02,5.999999999999999778e-01,2.999999999999999889e-01,6.048613387000000285e-01,7.403567038000000156e-02
5.300000000000000000e+05,4.000000000000000000e+02,5.999999999999999778e-01,2.999999999999999889e-01,6.048673628999999830e-01,7.405294655999999920e-02
5.500000000000000000e+05,4.000000000000000000e+02,5.999999999999999778e-01,2.999999999999999889e-01,6.048733948000000193e-01,7.406976080999999601e-02
5.700000000000000000e+05,4.000000000000000000e+02,5.999999999999999778e-01,2.999999999999999889e-01,6.048794476000000087e-01,7.408614768000000572e-02
5.900000000000000000e+05,4.000000000000000000e+02,5.999999999999999778e-01,2.999999999999999889e-01,6.048855316000000260e-01,7.410213796999999547e-02
6.100000000000000000e+05,4.000000000000000000e+02,5.999999999999999778e-01,2.999999999999999889e-01,6.048916550999999808e-01,7.411775928000000069e-02
6.300000000000000000e+05,4.000000000000000000e+02,5.999999999999999778e-01,2.999999999999999889e-01,6.048978245999999670e-01,7.413303644999999498e-02
6.500000000000000000e+05,4.000000000000000000e+02,5.999999999999999778e-01,2.999999999999999889e-01,6.049040449999999458e-01,7.414799184999999737e-02
6.700000000000000000e+05,4.000000000000000000e+02,5.999999999999999778e-01,2.999999999999999889e-01,6.049103203000000262e-01,7.416264576999999358e-02
6.900000000000000000e+05,4.000000000000000000e+02,5.999999999999999778e-01,2.999999999999999889e-01,6.049166534000000039e-01,7.417701663999999584e-02
7.100000000000000000e+05,4.000000000000000000e+02,5.999999999999999778e-01,2.999999999999999889e-01,6.049230464000000529e-01,7.419112123000000392e-02
7.300000000000000000e+05,4.000000000000000000e+02,5.999999999999999778e-01,2.999999999999999889e-01,6.049295009999999806e-01,7.420497487999999642e-02
7.500000000000000000e+05,4.000000000000000000e+02,5.999999999999999778e-01,2.999999999999999889e-01,6.049360179999999643e-01,7.421859163999999787e-02
7.700000000000000000e+05,4.000000000000000000e+02,5.999999999999999778e-01,2.999999999999999889e-01,6.049425982999999674e-01,7.423198440999999315e-02
7.900000000000000000e+05,4.000000000000000000e+02,5.999999999999999778e-01,2.999999999999999889e-01,6.049492418999999899e-01,7.424516506000000682e-02
8.100000000000000000e+05,4.000000000000000000e+02,5.999999999999999778e-01,2.999999999999999889e-01,6.049559490000000483e-01,7.425814455000000203e-02
8.300000000000000000e+05,4.000000000000000000e+02,5.999999999999999778e-01,2.999999999999999889e-01,6.049627193000000069e-01,7.427093298999999649e-02
8.500000000000000000e+05,4.000000000000000000e+02,5.999999999999999778e-01,2.999999999999999889e-01,6.049695523000000463e-01,7.428353978000000468e-02
8.700000000000000000e+05,4.000000000000000000e+02,5.999999999999999778e-01,2.999999999999999889e-01,6.049764476000000224e-01,7.429597360999999622e-02
8.900000000000000000e+05,4.000000000000000000e+02,5.999999999999999778e-01,2.999999999999999889e-01,6.049834043999999800e-01,7.430824259000000376e-02
9.100000000000000000e+05,4.000000000000000000e+02,5.999999999999999778e-01,2.999999999999999889e-01,6.049904219999999722e-01,7.432035423999999724e-02
9.300000000000000000e+05,4.000000000000000000e+02,5.999999999999999778e-01,2.999999999999999889e-01,6.049974994000000272e-01,7.433231560000000404e-02
9.500000000000000000e+05,4.000000000000000000e+02,5.999999999999999778e-01,2.999999999999999889e-01,6.050046358999999763e-01,7.434413324999999961e-02
9.700000000000000000e+05,4.000000000000000000e+02,5.999999999999999778e-01,2.999999999999999889e-01,6.050118303999999503e-01,7.435581332000000543e-02
9.900000000000000000e+05,4.000000000000000000e+02,5.999999999999999778e-01,2.999999999999999889e-01,6.050190818999999776e-01,7.436736159000000013e-02
1.000000000000000000e+05,4.000000000000000000e+02,5.999999999999999778e-01,2.999999999999999889e-01,6.044909223000000109e-01,7.338016327999999366e-02
3.000000000000000000e+05,4.000000000000000000e+02,5.999999999999999778e-01,2.999999999999999889e-01,6.047899673000000087e-01,7.381219068000000050e-02
5.000000000000000000e+05,4.000000000000000000e+02,5.999999999999999778e-01,2.999999999999999889e-01,6.048583244999999886e-01,7.402684710000000112e-02
7.000000000000000000e+05,4.000000000000000000e+02,5.999999999999999778e-01,2.999999999999999889e-01,6.049198422999999547e-01,7.418410122999999357e-02
9.000000000000000000e+05,4.000000000000000000e+02,5.999999999999999778e-01,2.999999999999999889e-01,6.049869057000000216e-01,7.431431763000000135e-02
1.100000000000000000e+06,4.000000000000000000e+02,5.999999999999999778e-01,2.999999999999999889e-01,6.050599394000000242e-01,7.442874710999999865e-02
1.300000000000000000e+06,4.000000000000000000e+02,5.999999999999999778e-01,2.999999999999999889e-01,6.051380177999999832e-01,7.453281176999999869e-02
1.500000000000000000e+06,4.000000000000000000e+02,5.999999999999999778e-01,2.999999999999999889e-01,6.052202097000000114e-01,7.462954334000000689e-02
1.700000000000000000e+06,4.000000000000000000e+02,5.999999999999999778e-01,2.999999999999999889e-01,6.053057605999999646e-01,7.472080973000000403e-02
1.900000000000000000e+06,4.000000000000000000e+02,5.999999999999999778e-01,2.999999999999999889e-01,6.053940830999999800e-01,7.480784361999999466e-02
2.100000000000000000e+06,4.000000000000000000e+02,5.999999999999999778e-01,2.999999999999999889e-01,6.054847207000000342e-01,7.489150141000000538e-02
2.300000000000000000e+06,4.000000000000000000e+02,5.999999999999999778e-01,2.999999999999999889e-01,6.055773154000000380e-01,7.497240231000000532e-02
2.500000000000000000e+06,4.000000000000000000e+02,5.999999999999999778e-01,2.999999999999999889e-01,6.056715825999999803e-01,7.505100858999999569e-02
2.700000000000000000e+06,4.000000000000000000e+02,5.999999999999999778e-01,2.999999999999999889e-01,6.057672932000000010e-01,7.512767450000000513e-02
2.900000000000000000e+06,4.000000000000000000e+02,5.999999999999999778e-01,2.999999999999999889e-01,6.058642604999999737e-01,7.520267752999999777e-02
3.100000000000000000e+06,4.000000000000000000e+02,5.999999999999999778e-01,2.999999999999999889e-01,6.059623306000000431e-01,7.527623908000000141e-02
3.300000000000000000e+06,4.000000000000000000e+02,5.999999999999999778e-01,2.999999999999999889e-01,6.060613751000000216e-01,7.534853867000000649e-02
3.500000000000000000e+06,4.000000000000000000e+02,5.999999999999999778e-01,2.999999999999999889e-01,6.061612859999999658e-01,7.541972381000000558e-02
3.700000000000000000e+06,4.000000000000000000e+02,5.999999999999999778e-01,2.999999999999999889e-01,6.062619715000000520e-01,7.548991727999999901e-02
3.900000000000000000e+06,4.000000000000000000e+02,5.999999999999999778e-01,2.999999999999999889e-01,6.063633529999999938e-01,7.555922228000000462e-02
4.100000000000000000e+06,4.000000000000000000e+02,5.999999999999999778e-01,2.999999999999999889e-01,6.064653628999999713e-01,7.562772644000000100e-02
4.300000000000000000e+06,4.000000000000000000e+02,5.999999999999999778e-01,2.999999999999999889e-01,6.065679421999999876e-01,7.569550479000000665e-02
4.500000000000000000e+06,4.000000000000000000e+02,5.999999999999999778e-01,2.999999999999999889e-01,6.066710396000000172e-01,7.576262205000000582e-02
4.700000000000000000e+06,4.000000000000000000e+02,5.999999999999999778e-01,2.999999999999999889e-01,6.067746099999999920e-01,7.582913446000000279e-02
4.900000000000000000e+06,4.000000000000000000e+02,5.999999999999999778e-01,2.999999999999999889e-01,6.068786135000000526e-01,7.589509118999999970e-02
5.100000000000000000e+06,4.000000000000000000e+02,5.999999999999999778e-01,2.999999999999999889e-01,6.069830146000000370e-01,7.596053547999999378e-02
5.300000000000000000e+06,4.000000000000000000e+02,5.999999999999999778e-01,2.999999999999999889e-01,6.070877819000000120e-01,7.602550553999999627e-02
5.500000000000000000e+06,4.000000000000000000e+02,5.999999999999999778e-01,2.999999999999999889e-01,6.071928870999999672e-01,7.609003534000000069e-02
5.700000000000000000e+06,4.000000000000000000e+02,5.999999999999999778e-01,2.999999999999999889e-01,6.072983047000000134e-01,7.615415518000000217e-02
5.900000000000000000e+06,4.000000000000000000e+02,5.999999999999999778e-01,2.999999999999999889e-01,6.074040120000000487e-01,7.621789220999999892e-02
6.100000000000000000e+06,4.000000000000000000e+02,5.999999999999999778e-01,2.999999999999999889e-01,6.075099882000000173e-01,7.628127086000000001e-02
6.300000000000000000e+06,4.000000000000000000e+02,5.999999999999999778e-01,2.999999999999999889e-01,6.076162144000000209e-01,7.634431318999999883e-02
6.500000000000000000e+06,4.000000000000000000e+02,5.999999999999999778e-01,2.999999999999999889e-01,6.077226735999999852e-01,7.640703915999999540e-02
6.700000000000000000e+06,4.000000000000000000e+02,5.999999999999999778e-01,2.999999999999999889e-01,6.078293500000000460e-01,7.646946695999999599e-02
6.900000000000000000e+06,4.000000000000000000e+02,5.999999999999999778e-01,2.999999999999999889e-01,6.079362295000000360e-01,7.653161311999999439e-02
7.100000000000000000e+06,4.000000000000000000e+02,5.999999999999999778e-01,2.999999999999999889e-01,6.080432987999999650e-01,7.659349276999999345e-02
7.300000000000000000e+06,4.000000000000000000e+02,5.999999999999999778e-01,2.999999999999999889e-01,6.081505458000000530e-01,7.665511977000000199e-02
7.500000000000000000e+06,4.000000000000000000e+02,5.999999999999999778e-01,2.999999999999999889e-01,6.082579594000000478e-01,7.671650687000000635e-02
7.700000000000000000e+06,4.000000000000000000e+02,5.999999999999999778e-01,2.999999999999999889e-01,6.083655293999999936e-01,7.677766580000000562e-02
7.900000000000000000e+06,4.000000000000000000e+02,5.999999999999999778e-01,2.999999999999999889e-01,6.084732459999999676e-01,7.683860737000000607e-02
8.100000000000000000e+06,4.000000000000000000e+02,5.999999999999999778e-01,2.999999999999999889e-01,6.085811006000000356e-01,7.689934160000000407e-02
8.300000000000000000e+06,4.000000000000000000e+02,5.999999999999999778e-01,2.999999999999999889e-01,6.086890847999999465e-01,7.695987777000000418e-02
8.500000000000000000e+06,4.000000000000000000e+02,5.999999999999999778e-01,2.999999999999999889e-01,6.087971910999999681e-01,7.702022448999999715e-02
8.700000000000000000e+06,4.000000000000000000e+02,5.999999999999999778e-01,2.999999999999999889e-01,6.089054122000000513e-01,7.708038976999999348e-02
8.900000000000000000e+06,4.000000000000000000e+02,5.999999999999999778e-01,2.999999999999999889e-01,6.090137415999999915e-01,7.714038106999999977e-02
9.100000000000000000e+06,4.000000000000000000e+02,5.999999999999999778e-01,2.999999999999999889e-01,6.091221729000000362e-01,7.720020536999999683e-02
9.300000000000000000e+06,4.000000000000000000e+02,5.999999999999999778e-01,2.999999999999999889e-01,6.092307003000000387e-01,7.725986917999999593e-02
9.500000000000000000e+06,4.000000000000000000e+02,5.999999999999999778e-01,2.999999999999999889e-01,6.093393185000000045e-01,7.731937859000000135e-02
9.700000000000000000e+06,4.000000000000000000e+02,5.999999999999999778e-01,2.999999999999999889e-01,6.094480221000000419e-01,7.737873930999999983e-02
9.900000000000000000e+06,4.000000000000000000e+02,5.999999999999999778e-01,2.999999999999999889e-01,6.095568063999999842e-01,7.743795671000000547e-02
1.000000000000000000e+06,4.000000000000000000e+02,5.999999999999999778e-01,2.999999999999999889e-01,6.050227287999999648e-01,7.437308800000000386e-02
3.000000000000000000e+06,4.000000000000000000e+02,5.999999999999999778e-01,2.999999999999999889e-01,6.059131663000000279e-01,7.523962641999999701e-02
5.000000000000000000e+06,4.000000000000000000e+02,5.999999999999999778e-01,2.999999999999999889e-01,6.069307663999999880e-01,7.592787488999999668e-02
7.000000000000000000e+06,4.000000000000000000e+02,5.999999999999999778e-01,2.999999999999999889e-01,6.079897412000000445e-01,7.656258536000000448e-02
9.000000000000000000e+06,4.000000000000000000e+02,5.999999999999999778e-01,2.999999999999999889e-01,6.090679448000000384e-01,7.717031368000000502e-02
1.100000000000000000e+07,4.000000000000000000e+02,5.999999999999999778e-01,2.999999999999999889e-01,6.101563710999999834e-01,7.776130175999999838e-02
1.300000000000000000e+07,4.000000000000000000e+02,5.999999999999999778e-01,2.999999999999999889e-01,6.112504682999999606e-01,7.834059764999999620e-02
1.500000000000000000e+07,4.000000000000000000e+02,5.999999999999999778e-01,2.999999999999999889e-01,6.123476187999999931e-01,7.891106714999999994e-02
1.700000000000000000e+07,4.000000000000000000e+02,5.999999999999999778e-01,2.999999999999999889e-01,6.134461812000000513e-01,7.947449637999999539e-02
1.900000000000000000e+07,4.000000000000000000e+02,5.999999999999999778e-01,2.999999999999999889e-01,6.145450609999999481e-01,8.003207543000000201e-02
2.100000000000000000e+07,4.000000000000000000e+02,5.999999999999999778e-01,2.999999999999999889e-01,6.156434934000000192e-01,8.058463827999999551e-02
2.300000000000000000e+07,4.000000000000000000e+02,5.999999999999999778e-01,2.999999999999999889e-01,6.167409248999999871e-01,8.113279286999999784e-02
2.500000000000000000e+07,4.000000000000000000e+02,5.999999999999999778e-01,2.999999999999999889e-01,6.178369433000000521e-01,8.167699677999999686e-02
2.700000000000000000e+07,4.000000000000000000e+02,5.999999999999999778e-01,2.999999999999999889e-01,6.189312343999999744e-01,8.221760358999999352e-02
2.900000000000000000e+07,4.000000000000000000e+02,5.999999999999999778e-01,2.999999999999999889e-01,6.200235541999999933e-01,8.275489273000000146e-02
3.100000000000000000e+07,4.000000000000000000e+02,5.999999999999999778e-01,2.999999999999999889e-01,6.211137106999999880e-01,8.328908921000000021e-02
3.300000000000000000e+07,4.000000000000000000e+02,5.999999999999999778e-01,2.999999999999999889e-01,6.222015505000000335e-01,8.382037732000000019e-02
3.500000000000000000e+07,4.000000000000000000e+02,5.999999999999999778e-01,2.999999999999999889e-01,6.232869497999999897e-01,8.434891012999999604e-02
3.700000000000000000e+07,4.000000000000000000e+02,5.999999999999999778e-01,2.999999999999999889e-01,6.243698080999999789e-01,8.487481651999999321e-02
3.900000000000000000e+07,4.000000000000000000e+02,5.999999999999999778e-01,2.999999999999999889e-01,6.254500432999999804e-01,8.539820618000000529e-02
4.100000000000000000e+07,4.000000000000000000e+02,5.999999999999999778e-01,2.999999999999999889e-01,6.265275877000000548e-01,8.591917351000000203e-02
4.300000000000000000e+07,4.000000000000000000e+02,5.999999999999999778e-01,2.999999999999999889e-01,6.276023854000000179e-01,8.643780048999999410e-02
4.500000000000000000e+07,4.000000000000000000e+02,5.999999999999999778e-01,2.999999999999999889e-01,6.286743903999999494e-01,8.695415894999999895e-02
4.700000000000000000e+07,4.000000000000000000e+02,5.999999999999999778e-01,2.999999999999999889e-01,6.297435646000000276e-01,8.746831231000000428e-02
4.900000000000000000e+07,4.000000000000000000e+02,5.999999999999999778e-01,2.999999999999999889e-01,6.308098764999999775e-01,8.798031699000000150e-02
5.100000000000000000e+07,4.000000000000000000e+02,5.999999999999999778e-01,2.999999999999999889e-01,6.318733000999999794e-01,8.849022350999999342e-02
5.300000000000000000e+07,4.000000000000000000e+02,5.999999999999999778e-01,2.999999999999999889e-01,6.329338142999999528e-01,8.899807741000000105e-02
5.500000000000000000e+07,4.000000000000000000e+02,5.999999999999999778e-01,2.999999999999999889e-01,6.339914020000000372e-01,8.950391995999999739e-02
5.700000000000000000e+07,4.000000000000000000e+02,5.999999999999999778e-01,2.999999999999999889e-01,6.350460491999999624e-01,9.000778878000000038e-02
5.900000000000000000e+07,4.000000000000000000e+02,5.999999999999999778e-01,2.999999999999999889e-01,6.360977451999999532e-01,9.050971833000000244e-02
6.100000000000000000e+07,4.000000000000000000e+02,5.999999999999999778e-01,2.999999999999999889e-01,6.371464816999999892e-01,9.100974032000000435e-02
6.300000000000000000e+07,4.000000000000000000e+02,5.999999999999999778e-01,2.999999999999999889e-01,6.381922525000000013e-01,9.150788407000000346e-02
6.500000000000000000e+07,4.000000000000000000e+02,5.999999999999999778e-01,2.999999999999999889e-01,6.392350534999999834e-01,9.200417679000000293e-02
6.700000000000000000e+07,4.000000000000000000e+02,5.999999999999999778e-01,2.999999999999999889e-01,6.402748820000000451e-01,9.249864385999999328e-02
6.900000000000000000e+07,4.000000000000000000e+02,5.999999999999999778e-01,2.999999999999999889e-01,6.413117371000000011e-01,9.299130899999999422e-02
7.100000000000000000e+07,4.000000000000000000e+02,5.999999999999999778e-01,2.999999999999999889e-01,6.423456189999999788e-01,9.348219448000000265e-02
7.300000000000000000e+07,4.000000000000000000e+02,5.999999999999999778e-01,2.999999999999999889e-01,6.433765289999999748e-01,9.397132127000000501e-02
7.500000000000000000e+07,4.000000000000000000e+02,5.999999999999999778e-01,2.999999999999999889e-01,6.444044693999999573e-01,9.445870918000000283e-02
7.700000000000000000e+07,4.000000000000000000e+02,5.999999999999999778e-01,2.999999999999999889e-01,6.454294435999999857e-01,9.494437697999999481e-02
7.900000000000000000e+07,4.000000000000000000e+02,5.999999999999999778e-01,2.999999999999999889e-01,6.464514555000000495e-01,9.542834247999999742e-02
8.100000000000000000e+07,4.000000000000000000e+02,5.999999999999999778e-01,2.999999999999999889e-01,6.474705098999999908e-01,9.591062263999999837e-02
8.300000000000000000e+07,4.000000000000000000e+02,5.999999999999999778e-01,2.999999999999999889e-01,6.484866121000000261e-01,9.639123367999999359e-02
8.500000000000000000e+07,4.000000000000000000e+02,5.999999999999999778e-01,2.999999999999999889e-01,6.494997680999999856e-01,9.687019107000000018e-02
8.700000000000000000e+07,4.000000000000000000e+02,5.999999999999999778e-01,2.999999999999999889e-01,6.505099843999999631e-01,9.734750966999999866e-02
8.900000000000000000e+07,4.000000000000000000e+02,5.999999999999999778e-01,2.999999999999999889e-01,6.515172676999999579e-01,9.782320374000000318e-02
9.100000000000000000e+07,4.000000000000000000e+02,5.999999999999999778e-01,2.999999999999999889e-01,6.525216253000000188e-01,9.829728700999999791e-02
9.300000000000000000e+07,4.000000000000000000e+02,5.999999999999999778e-01,2.999999999999999889e-01,6.535230650000000141e-01,9.876977270999999503e-02
9.500000000000000000e+07,4.000000000000000000e+02,5.999999999999999778e-01,2.999999999999999889e-01,6.545215946000000340e-01,9.924067361999999726e-02
9.700000000000000000e+07,4.000000000000000000e+02,5.999999999999999778e-01,2.999999999999999889e-01,6.555172222999999798e-01,9.971000208999999948e-02
9.900000000000000000e+07,4.000000000000000000e+02,5.999999999999999778e-01,2.999999999999999889e-01,6.565099568000000163e-01,1.001777700999999937e-01
1.000000000000000000e+07,4.000000000000000000e+02,5.999999999999999778e-01,2.999999999999999889e-01,6.096112273999999553e-01,7.746751324999999466e-02
3.000000000000000000e+07,4.000000000000000000e+02,5.999999999999999778e-01,2.999999999999999889e-01,6.205689132999999691e-01,8.302236521000000424e-02
5.000000000000000000e+07,4.000000000000000000e+02,5.999999999999999778e-01,2.999999999999999889e-01,6.313419506999999875e-01,8.823552955999999781e-02
7.000000000000000000e+07,4.000000000000000000e+02,5.999999999999999778e-01,2.999999999999999889e-01,6.418290496999999872e-01,9.323697286000000306e-02
9.000000000000000000e+07,4.000000000000000000e+02,5.999999999999999778e-01,2.999999999999999889e-01,6.520198118000000154e-01,9.806044589000000034e-02
1.000000000000000000e+08,4.000000000000000000e+02,5.999999999999999778e-01,2.999999999999999889e-01,6.570052416999999645e-01,1.004110725999999981e-01
