# pressure,temperature,f1,f2,molkg1,molkg2
1.000000000000000000e+00,4.000000000000000000e+02,9.000000000000000222e-01,0.000000000000000000e+00,1.592943397000000025e-02,4.159421970999999866e-04
3.000000000000000000e+00,4.000000000000000000e+02,9.000000000000000222e-01,0.000000000000000000e+00,4.558132220999999706e-02,1.190408017999999932e-03
5.000000000000000000e+00,4.000000000000000000e+02,9.000000000000000222e-01,0.000000000000000000e+00,7.261530021999999807e-02,1.896753979999999925e-03
7.000000000000000000e+00,4.000000000000000000e+02,9.000000000000000222e-01,0.000000000000000000e+00,9.736338649999999595e-02,2.543608638000000206e-03
9.000000000000000000e+00,4.000000000000000000e+02,9.000000000000000222e-01,0.000000000000000000e+00,1.201037328999999959e-01,3.138201526999999814e-03
1.100000000000000000e+01,4.000000000000000000e+02,9.000000000000000222e-01,0.000000000000000000e+00,1.410711229999999927e-01,3.686635720999999893e-03
1.300000000000000000e+01,4.000000000000000000e+02,9.000000000000000222e-01,0.000000000000000000e+00,1.604651071000000040e-01,4.194099052999999966e-03
1.500000000000000000e+01,4.000000000000000000e+02,9.000000000000000222e-01,0.000000000000000000e+00,1.784563722999999991e-01,4.665029523000000303e-03
1.700000000000000000e+01,4.000000000000000000e+02,9.000000000000000222e-01,0.000000000000000000e+00,1.951917790999999902e-01,5.103246078000000206e-03
1.900000000000000000e+01,4.000000000000000000e+02,9.000000000000000222e-01,0.000000000000000000e+00,2.107983784999999943e-01,5.512052943999999621e-03
2.100000000000000000e+01,4.000000000000000000e+02,9.000000000000000222e-01,0.000000000000000000e+00,2.253866431999999864e-01,5.894323538000000376e-03
2.300000000000000000e+01,4.000000000000000000e+02,9.000000000000000222e-01,0.000000000000000000e+00,2.390530859999999980e-01,6.252568483999999815e-03
2.500000000000000000e+01,4.000000000000000000e+02,9.000000000000000222e-01,0.000000000000000000e+00,2.518823974000000132e-01,6.588991138000000088e-03
2.700000000000000000e+01,4.000000000000000000e+02,9.000000000000000222e-01,0.000000000000000000e+00,2.639492022000000104e-01,6.905533206999999764e-03
2.900000000000000000e+01,4.000000000000000000e+02,9.000000000000000222e-01,0.000000000000000000e+00,2.753195115000000026e-01,7.203912485999999608e-03
3.100000000000000000e+01,4.000000000000000000e+02,9.000000000000000222e-01,0.000000000000000000e+00,2.860519306000000039e-01,7.485654238999999918e-03
3.300000000000000000e+01,4.000000000000000000e+02,9.000000000000000222e-01,0.000000000000000000e+00,2.961986696000000197e-01,7.752117444000000170e-03
3.500000000000000000e+01,4.000000000000000000e+02,9.000000000000000222e-01,0.000000000000000000e+00,3.058063920999999907e-01,8.004516862999999302e-03
3.700000000000000000e+01,4.000000000000000000e+02,9.000000000000000222e-01,0.000000000000000000e+00,3.149169331000000183e-01,8.243941682999999729e-03
3.900000000000000000e+01,4.000000000000000000e+02,9.000000000000000222e-01,0.000000000000000000e+00,3.235679074999999738e-01,8.471371343000000040e-03
4.100000000000000000e+01,4.000000000000000000e+02,9.000000000000000222e-01,0.000000000000000000e+00,3.317932290999999756e-01,8.687689018999999666e-03
4.300000000000000000e+01,4.000000000000000000e+02,9.000000000000000222e-01,0.000000000000000000e+00,3.396235552999999907e-01,8.893693172999999133e-03
4.500000000000000000e+01,4.000000000000000000e+02,9.000000000000000222e-01,0.000000000000000000e+00,3.470866680999999954e-01,9.090107477000000311e-03
4.700000000000000000e+01,4.000000000000000000e+02,9.000000000000000222e-01,0.000000000000000000e+00,3.542078042999999843e-01,9.277589371999999529e-03
4.900000000000000000e+01,4.000000000000000000e+02,9.000000000000000222e-01,0.000000000000000000e+00,3.610099397000000043e-01,9.456737479999999599e-03
5.100000000000000000e+01,4.000000000000000000e+02,9.000000000000000222e-01,0.000000000000000000e+00,3.675140371999999767e-01,9.628098038999999275e-03
5.300000000000000000e+01,4.000000000000000000e+02,9.000000000000000222e-01,0.000000000000000000e+00,3.737392623999999941e-01,9.792170513999999895e-03
5.500000000000000000e+01,4.000000000000000000e+02,9.000000000000000222e-01,0.000000000000000000e+00,3.797031719999999777e-01,9.949412500999999659e-03
5.700000000000000000e+01,4.000000000000000000e+02,9.000000000000000222e-01,0.000000000000000000e+00,3.854218794000000003e-01,1.010024403000000029e-02
5.900000000000000000e+01,4.000000000000000000e+02,9.000000000000000222e-01,0.000000000000000000e+00,3.909102000999999937e-01,1.024505132999999936e-02
6.100000000000000000e+01,4.000000000000000000e+02,9.000000000000000222e-01,0.000000000000000000e+00,3.961817792999999810e-01,1.038419018000000076e-02
6.300000000000000000e+01,4.000000000000000000e+02,9.000000000000000222e-01,0.000000000000000000e+00,4.012492058000000084e-01,1.051798886000000072e-02
6.500000000000000000e+01,4.000000000000000000e+02,9.000000000000000222e-01,0.000000000000000000e+00,4.061241119999999816e-01,1.064675072000000056e-02
6.700000000000000000e+01,4.000000000000000000e+02,9.000000000000000222e-01,0.000000000000000000e+00,4.108172629999999881e-01,1.077075654000000070e-02
6.900000000000000000e+01,4.000000000000000000e+02,9.000000000000000222e-01,0.000000000000000000e+00,4.153386358999999750e-01,1.089026660999999931e-02
7.100000000000000000e+01,4.000000000000000000e+02,9.000000000000000222e-01,0.000000000000000000e+00,4.196974910999999864e-01,1.100552249000000087e-02
7.300000000000000000e+01,4.000000000000000000e+02,9.000000000000000222e-01,0.000000000000000000e+00,4.239024346999999970e-01,1.111674875000000055e-02
7.500000000000000000e+01,4.000000000000000000e+02,9.000000000000000222e-01,0.000000000000000000e+00,4.279614760000000073e-01,1.122415438000000029e-02
7.700000000000000000e+01,4.000000000000000000e+02,9.000000000000000222e-01,0.000000000000000000e+00,4.318820781000000109e-01,1.132793416999999976e-02
7.900000000000000000e+01,4.000000000000000000e+02,9.000000000000000222e-01,0.000000000000000000e+00,4.356712033999999845e-01,1.142826983999999969e-02
8.100000000000000000e+01,4.000000000000000000e+02,9.000000000000000222e-01,0.000000000000000000e+00,4.393353554000000161e-01,1.152533116999999996e-02
8.300000000000000000e+01,4.000000000000000000e+02,9.000000000000000222e-01,0.000000000000000000e+00,4.428806155000000189e-01,1.161927691999999936e-02
8.500000000000000000e+01,4.000000000000000000e+02,9.000000000000000222e-01,0.000000000000000000e+00,4.463126768999999827e-01,1.171025575000000062e-02
8.700000000000000000e+01,4.000000000000000000e+02,9.000000000000000222e-01,0.000000000000000000e+00,4.496368750999999997e-01,1.179840700000000034e-02
8.900000000000000000e+01,4.000000000000000000e+02,9.000000000000000222e-01,0.000000000000000000e+00,4.528582152999999777e-01,1.188386137999999925e-02
9.100000000000000000e+01,4.000000000000000000e+02,9.000000000000000222e-01,0.000000000000000000e+00,4.559813978999999740e-01,1.196674166999999941e-02
9.300000000000000000e+01,4.000000000000000000e+02,9.000000000000000222e-01,0.000000000000000000e+00,4.590108412000000193e-01,1.204716328999999933e-02
9.500000000000000000e+01,4.000000000000000000e+02,9.000000000000000222e-01,0.000000000000000000e+00,4.619507023000000157e-01,1.212523486000000039e-02
9.700000000000000000e+01,4.000000000000000000e+02,9.000000000000000222e-01,0.000000000000000000e+00,4.648048960000000229e-01,1.220105867000000066e-02
9.900000000000000000e+01,4.000000000000000000e+02,9.000000000000000222e-01,0.000000000000000000e+00,4.675771121999999780e-01,1.227473113999999997e-02
1.000000000000000000e+01,4.000000000000000000e+02,9.000000000000000222e-01,0.000000000000000000e+00,1.307958318999999925e-01,3.417844902000000042e-03
3.000000000000000000e+01,4.000000000000000000e+02,9.000000000000000222e-01,0.000000000000000000e+00,2.807620550000000104e-01,7.346774496999999675e-03
5.000000000000000000e+01,4.000000000000000000e+02,9.000000000000000222e-01,0.000000000000000000e+00,3.642980055999999744e-01,9.543358950999999285e-03
7.000000000000000000e+01,4.000000000000000000e+02,9.000000000000000222e-01,0.000000000000000000e+00,4.175378256999999760e-01,1.094841189999999978e-02
9.000000000000000000e+01,4.000000000000000000e+02,9.000000000000000222e-01,0.000000000000000000e+00,4.544317937999999835e-01,1.192561590999999949e-02
1.100000000000000000e+02,4.000000000000000000e+02,9.000000000000000222e-01,0.000000000000000000e+00,4.815052018000000045e-01,1.264529747000000051e-02
1.300000000000000000e+02,4.000000000000000000e+02,9.000000000000000222e-01,0.000000000000000000e+00,5.022181057000000282e-01,1.319788442000000006e-02
1.500000000000000000e+02,4.000000000000000000e+02,9.000000000000000222e-01,0.000000000000000000e+00,5.185760101999999927e-01,1.363585456000000057e-02
1.700000000000000000e+02,4.000000000000000000e+02,9.000000000000000222e-01,0.000000000000000000e+00,5.318215079000000456e-01,1.399176237999999982e-02
1.900000000000000000e+02,4.000000000000000000e+02,9.000000000000000222e-01,0.000000000000000000e+00,5.427655423999999673e-01,1.428687954999999926e-02
2.100000000000000000e+02,4.000000000000000000e+02,9.000000000000000222e-01,0.000000000000000000e+00,5.519598607000000268e-01,1.453569637000000012e-02
2.300000000000000000e+02,4.000000000000000000e+02,9.000000000000000222e-01,0.000000000000000000e+00,5.597929045999999742e-01,1.474842669999999918e-02
2.500000000000000000e+02,4.000000000000000000e+02,9.000000000000000222e-01,0.000000000000000000e+00,5.665460657999999983e-01,1.493247850999999959e-02
2.700000000000000000e+02,4.000000000000000000e+02,9.000000000000000222e-01,0.000000000000000000e+00,5.724281849000000255e-01,1.509335642999999963e-02
2.900000000000000000e+02,4.000000000000000000e+02,9.000000000000000222e-01,0.000000000000000000e+00,5.775975171999999658e-01,1.523523677000000048e-02
3.100000000000000000e+02,4.000000000000000000e+02,9.000000000000000222e-01,0.000000000000000000e+00,5.821761735999999576e-01,1.536134590999999917e-02
3.300000000000000000e+02,4.000000000000000000e+02,9.000000000000000222e-01,0.000000000000000000e+00,5.862598820000000099e-01,1.547421614999999924e-02
3.500000000000000000e+02,4.000000000000000000e+02,9.000000000000000222e-01,0.000000000000000000e+00,5.899247469999999716e-01,1.557586312999999917e-02
3.700000000000000000e+02,4.000000000000000000e+02,9.000000000000000222e-01,0.000000000000000000e+00,5.932320328000000309e-01,1.566791140000000151e-02
3.900000000000000000e+02,4.000000000000000000e+02,9.000000000000000222e-01,0.000000000000000000e+00,5.962316123999999995e-01,1.575168500000000138e-02
4.100000000000000000e+02,4.000000000000000000e+02,9.000000000000000222e-01,0.000000000000000000e+00,5.989644974000000177e-01,1.582827405000000048e-02
4.300000000000000000e+02,4.000000000000000000e+02,9.000000000000000222e-01,0.000000000000000000e+00,6.014647221000000155e-01,1.589858426999999838e-02
4.500000000000000000e+02,4.000000000000000000e+02,9.000000000000000222e-01,0.000000000000000000e+00,6.037607670000000315e-01,1.596337449000000130e-02
4.700000000000000000e+02,4.000000000000000000e+02,9.000000000000000222e-01,0.000000000000000000e+00,6.058766468999999821e-01,1.602328533999999860e-02
4.900000000000000000e+02,4.000000000000000000e+02,9.000000000000000222e-01,0.000000000000000000e+00,6.078327532999999727e-01,1.607886140999999908e-02
5.100000000000000000e+02,4.000000000000000000e+02,9.000000000000000222e-01,0.000000000000000000e+00,6.096465128000000400e-01,1.613056868999999949e-02
5.300000000000000000e+02,4.000000000000000000e+02,9.000000000000000222e-01,0.000000000000000000e+00,6.113329069999999810e-01,1.617880826000000008e-02
5.500000000000000000e+02,4.000000000000000000e+02,9.000000000000000222e-01,0.000000000000000000e+00,6.129048866999999845e-01,1.622392721999999995e-02
5.700000000000000000e+02,4.000000000000000000e+02,9.000000000000000222e-01,0.000000000000000000e+00,6.143737049999999922e-01,1.626622755999999892e-02
5.900000000000000000e+02,4.000000000000000000e+02,9.000000000000000222e-01,0.000000000000000000e+00,6.157491861999999649e-01,1.630597322999999960e-02
6.100000000000000000e+02,4.000000000000000000e+02,9.000000000000000222e-01,0.000000000000000000e+00,6.170399458999999975e-01,1.634339597000000061e-02
6.300000000000000000e+02,4.000000000000000000e+02,9.000000000000000222e-01,0.000000000000000000e+00,6.182535711000000100e-01,1.637870010000000084e-02
6.500000000000000000e+02,4.000000000000000000e+02,9.000000000000000222e-01,0.000000000000000000e+00,6.193967692999999830e-01,1.641206648000000101e-02
6.700000000000000000e+02,4.000000000000000000e+02,9.000000000000000222e-01,0.000000000000000000e+00,6.204754926000000115e-01,1.644365578000000008e-02
6.900000000000000000e+02,4.000000000000000000e+02,9.000000000000000222e-01,0.000000000000000000e+00,6.214950407999999538e-01,1.647361121999999997e-02
7.100000000000000000e+02,4.000000000000000000e+02,9.000000000000000222e-01,0.000000000000000000e+00,6.224601483999999685e-01,1.650206091000000139e-02
7.300000000000000000e+02,4.000000000000000000e+02,9.000000000000000222e-01,0.000000000000000000e+00,6.233750582000000540e-01,1.652911979999999864e-02
7.500000000000000000e+02,4.000000000000000000e+02,9.000000000000000222e-01,0.000000000000000000e+00,6.242435832999999601e-01,1.655489128999999837e-02
7.700000000000000000e+02,4.000000000000000000e+02,9.000000000000000222e-01,0.000000000000000000e+00,6.250691603000000374e-01,1.657946870999999975e-02
7.900000000000000000e+02,4.000000000000000000e+02,9.000000000000000222e-01,0.000000000000000000e+00,6.258548944999999808e-01,1.660293646999999942e-02
8.100000000000000000e+02,4.000000000000000000e+02,9.000000000000000222e-01,0.000000000000000000e+00,6.266035991999999721e-01,1.662537114999999843e-02
8.300000000000000000e+02,4.000000000000000000e+02,9.000000000000000222e-01,0.000000000000000000e+00,6.273178286999999687e-01,1.664684234999999971e-02
8.500000000000000000e+02,4.000000000000000000e+02,9.000000000000000222e-01,0.000000000000000000e+00,6.279999079000000428e-01,1.666741349000000136e-02
8.700000000000000000e+02,4.000000000000000000e+02,9.000000000000000222e-01,0.000000000000000000e+00,6.286519572000000000e-01,1.668714249000000094e-02
8.900000000000000000e+02,4.000000000000000000e+02,9.000000000000000222e-01,0.000000000000000000e+00,6.292759148000000025e-01,1.670608234000000095e-02
9.100000000000000000e+02,4.000000000000000000e+02,9.000000000000000222e-01,0.000000000000000000e+00,6.298735555000000153e-01,1.672428164999999883e-02
9.300000000000000000e+02,4.000000000000000000e+02,9.000000000000000222e-01,0.000000000000000000e+00,6.304465078000000000e-01,1.674178503999999845e-02
9.500000000000000000e+02,4.000000000000000000e+02,9.000000000000000222e-01,0.000000000000000000e+00,6.309962685000000127e-01,1.675863359999999955e-02
9.700000000000000000e+02,4.000000000000000000e+02,9.000000000000000222e-01,0.000000000000000000e+00,6.315242158999999633e-01,1.677486517000000010e-02
9.900000000000000000e+02,4.000000000000000000e+02,9.000000000000000222e-01,0.000000000000000000e+00,6.320316214000000210e-01,1.679051474000000169e-02
1.000000000000000000e+02,4.000000000000000000e+02,9.000000000000000222e-01,0.000000000000000000e+00,4.689335743999999973e-01,1.231078925999999976e-02
3.000000000000000000e+02,4.000000000000000000e+02,9.000000000000000222e-01,0.000000000000000000e+00,5.799541693999999969e-01,1.530009059000000081e-02
5.000000000000000000e+02,4.000000000000000000e+02,9.000000000000000222e-01,0.000000000000000000e+00,6.087564380000000108e-01,1.610517220000000013e-02
7.000000000000000000e+02,4.000000000000000000e+02,9.000000000000000222e-01,0.000000000000000000e+00,6.219841238000000105e-01,1.648801680999999880e-02
9.000000000000000000e+02,4.000000000000000000e+02,9.000000000000000222e-01,0.000000000000000000e+00,6.295779197999999965e-01,1.671527168999999841e-02
1.100000000000000000e+03,4.000000000000000000e+02,9.000000000000000222e-01,0.000000000000000000e+00,6.345034998999999898e-01,1.686751661000000097e-02
1.300000000000000000e+03,4.000000000000000000e+02,9.000000000000000222e-01,0.000000000000000000e+00,6.379560092999999599e-01,1.697762577000000092e-02
1.500000000000000000e+03,4.000000000000000000e+02,9.000000000000000222e-01,0.000000000000000000e+00,6.405096806000000198e-01,1.706158417000000135e-02
1.700000000000000000e+03,4.000000000000000000e+02,9.000000000000000222e-01,0.000000000000000000e+00,6.424746801999999812e-01,1.712812777999999855e-02
1.900000000000000000e+03,4.000000000000000000e+02,9.000000000000000222e-01,0.000000000000000000e+00,6.440332337999999934e-01,1.718244864000000038e-02
2.100000000000000000e+03,4.000000000000000000e+02,9.000000000000000222e-01,0.000000000000000000e+00,6.452994195000000266e-01,1.722783430000000143e-02
2.300000000000000000e+03,4.000000000000000000e+02,9.000000000000000222e-01,0.000000000000000000e+00,6.463482957999999723e-01,1.726647228000000034e-02
2.500000000000000000e+03,4.000000000000000000e+02,9.000000000000000222e-01,0.000000000000000000e+00,6.472312676000000486e-01,1.729987747999999978e-02
2.700000000000000000e+03,4.000000000000000000e+02,9.000000000000000222e-01,0.000000000000000000e+00,6.479847212999999551e-01,1.732913402999999852e-02
2.900000000000000000e+03,4.000000000000000000e+02,9.000000000000000222e-01,0.000000000000000000e+00,6.486351349000000210e-01,1.735503949000000157e-02
3.100000000000000000e+03,4.000000000000000000e+02,9.000000000000000222e-01,0.000000000000000000e+00,6.492022351999999774e-01,1.737819447000000031e-02
3.300000000000000000e+03,4.000000000000000000e+02,9.000000000000000222e-01,0.000000000000000000e+00,6.497010193000000156e-01,1.739906046000000081e-02
3.500000000000000000e+03,4.000000000000000000e+02,9.000000000000000222e-01,0.000000000000000000e+00,6.501430921999999946e-01,1.741799835999999907e-02
3.700000000000000000e+03,4.000000000000000000e+02,9.000000000000000222e-01,0.000000000000000000e+00,6.505375736999999825e-01,1.743529476999999828e-02
3.900000000000000000e+03,4.000000000000000000e+02,9.000000000000000222e-01,0.000000000000000000e+00,6.508917296999999769e-01,1.745118036999999955e-02
4.100000000000000000e+03,4.000000000000000000e+02,9.000000000000000222e-01,0.000000000000000000e+00,6.512114203000000101e-01,1.746584316000000109e-02
4.300000000000000000e+03,4.000000000000000000e+02,9.000000000000000222e-01,0.000000000000000000e+00,6.515014242000000122e-01,1.747943797000000091e-02
4.500000000000000000e+03,4.000000000000000000e+02,9.000000000000000222e-01,0.000000000000000000e+00,6.517656765999999546e-01,1.749209363000000031e-02
4.700000000000000000e+03,4.000000000000000000e+02,9.000000000000000222e-01,0.000000000000000000e+00,6.520074476999999646e-01,1.750391822999999847e-02
4.900000000000000000e+03,4.000000000000000000e+02,9.000000000000000222e-01,0.000000000000000000e+00,6.522294772000000185e-01,1.751500325000000108e-02
5.100000000000000000e+03,4.000000000000000000e+02,9.000000000000000222e-01,0.000000000000000000e+00,6.524340777999999563e-01,1.752542667000000012e-02
5.300000000000000000e+03,4.000000000000000000e+02,9.000000000000000222e-01,0.000000000000000000e+00,6.526232148999999705e-01,1.753525537999999981e-02
5.500000000000000000e+03,4.000000000000000000e+02,9.000000000000000222e-01,0.000000000000000000e+00,6.527985697999999504e-01,1.754454718999999899e-02
5.700000000000000000e+03,4.000000000000000000e+02,9.000000000000000222e-01,0.000000000000000000e+00,6.529615890000000089e-01,1.755335228000000011e-02
5.900000000000000000e+03,4.000000000000000000e+02,9.000000000000000222e-01,0.000000000000000000e+00,6.531135235999999678e-01,1.756171448000000065e-02
6.100000000000000000e+03,4.000000000000000000e+02,9.000000000000000222e-01,0.000000000000000000e+00,6.532554617000000396e-01,1.756967226999999951e-02
6.300000000000000000e+03,4.000000000000000000e+02,9.000000000000000222e-01,0.000000000000000000e+00,6.533883535000000187e-01,1.757725954000000090e-02
6.500000000000000000e+03,4.000000000000000000e+02,9.000000000000000222e-01,0.000000000000000000e+00,6.535130327999999489e-01,1.758450635000000095e-02
6.700000000000000000e+03,4.000000000000000000e+02,9.000000000000000222e-01,0.000000000000000000e+00,6.536302344000000097e-01,1.759143938000000060e-02
6.900000000000000000e+03,4.000000000000000000e+02,9.000000000000000222e-01,0.000000000000000000e+00,6.537406077999999843e-01,1.759808247999999908e-02
7.100000000000000000e+03,4.000000000000000000e+02,9.000000000000000222e-01,0.000000000000000000e+00,6.538447298999999768e-01,1.760445697999999878e-02
7.300000000000000000e+03,4.000000000000000000e+02,9.000000000000000222e-01,0.000000000000000000e+00,6.539431142999999613e-01,1.761058206999999848e-02
7.500000000000000000e+03,4.000000000000000000e+02,9.000000000000000222e-01,0.000000000000000000e+00,6.540362202999999708e-01,1.761647503999999934e-02
7.700000000000000000e+03,4.000000000000000000e+02,9.000000000000000222e-01,0.000000000000000000e+00,6.541244592999999607e-01,1.762215153999999867e-02
7.900000000000000000e+03,4.000000000000000000e+02,9.000000000000000222e-01,0.000000000000000000e+00,6.542082012000000057e-01,1.762762573999999971e-02
8.100000000000000000e+03,4.000000000000000000e+02,9.000000000000000222e-01,0.000000000000000000e+00,6.542877795000000551e-01,1.763291053000000039e-02
8.300000000000000000e+03,4.000000000000000000e+02,9.000000000000000222e-01,0.000000000000000000e+00,6.543634954999999476e-01,1.763801766999999882e-02
8.500000000000000000e+03,4.000000000000000000e+02,9.000000000000000222e-01,0.000000000000000000e+00,6.544356223999999722e-01,1.764295789999999892e-02
8.700000000000000000e+03,4.000000000000000000e+02,9.000000000000000222e-01,0.000000000000000000e+00,6.545044081999999985e-01,1.764774105999999954e-02
8.900000000000000000e+03,4.000000000000000000e+02,9.000000000000000222e-01,0.000000000000000000e+00,6.545700785000000410e-01,1.765237617999999842e-02
9.100000000000000000e+03,4.000000000000000000e+02,9.000000000000000222e-01,0.000000000000000000e+00,6.546328393000000467e-01,1.765687155000000147e-02
9.300000000000000000e+03,4.000000000000000000e+02,9.000000000000000222e-01,0.000000000000000000e+00,6.546928788000000443e-01,1.766123483000000063e-02
9.500000000000000000e+03,4.000000000000000000e+02,9.000000000000000222e-01,0.000000000000000000e+00,6.547503693999999763e-01,1.766547309999999885e-02
9.700000000000000000e+03,4.000000000000000000e+02,9.000000000000000222e-01,0.000000000000000000e+00,6.548054692000000454e-01,1.766959288000000128e-02
9.900000000000000000e+03,4.000000000000000000e+02,9.000000000000000222e-01,0.000000000000000000e+00,6.548583236999999668e-01,1.767360022999999933e-02
1.000000000000000000e+03,4.000000000000000000e+02,9.000000000000000222e-01,0.000000000000000000e+00,6.322779913999999613e-01,1.679813147999999895e-02
3.000000000000000000e+03,4.000000000000000000e+02,9.000000000000000222e-01,0.000000000000000000e+00,6.489280693000000211e-01,1.736692920999999973e-02
5.000000000000000000e+03,4.000000000000000000e+02,9.000000000000000222e-01,0.000000000000000000e+00,6.523338258999999972e-01,1.752029323999999832e-02
7.000000000000000000e+03,4.000000000000000000e+02,9.000000000000000222e-01,0.000000000000000000e+00,6.537934168000000268e-01,1.760130206000000072e-02
9.000000000000000000e+03,4.000000000000000000e+02,9.000000000000000222e-01,0.000000000000000000e+00,6.546018104999999920e-01,1.765464083999999934e-02
1.100000000000000000e+04,4.000000000000000000e+02,9.000000000000000222e-01,0.000000000000000000e+00,6.551143805000000375e-01,1.769386363000000073e-02
1.300000000000000000e+04,4.000000000000000000e+02,9.000000000000000222e-01,0.000000000000000000e+00,6.554680253000000345e-01,1.772467285999999864e-02
1.500000000000000000e+04,4.000000000000000000e+02,9.000000000000000222e-01,0.000000000000000000e+00,6.557266147000000434e-01,1.774995097000000091e-02
1.700000000000000000e+04,4.000000000000000000e+02,9.000000000000000222e-01,0.000000000000000000e+00,6.559239221999999536e-01,1.777133929000000029e-02
1.900000000000000000e+04,4.000000000000000000e+02,9.000000000000000222e-01,0.000000000000000000e+00,6.560794668999999635e-01,1.778985413000000113e-02
2.100000000000000000e+04,4.000000000000000000e+02,9.000000000000000222e-01,0.000000000000000000e+00,6.562053064999999741e-01,1.780616533999999918e-02
2.300000000000000000e+04,4.000000000000000000e+02,9.000000000000000222e-01,0.000000000000000000e+00,6.563092863999999693e-01,1.782073619999999942e-02
2.500000000000000000e+04,4.000000000000000000e+02,9.000000000000000222e-01,0.000000000000000000e+00,6.563967278000000238e-01,1.783389964000000119e-02
2.700000000000000000e+04,4.000000000000000000e+02,9.000000000000000222e-01,0.000000000000000000e+00,6.564713653999999510e-01,1.784590255000000070e-02
2.900000000000000000e+04,4.000000000000000000e+02,9.000000000000000222e-01,0.000000000000000000e+00,6.565358960999999605e-01,1.785693281000000007e-02
3.100000000000000000e+04,4.000000000000000000e+02,9.000000000000000222e-01,0.000000000000000000e+00,6.565923150000000375e-01,1.786713654999999915e-02
3.300000000000000000e+04,4.000000000000000000e+02,9.000000000000000222e-01,0.000000000000000000e+00,6.566421291999999799e-01,1.787662958999999829e-02
3.500000000000000000e+04,4.000000000000000000e+02,9.000000000000000222e-01,0.000000000000000000e+00,6.566864977999999908e-01,1.788550522000000031e-02
3.700000000000000000e+04,4.000000000000000000e+02,9.000000000000000222e-01,0.000000000000000000e+00,6.567263265999999655e-01,1.789383962999999828e-02
3.900000000000000000e+04,4.000000000000000000e+02,9.000000000000000222e-01,0.000000000000000000e+00,6.567623333000000008e-01,1.790169584999999966e-02
4.100000000000000000e+04,4.000000000000000000e+02,9.000000000000000222e-01,0.000000000000000000e+00,6.567950935999999906e-01,1.790912655999999867e-02
4.300000000000000000e+04,4.000000000000000000e+02,9.000000000000000222e-01,0.000000000000000000e+00,6.568250749999999805e-01,1.791617628000000129e-02
4.500000000000000000e+04,4.000000000000000000e+02,9.000000000000000222e-01,0.000000000000000000e+00,6.568526601999999937e-01,1.792288288999999840e-02
4.700000000000000000e+04,4.000000000000000000e+02,9.000000000000000222e-01,0.000000000000000000e+00,6.568781661000000494e-01,1.792927897000000034e-02
4.900000000000000000e+04,4.000000000000000000e+02,9.000000000000000222e-01,0.000000000000000000e+00,6.569018568000000169e-01,1.793539264999999966e-02
5.100000000000000000e+04,4.000000000000000000e+02,9.000000000000000222e-01,0.000000000000000000e+00,6.569239542999999459e-01,1.794124844999999899e-02
5.300000000000000000e+04,4.000000000000000000e+02,9.000000000000000222e-01,0.000000000000000000e+00,6.569446464999999513e-01,1.794686783000000105e-02
5.500000000000000000e+04,4.000000000000000000e+02,9.000000000000000222e-01,0.000000000000000000e+00,6.569640933000000516e-01,1.795226969999999880e-02
5.700000000000000000e+04,4.000000000000000000e+02,9.000000000000000222e-01,0.000000000000000000e+00,6.569824319000000523e-01,1.795747079999999996e-02
5.900000000000000000e+04,4.000000000000000000e+02,9.000000000000000222e-01,0.000000000000000000e+00,6.569997803999999553e-01,1.796248598999999890e-02
6.100000000000000000e+04,4.000000000000000000e+02,9.000000000000000222e-01,0.000000000000000000e+00,6.570162410000000008e-01,1.796732858000000058e-02
6.300000000000000000e+04,4.000000000000000000e+02,9.000000000000000222e-01,0.000000000000000000e+00,6.570319025999999951e-01,1.797201048999999898e-02
6.500000000000000000e+04,4.000000000000000000e+02,9.000000000000000222e-01,0.000000000000000000e+00,6.570468431000000553e-01,1.797654243999999985e-02
6.700000000000000000e+04,4.000000000000000000e+02,9.000000000000000222e-01,0.000000000000000000e+00,6.570611307000000512e-01,1.798093413000000085e-02
6.900000000000000000e+04,4.000000000000000000e+02,9.000000000000000222e-01,0.000000000000000000e+00,6.570748254999999594e-01,1.798519433999999986e-02
7.100000000000000000e+04,4.000000000000000000e+02,9.000000000000000222e-01,0.000000000000000000e+00,6.570879805999999546e-01,1.798933105999999879e-02
7.300000000000000000e+04,4.000000000000000000e+02,9.000000000000000222e-01,0.000000000000000000e+00,6.571006431999999453e-01,1.799335158000000059e-02
7.500000000000000000e+04,4.000000000000000000e+02,9.000000000000000222e-01,0.000000000000000000e+00,6.571128552999999650e-01,1.799726255000000039e-02
7.700000000000000000e+04,4.000000000000000000e+02,9.000000000000000222e-01,0.000000000000000000e+00,6.571246544000000078e-01,1.800107008000000064e-02
7.900000000000000000e+04,4.000000000000000000e+02,9.000000000000000222e-01,0.000000000000000000e+00,6.571360740999999672e-01,1.800477976999999979e-02
8.100000000000000000e+04,4.000000000000000000e+02,9.000000000000000222e-01,0.000000000000000000e+00,6.571471443999999940e-01,1.800839678000000152e-02
8.300000000000000000e+04,4.000000000000000000e+02,9.000000000000000222e-01,0.000000000000000000e+00,6.571578927000000236e-01,1.801192589999999968e-02
8.500000000000000000e+04,4.000000000000000000e+02,9.000000000000000222e-01,0.000000000000000000e+00,6.571683431999999492e-01,1.801537150999999934e-02
8.700000000000000000e+04,4.000000000000000000e+02,9.000000000000000222e-01,0.000000000000000000e+00,6.571785182999999586e-01,1.801873772000000054e-02
8.900000000000000000e+04,4.000000000000000000e+02,9.000000000000000222e-01,0.000000000000000000e+00,6.571884380000000414e-01,1.802202831000000033e-02
9.100000000000000000e+04,4.000000000000000000e+02,9.000000000000000222e-01,0.000000000000000000e+00,6.571981206000000464e-01,1.802524680999999934e-02
9.300000000000000000e+04,4.000000000000000000e+02,9.000000000000000222e-01,0.000000000000000000e+00,6.572075828000000230e-01,1.802839650999999918e-02
9.500000000000000000e+04,4.000000000000000000e+02,9.000000000000000222e-01,0.000000000000000000e+00,6.572168395999999913e-01,1.803148048000000059e-02
9.700000000000000000e+04,4.000000000000000000e+02,9.000000000000000222e-01,0.000000000000000000e+00,6.572259051000000074e-01,1.803450158000000081e-02
9.900000000000000000e+04,4.000000000000000000e+02,9.000000000000000222e-01,0.000000000000000000e+00,6.572347917999999956e-01,1.803746250000000037e-02
1.000000000000000000e+04,4.000000000000000000e+02,9.000000000000000222e-01,0.000000000000000000e+00,6.548839511999999807e-01,1.767556351999999970e-02
3.000000000000000000e+04,4.000000000000000000e+02,9.000000000000000222e-01,0.000000000000000000e+00,6.565650158000000403e-01,1.786213014999999890e-02
5.000000000000000000e+04,4.000000000000000000e+02,9.000000000000000222e-01,0.000000000000000000e+00,6.569130922999999456e-01,1.793835137999999843e-02
7.000000000000000000e+04,4.000000000000000000e+02,9.000000000000000222e-01,0.000000000000000000e+00,6.570814673999999522e-01,1.798727766999999936e-02
9.000000000000000000e+04,4.000000000000000000e+02,9.000000000000000222e-01,0.000000000000000000e+00,6.571933078999999678e-01,1.802364635999999937e-02
1.100000000000000000e+05,4.000000000000000000e+02,9.000000000000000222e-01,0.000000000000000000e+00,6.572809509000000494e-01,1.805277690000000115e-02
1.300000000000000000e+05,4.000000000000000000e+02,9.000000000000000222e-01,0.000000000000000000e+00,6.573563647000000287e-01,1.807719495000000010e-02
1.500000000000000000e+05,4.000000000000000000e+02,9.000000000000000222e-01,0.000000000000000000e+00,6.574249184999999551e-01,1.809829901999999990e-02
1.700000000000000000e+05,4.000000000000000000e+02,9.000000000000000222e-01,0.000000000000000000e+00,6.574893410000000049e-01,1.811694482999999870e-02
1.900000000000000000e+05,4.000000000000000000e+02,9.000000000000000222e-01,0.000000000000000000e+00,6.575511463000000001e-01,1.813369416999999900e-02
2.100000000000000000e+05,4.000000000000000000e+02,9.000000000000000222e-01,0.000000000000000000e+00,6.576112315000000041e-01,1.814893580999999909e-02
2.300000000000000000e+05,4.000000000000000000e+02,9.000000000000000222e-01,0.000000000000000000e+00,6.576701548000000175e-01,1.816294993999999913e-02
2.500000000000000000e+05,4.000000000000000000e+02,9.000000000000000222e-01,0.000000000000000000e+00,6.577282784000000326e-01,1.817594520999999894e-02
2.700000000000000000e+05,4.000000000000000000e+02,9.000000000000000222e-01,0.000000000000000000e+00,6.577858439999999529e-01,1.818808115000000031e-02
2.900000000000000000e+05,4.000000000000000000e+02,9.000000000000000222e-01,0.000000000000000000e+00,6.578430180000000016e-01,1.819948252000000086e-02
3.100000000000000000e+05,4.000000000000000000e+02,9.000000000000000222e-01,0.000000000000000000e+00,6.578999168000000397e-01,1.821024871000000156e-02
3.300000000000000000e+05,4.000000000000000000e+02,9.000000000000000222e-01,0.000000000000000000e+00,6.579566234999999486e-01,1.822046017999999837e-02
3.500000000000000000e+05,4.000000000000000000e+02,9.000000000000000222e-01,0.000000000000000000e+00,6.580131983000000462e-01,1.823018300000000050e-02
3.700000000000000000e+05,4.000000000000000000e+02,9.000000000000000222e-01,0.000000000000000000e+00,6.580696851999999764e-01,1.823947206999999848e-02
3.900000000000000000e+05,4.000000000000000000e+02,9.000000000000000222e-01,0.000000000000000000e+00,6.581261169000000022e-01,1.824837353000000051e-02
4.100000000000000000e+05,4.000000000000000000e+02,9.000000000000000222e-01,0.000000000000000000e+00,6.581825174000000001e-01,1.825692652000000110e-02
4.300000000000000000e+05,4.000000000000000000e+02,9.000000000000000222e-01,0.000000000000000000e+00,6.582389050000000408e-01,1.826516451000000096e-02
4.500000000000000000e+05,4.000000000000000000e+02,9.000000000000000222e-01,0.000000000000000000e+00,6.582952931000000119e-01,1.827311636000000100e-02
4.700000000000000000e+05,4.000000000000000000e+02,9.000000000000000222e-01,0.000000000000000000e+00,6.583516918999999801e-01,1.828080715999999897e-02
4.900000000000000000e+05,4.000000000000000000e+02,9.000000000000000222e-01,0.000000000000000000e+00,6.584081090000000192e-01,1.828825879000000112e-02
5.100000000000000000e+05,4.000000000000000000e+02,9.000000000000000222e-01,0.000000000000000000e+00,6.584645500000000373e-01,1.829549051999999898e-02
5.300000000000000000e+05,4.000000000000000000e+02,9.000000000000000222e-01,0.000000000000000000e+00,6.585210189000000325e-01,1.830251935000000094e-02
5.500000000000000000e+05,4.000000000000000000e+02,9.000000000000000222e-01,0.000000000000000000e+00,6.585775187000000308e-01,1.830936039000000126e-02
5.700000000000000000e+05,4.000000000000000000e+02,9.000000000000000222e-01,0.000000000000000000e+00,6.586340513999999757e-01,1.831602712999999896e-02
5.900000000000000000e+05,4.000000000000000000e+02,9.000000000000000222e-01,0.000000000000000000e+00,6.586906182999999748e-01,1.832253161999999880e-02
6.100000000000000000e+05,4.000000000000000000e+02,9.000000000000000222e-01,0.000000000000000000e+00,6.587472203999999998e-01,1.832888473999999893e-02
6.300000000000000000e+05,4.000000000000000000e+02,9.000000000000000222e-01,0.000000000000000000e+00,6.588038578999999562e-01,1.833509627000000017e-02
6.500000000000000000e+05,4.000000000000000000e+02,9.000000000000000222e-01,0.000000000000000000e+00,6.588605307999999550e-01,1.834117509999999909e-02
6.700000000000000000e+05,4.000000000000000000e+02,9.000000000000000222e-01,0.000000000000000000e+00,6.589172390999999962e-01,1.834712928999999992e-02
6.900000000000000000e+05,4.000000000000000000e+02,9.000000000000000222e-01,0.000000000000000000e+00,6.589739823000000385e-01,1.835296617999999935e-02
7.100000000000000000e+05,4.000000000000000000e+02,9.000000000000000222e-01,0.000000000000000000e+00,6.590307598000000322e-01,1.835869248999999828e-02
7.300000000000000000e+05,4.000000000000000000e+02,9.000000000000000222e-01,0.000000000000000000e+00,6.590875711000000470e-01,1.836431436999999903e-02
7.500000000000000000e+05,4.000000000000000000e+02,9.000000000000000222e-01,0.000000000000000000e+00,6.591444153000000084e-01,1.836983747000000070e-02
7.700000000000000000e+05,4.000000000000000000e+02,9.000000000000000222e-01,0.000000000000000000e+00,6.592012916999999694e-01,1.837526700000000068e-02
7.900000000000000000e+05,4.000000000000000000e+02,9.000000000000000222e-01,0.000000000000000000e+00,6.592581993999999668e-01,1.838060776000000063e-02
8.100000000000000000e+05,4.000000000000000000e+02,9.000000000000000222e-01,0.000000000000000000e+00,6.593151376000000452e-01,1.838586416999999848e-02
8.300000000000000000e+05,4.000000000000000000e+02,9.000000000000000222e-01,0.000000000000000000e+00,6.593721053000000110e-01,1.839104037000000025e-02
8.500000000000000000e+05,4.000000000000000000e+02,9.000000000000000222e-01,0.000000000000000000e+00,6.594291017000000199e-01,1.839614015000000033e-02
8.700000000000000000e+05,4.000000000000000000e+02,9.000000000000000222e-01,0.000000000000000000e+00,6.594861258999999976e-01,1.840116709000000003e-02
8.900000000000000000e+05,4.000000000000000000e+02,9.000000000000000222e-01,0.000000000000000000e+00,6.595431769999999805e-01,1.840612447000000013e-02
9.100000000000000000e+05,4.000000000000000000e+02,9.000000000000000222e-01,0.000000000000000000e+00,6.596002542000000135e-01,1.841101539000000037e-02
9.300000000000000000e+05,4.000000000000000000e+02,9.000000000000000222e-01,0.000000000000000000e+00,6.596573564000000056e-01,1.841584272999999966e-02
9.500000000000000000e+05,4.000000000000000000e+02,9.000000000000000222e-01,0.000000000000000000e+00,6.597144830000000182e-01,1.842060918999999936e-02
9.700000000000000000e+05,4.000000000000000000e+02,9.000000000000000222e-01,0.000000000000000000e+00,6.597716329999999685e-01,1.842531730000000062e-02
9.900000000000000000e+05,4.000000000000000000e+02,9.000000000000000222e-01,0.000000000000000000e+00,6.598288056000000124e-01,1.842996942999999832e-02
1.000000000000000000e+05,4.000000000000000000e+02,9.000000000000000222e-01,0.000000000000000000e+00,6.572391718000000216e-01,1.803892119000000127e-02
3.000000000000000000e+05,4.000000000000000000e+02,9.000000000000000222e-01,0.000000000000000000e+00,6.578714959999999445e-01,1.820493960000000092e-02
5.000000000000000000e+05,4.000000000000000000e+02,9.000000000000000222e-01,0.000000000000000000e+00,6.584363262000000327e-01,1.829190102999999831e-02
7.000000000000000000e+05,4.000000000000000000e+02,9.000000000000000222e-01,0.000000000000000000e+00,6.590023668000000168e-01,1.835584276000000112e-02
9.000000000000000000e+05,4.000000000000000000e+02,9.000000000000000222e-01,0.000000000000000000e+00,6.595717124000000098e-01,1.840857804999999903e-02
1.100000000000000000e+06,4.000000000000000000e+02,9.000000000000000222e-01,0.000000000000000000e+00,6.601436255000000530e-01,1.845464906000000155e-02
1.300000000000000000e+06,4.000000000000000000e+02,9.000000000000000222e-01,0.000000000000000000e+00,6.607173399000000336e-01,1.849629012999999891e-02
1.500000000000000000e+06,4.000000000000000000e+02,9.000000000000000222e-01,0.000000000000000000e+00,6.612922772999999532e-01,1.853476735999999916e-02
1.700000000000000000e+06,4.000000000000000000e+02,9.000000000000000222e-01,0.000000000000000000e+00,6.618680164000000365e-01,1.857086822000000165e-02
1.900000000000000000e+06,4.000000000000000000e+02,9.000000000000000222e-01,0.000000000000000000e+00,6.624442468000000250e-01,1.860511611000000010e-02
2.100000000000000000e+06,4.000000000000000000e+02,9.000000000000000222e-01,0.000000000000000000e+00,6.630207361000000077e-01,1.863787667999999842e-02
2.300000000000000000e+06,4.000000000000000000e+02,9.000000000000000222e-01,0.000000000000000000e+00,6.635973061000000062e-01,1.866941553000000045e-02
2.500000000000000000e+06,4.000000000000000000e+02,9.000000000000000222e-01,0.000000000000000000e+00,6.641738184000000045e-01,1.869993166999999942e-02
2.700000000000000000e+06,4.000000000000000000e+02,9.000000000000000222e-01,0.000000000000000000e+00,6.647501631000000133e-01,1.872957809000000071e-02
2.900000000000000000e+06,4.000000000000000000e+02,9.000000000000000222e-01,0.000000000000000000e+00,6.653262518000000458e-01,1.875847497000000114e-02
3.100000000000000000e+06,4.000000000000000000e+02,9.000000000000000222e-01,0.000000000000000000e+00,6.659020127000000455e-01,1.878671842000000092e-02
3.300000000000000000e+06,4.000000000000000000e+02,9.000000000000000222e-01,0.000000000000000000e+00,6.664773863999999826e-01,1.881438653999999849e-02
3.500000000000000000e+06,4.000000000000000000e+02,9.000000000000000222e-01,0.000000000000000000e+00,6.670523235999999967e-01,1.884154362999999888e-02
3.700000000000000000e+06,4.000000000000000000e+02,9.000000000000000222e-01,0.000000000000000000e+00,6.676267831000000097e-01,1.886824327999999870e-02
3.900000000000000000e+06,4.000000000000000000e+02,9.000000000000000222e-01,0.000000000000000000e+00,6.682007295999999874e-01,1.889453064000000057e-02
4.100000000000000000e+06,4.000000000000000000e+02,9.000000000000000222e-01,0.000000000000000000e+00,6.687741334000000260e-01,1.892044408999999858e-02
4.300000000000000000e+06,4.000000000000000000e+02,9.000000000000000222e-01,0.000000000000000000e+00,6.693469687999999973e-01,1.894601653999999913e-02
4.500000000000000000e+06,4.000000000000000000e+02,9.000000000000000222e-01,0.000000000000000000e+00,6.699192137999999686e-01,1.897127640000000059e-02
4.700000000000000000e+06,4.000000000000000000e+02,9.000000000000000222e-01,0.000000000000000000e+00,6.704908492000000164e-01,1.899624840999999953e-02
4.900000000000000000e+06,4.000000000000000000e+02,9.000000000000000222e-01,0.000000000000000000e+00,6.710618583999999887e-01,1.902095422000000050e-02
5.100000000000000000e+06,4.000000000000000000e+02,9.000000000000000222e-01,0.000000000000000000e+00,6.716322268000000095e-01,1.904541288999999846e-02
5.300000000000000000e+06,4.000000000000000000e+02,9.000000000000000222e-01,0.000000000000000000e+00,6.722019417000000274e-01,1.906964126999999981e-02
5.500000000000000000e+06,4.000000000000000000e+02,9.000000000000000222e-01,0.000000000000000000e+00,6.727709919000000038e-01,1.909365437999999832e-02
5.700000000000000000e+06,4.000000000000000000e+02,9.000000000000000222e-01,0.000000000000000000e+00,6.733393675000000078e-01,1.911746560999999858e-02
5.900000000000000000e+06,4.000000000000000000e+02,9.000000000000000222e-01,0.000000000000000000e+00,6.739070597999999856e-01,1.914108699000000025e-02
6.100000000000000000e+06,4.000000000000000000e+02,9.000000000000000222e-01,0.000000000000000000e+00,6.744740609999999581e-01,1.916452933999999997e-02
6.300000000000000000e+06,4.000000000000000000e+02,9.000000000000000222e-01,0.000000000000000000e+00,6.750403644000000369e-01,1.918780244999999940e-02
6.500000000000000000e+06,4.000000000000000000e+02,9.000000000000000222e-01,0.000000000000000000e+00,6.756059638000000422e-01,1.921091520000000122e-02
6.700000000000000000e+06,4.000000000000000000e+02,9.000000000000000222e-01,0.000000000000000000e+00,6.761708537999999713e-01,1.923387566000000007e-02
6.900000000000000000e+06,4.000000000000000000e+02,9.000000000000000222e-01,0.000000000000000000e+00,6.767350297999999986e-01,1.925669119999999859e-02
7.100000000000000000e+06,4.000000000000000000e+02,9.000000000000000222e-01,0.000000000000000000e+00,6.772984874999999905e-01,1.927936855999999935e-02
7.300000000000000000e+06,4.000000000000000000e+02,9.000000000000000222e-01,0.000000000000000000e+00,6.778612230999999655e-01,1.930191393000000102e-02
7.500000000000000000e+06,4.000000000000000000e+02,9.000000000000000222e-01,0.000000000000000000e+00,6.784232332999999837e-01,1.932433299999999909e-02
7.700000000000000000e+06,4.000000000000000000e+02,9.000000000000000222e-01,0.000000000000000000e+00,6.789845151000000190e-01,1.934663101000000038e-02
7.900000000000000000e+06,4.000000000000000000e+02,9.000000000000000222e-01,0.000000000000000000e+00,6.795450659999999754e-01,1.936881281000000024e-02
8.100000000000000000e+06,4.000000000000000000e+02,9.000000000000000222e-01,0.000000000000000000e+00,6.801048836999999958e-01,1.939088288999999896e-02
8.300000000000000000e+06,4.000000000000000000e+02,9.000000000000000222e-01,0.000000000000000000e+00,6.806639662000000257e-01,1.941284541000000072e-02
8.500000000000000000e+06,4.000000000000000000e+02,9.000000000000000222e-01,0.000000000000000000e+00,6.812223116000000189e-01,1.943470425000000043e-02
8.700000000000000000e+06,4.000000000000000000e+02,9.000000000000000222e-01,0.000000000000000000e+00,6.817799185999999789e-01,1.945646301000000106e-02
8.900000000000000000e+06,4.000000000000000000e+02,9.000000000000000222e-01,0.000000000000000000e+00,6.823367858000000119e-01,1.947812506000000041e-02
9.100000000000000000e+06,4.000000000000000000e+02,9.000000000000000222e-01,0.000000000000000000e+00,6.828929122000000351e-01,1.949969353000000072e-02
9.300000000000000000e+06,4.000000000000000000e+02,9.000000000000000222e-01,0.000000000000000000e+00,6.834482966999999576e-01,1.952117138000000057e-02
9.500000000000000000e+06,4.000000000000000000e+02,9.000000000000000222e-01,0.000000000000000000e+00,6.840029386000000544e-01,1.954256135999999852e-02
9.700000000000000000e+06,4.000000000000000000e+02,9.000000000000000222e-01,0.000000000000000000e+00,6.845568373000000539e-01,1.956386606000000070e-02
9.900000000000000000e+06,4.000000000000000000e+02,9.000000000000000222e-01,0.000000000000000000e+00,6.851099922000000175e-01,1.958508792000000082e-02
1.000000000000000000e+06,4.000000000000000000e+02,9.000000000000000222e-01,0.000000000000000000e+00,6.598574002000000549e-01,1.843227521000000146e-02
3.000000000000000000e+06,4.000000000000000000e+02,9.000000000000000222e-01,0.000000000000000000e+00,6.656141772000000456e-01,1.877267313000000049e-02
5.000000000000000000e+06,4.000000000000000000e+02,9.000000000000000222e-01,0.000000000000000000e+00,6.713471235000000314e-01,1.903321335000000142e-02
7.000000000000000000e+06,4.000000000000000000e+02,9.000000000000000222e-01,0.000000000000000000e+00,6.770168487000000068e-01,1.926804676000000091e-02
9.000000000000000000e+06,4.000000000000000000e+02,9.000000000000000222e-01,0.000000000000000000e+00,6.826149417000000330e-01,1.948892080000000013e-02
1.100000000000000000e+07,4.000000000000000000e+02,9.000000000000000222e-01,0.000000000000000000e+00,6.881390397000000103e-01,1.970042350999999872e-02
1.300000000000000000e+07,4.000000000000000000e+02,9.000000000000000222e-01,0.000000000000000000e+00,6.935887733000000166e-01,1.990484945000000130e-02
1.500000000000000000e+07,4.000000000000000000e+02,9.000000000000000222e-01,0.000000000000000000e+00,6.989646068000000545e-01,2.010352547000000129e-02
1.700000000000000000e+07,4.000000000000000000e+02,9.000000000000000222e-01,0.000000000000000000e+00,7.042674017000000175e-01,2.029729783000000162e-02
1.900000000000000000e+07,4.000000000000000000e+02,9.000000000000000222e-01,0.000000000000000000e+00,7.094982226999999586e-01,2.048674643000000101e-02
2.100000000000000000e+07,4.000000000000000000e+02,9.000000000000000222e-01,0.000000000000000000e+00,7.146582407999999553e-01,2.067229123000000057e-02
2.300000000000000000e+07,4.000000000000000000e+02,9.000000000000000222e-01,0.000000000000000000e+00,7.197486805999999682e-01,2.085425012000000078e-02
2.500000000000000000e+07,4.000000000000000000e+02,9.000000000000000222e-01,0.000000000000000000e+00,7.247707905000000395e-01,2.103287260999999950e-02
2.700000000000000000e+07,4.000000000000000000e+02,9.000000000000000222e-01,0.000000000000000000e+00,7.297258240999999757e-01,2.120836053000000124e-02
2.900000000000000000e+07,4.000000000000000000e+02,9.000000000000000222e-01,0.000000000000000000e+00,7.346150292999999998e-01,2.138088130999999878e-02
3.100000000000000000e+07,4.000000000000000000e+02,9.000000000000000222e-01,0.000000000000000000e+00,7.394396410000000364e-01,2.155057692000000164e-02
3.300000000000000000e+07,4.000000000000000000e+02,9.000000000000000222e-01,0.000000000000000000e+00,7.442008761999999722e-01,2.171756991000000150e-02
3.500000000000000000e+07,4.000000000000000000e+02,9.000000000000000222e-01,0.000000000000000000e+00,7.488999316000000128e-01,2.188196778000000078e-02
3.700000000000000000e+07,4.000000000000000000e+02,9.000000000000000222e-01,0.000000000000000000e+00,7.535379814999999537e-01,2.204386608999999927e-02
3.900000000000000000e+07,4.000000000000000000e+02,9.000000000000000222e-01,0.000000000000000000e+00,7.581161764999999608e-01,2.220335080000000044e-02
4.100000000000000000e+07,4.000000000000000000e+02,9.000000000000000222e-01,0.000000000000000000e+00,7.626356429999999742e-01,2.236049996999999942e-02
4.300000000000000000e+07,4.000000000000000000e+02,9.000000000000000222e-01,0.000000000000000000e+00,7.670974831000000327e-01,2.251538511999999839e-02
4.500000000000000000e+07,4.000000000000000000e+02,9.000000000000000222e-01,0.000000000000000000e+00,7.715027744000000354e-01,2.266807226999999897e-02
4.700000000000000000e+07,4.000000000000000000e+02,9.000000000000000222e-01,0.000000000000000000e+00,7.758525701999999802e-01,2.281862276000000064e-02
4.900000000000000000e+07,4.000000000000000000e+02,9.000000000000000222e-01,0.000000000000000000e+00,7.801478995999999722e-01,2.296709389000000170e-02
5.100000000000000000e+07,4.000000000000000000e+02,9.000000000000000222e-01,0.000000000000000000e+00,7.843897681999999483e-01,2.311353945999999882e-02
5.300000000000000000e+07,4.000000000000000000e+02,9.000000000000000222e-01,0.000000000000000000e+00,7.885791583000000271e-01,2.325801018000000012e-02
5.500000000000000000e+07,4.000000000000000000e+02,9.000000000000000222e-01,0.000000000000000000e+00,7.927170293999999950e-01,2.340055404000000033e-02
5.700000000000000000e+07,4.000000000000000000e+02,9.000000000000000222e-01,0.000000000000000000e+00,7.968043186000000055e-01,2.354121663000000031e-02
5.900000000000000000e+07,4.000000000000000000e+02,9.000000000000000222e-01,0.000000000000000000e+00,8.008419413999999792e-01,2.368004132999999845e-02
6.100000000000000000e+07,4.000000000000000000e+02,9.000000000000000222e-01,0.000000000000000000e+00,8.048307918999999533e-01,2.381706956999999833e-02
6.300000000000000000e+07,4.000000000000000000e+02,9.000000000000000222e-01,0.000000000000000000e+00,8.087717434000000205e-01,2.395234099000000116e-02
6.500000000000000000e+07,4.000000000000000000e+02,9.000000000000000222e-01,0.000000000000000000e+00,8.126656491999999510e-01,2.408589356999999917e-02
6.700000000000000000e+07,4.000000000000000000e+02,9.000000000000000222e-01,0.000000000000000000e+00,8.165133426999999777e-01,2.421776381000000089e-02
6.900000000000000000e+07,4.000000000000000000e+02,9.000000000000000222e-01,0.000000000000000000e+00,8.203156381999999747e-01,2.434798682000000047e-02
7.100000000000000000e+07,4.000000000000000000e+02,9.000000000000000222e-01,0.000000000000000000e+00,8.240733311000000283e-01,2.447659643000000065e-02
7.300000000000000000e+07,4.000000000000000000e+02,9.000000000000000222e-01,0.000000000000000000e+00,8.277871990999999818e-01,2.460362525000000036e-02
7.500000000000000000e+07,4.000000000000000000e+02,9.000000000000000222e-01,0.000000000000000000e+00,8.314580016000000517e-01,2.472910478000000037e-02
7.700000000000000000e+07,4.000000000000000000e+02,9.000000000000000222e-01,0.000000000000000000e+00,8.350864811999999526e-01,2.485306550000000031e-02
7.900000000000000000e+07,4.000000000000000000e+02,9.000000000000000222e-01,0.000000000000000000e+00,8.386733634999999909e-01,2.497553686999999870e-02
8.100000000000000000e+07,4.000000000000000000e+02,9.000000000000000222e-01,0.000000000000000000e+00,8.422193578000000125e-01,2.509654743999999854e-02
8.300000000000000000e+07,4.000000000000000000e+02,9.000000000000000222e-01,0.000000000000000000e+00,8.457251578000000158e-01,2.521612489000000026e-02
8.500000000000000000e+07,4.000000000000000000e+02,9.000000000000000222e-01,0.000000000000000000e+00,8.491914413000000161e-01,2.533429607000000153e-02
8.700000000000000000e+07,4.000000000000000000e+02,9.000000000000000222e-01,0.000000000000000000e+00,8.526188713000000252e-01,2.545108701999999889e-02
8.900000000000000000e+07,4.000000000000000000e+02,9.000000000000000222e-01,0.000000000000000000e+00,8.560080962999999654e-01,2.556652306999999957e-02
9.100000000000000000e+07,4.000000000000000000e+02,9.000000000000000222e-01,0.000000000000000000e+00,8.593597501999999944e-01,2.568062881000000158e-02
9.300000000000000000e+07,4.000000000000000000e+02,9.000000000000000222e-01,0.000000000000000000e+00,8.626744533000000326e-01,2.579342815999999955e-02
9.500000000000000000e+07,4.000000000000000000e+02,9.000000000000000222e-01,0.000000000000000000e+00,8.659528123999999938e-01,2.590494440000000106e-02
9.700000000000000000e+07,4.000000000000000000e+02,9.000000000000000222e-01,0.000000000000000000e+00,8.691954209000000153e-01,2.601520019000000059e-02
9.900000000000000000e+07,4.000000000000000000e+02,9.000000000000000222e-01,0.000000000000000000e+00,8.724028597999999857e-01,2.612421757000000025e-02
1.000000000000000000e+07,4.000000000000000000e+02,9.000000000000000222e-01,0.000000000000000000e+00,6.853862907000000115e-01,1.959566851000000068e-02
3.000000000000000000e+07,4.000000000000000000e+02,9.000000000000000222e-01,0.000000000000000000e+00,7.370353327999999982e-01,2.146607421000000168e-02
5.000000000000000000e+07,4.000000000000000000e+02,9.000000000000000222e-01,0.000000000000000000e+00,7.822754546000000309e-01,2.304056662999999852e-02
7.000000000000000000e+07,4.000000000000000000e+02,9.000000000000000222e-01,0.000000000000000000e+00,8.222000108999999446e-01,2.441249124000000048e-02
9.000000000000000000e+07,4.000000000000000000e+02,9.000000000000000222e-01,0.000000000000000000e+00,8.576885804999999641e-01,2.562374071999999961e-02
1.000000000000000000e+08,4.000000000000000000e+02,9.000000000000000222e-01,0.000000000000000000e+00,8.739935688000000091e-01,2.617826859000000131e-02
