# pressure,temperature,f1,f2,molkg1,molkg2
1.000000000000000000e+00,4.000000000000000000e+02,8.000000000000000444e-01,1.000000000000000056e-01,1.395371408999999951e-02,1.665607364999999998e-03
3.000000000000000000e+00,4.000000000000000000e+02,8.000000000000000444e-01,1.000000000000000056e-01,4.001047519999999941e-02,4.776716274999999630e-03
5.000000000000000000e+00,4.000000000000000000e+02,8.000000000000000444e-01,1.000000000000000056e-01,6.386079525000000479e-02,7.625368541999999993e-03
7.000000000000000000e+00,4.000000000000000000e+02,8.000000000000000444e-01,1.000000000000000056e-01,8.577347981999999815e-02,1.024349870999999995e-02
9.000000000000000000e+00,4.000000000000000000e+02,8.000000000000000444e-01,1.000000000000000056e-01,1.059753771000000039e-01,1.265805981999999948e-02
1.100000000000000000e+01,4.000000000000000000e+02,8.000000000000000444e-01,1.000000000000000056e-01,1.246592566000000041e-01,1.489195848999999919e-02
1.300000000000000000e+01,4.000000000000000000e+02,8.000000000000000444e-01,1.000000000000000056e-01,1.419899766000000119e-01,1.696478696999999952e-02
1.500000000000000000e+01,4.000000000000000000e+02,8.000000000000000444e-01,1.000000000000000056e-01,1.581093593000000019e-01,1.889340176000000107e-02
1.700000000000000000e+01,4.000000000000000000e+02,8.000000000000000444e-01,1.000000000000000056e-01,1.731400784999999887e-01,2.069238513000000099e-02
1.900000000000000000e+01,4.000000000000000000e+02,8.000000000000000444e-01,1.000000000000000056e-01,1.871887856999999988e-01,2.237441625000000101e-02
2.100000000000000000e+01,4.000000000000000000e+02,8.000000000000000444e-01,1.000000000000000056e-01,2.003486431000000012e-01,2.395057189999999850e-02
2.300000000000000000e+01,4.000000000000000000e+02,8.000000000000000444e-01,1.000000000000000056e-01,2.127013909000000091e-01,2.543057191000000147e-02
2.500000000000000000e+01,4.000000000000000000e+02,8.000000000000000444e-01,1.000000000000000056e-01,2.243190452999999918e-01,2.682298086000000151e-02
2.700000000000000000e+01,4.000000000000000000e+02,8.000000000000000444e-01,1.000000000000000056e-01,2.352653033000000060e-01,2.813537480000000146e-02
2.900000000000000000e+01,4.000000000000000000e+02,8.000000000000000444e-01,1.000000000000000056e-01,2.455967096999999988e-01,2.937447988999999926e-02
3.100000000000000000e+01,4.000000000000000000e+02,8.000000000000000444e-01,1.000000000000000056e-01,2.553636336999999812e-01,3.054628838999999887e-02
3.300000000000000000e+01,4.000000000000000000e+02,8.000000000000000444e-01,1.000000000000000056e-01,2.646110897000000239e-01,3.165615608999999830e-02
3.500000000000000000e+01,4.000000000000000000e+02,8.000000000000000444e-01,1.000000000000000056e-01,2.733794299999999788e-01,3.270888470000000298e-02
3.700000000000000000e+01,4.000000000000000000e+02,8.000000000000000444e-01,1.000000000000000056e-01,2.817049336999999931e-01,3.370879169999999730e-02
3.900000000000000000e+01,4.000000000000000000e+02,8.000000000000000444e-01,1.000000000000000056e-01,2.896203075000000071e-01,3.465976988999999731e-02
4.100000000000000000e+01,4.000000000000000000e+02,8.000000000000000444e-01,1.000000000000000056e-01,2.971551150000000252e-01,3.556533837999999864e-02
4.300000000000000000e+01,4.000000000000000000e+02,8.000000000000000444e-01,1.000000000000000056e-01,3.043361453999999799e-01,3.642868638999999936e-02
4.500000000000000000e+01,4.000000000000000000e+02,8.000000000000000444e-01,1.000000000000000056e-01,3.111877315000000088e-01,3.725271105999999888e-02
4.700000000000000000e+01,4.000000000000000000e+02,8.000000000000000444e-01,1.000000000000000056e-01,3.177320249000000207e-01,3.804005010000000020e-02
4.900000000000000000e+01,4.000000000000000000e+02,8.000000000000000444e-01,1.000000000000000056e-01,3.239892348999999783e-01,3.879311027000000023e-02
5.100000000000000000e+01,4.000000000000000000e+02,8.000000000000000444e-01,1.000000000000000056e-01,3.299778371000000043e-01,3.951409205999999869e-02
5.300000000000000000e+01,4.000000000000000000e+02,8.000000000000000444e-01,1.000000000000000056e-01,3.357147550999999841e-01,4.020501138000000252e-02
5.500000000000000000e+01,4.000000000000000000e+02,8.000000000000000444e-01,1.000000000000000056e-01,3.412155204000000275e-01,4.086771850999999789e-02
5.700000000000000000e+01,4.000000000000000000e+02,8.000000000000000444e-01,1.000000000000000056e-01,3.464944122999999987e-01,4.150391476999999718e-02
5.900000000000000000e+01,4.000000000000000000e+02,8.000000000000000444e-01,1.000000000000000056e-01,3.515645819000000061e-01,4.211516720999999852e-02
6.100000000000000000e+01,4.000000000000000000e+02,8.000000000000000444e-01,1.000000000000000056e-01,3.564381610999999839e-01,4.270292164000000223e-02
6.300000000000000000e+01,4.000000000000000000e+02,8.000000000000000444e-01,1.000000000000000056e-01,3.611263598000000186e-01,4.326851411000000314e-02
6.500000000000000000e+01,4.000000000000000000e+02,8.000000000000000444e-01,1.000000000000000056e-01,3.656395513999999847e-01,4.381318114999999819e-02
6.700000000000000000e+01,4.000000000000000000e+02,8.000000000000000444e-01,1.000000000000000056e-01,3.699873498999999843e-01,4.433806886000000308e-02
6.900000000000000000e+01,4.000000000000000000e+02,8.000000000000000444e-01,1.000000000000000056e-01,3.741786777000000175e-01,4.484424104000000327e-02
7.100000000000000000e+01,4.000000000000000000e+02,8.000000000000000444e-01,1.000000000000000056e-01,3.782218267999999939e-01,4.533268644999999958e-02
7.300000000000000000e+01,4.000000000000000000e+02,8.000000000000000444e-01,1.000000000000000056e-01,3.821245137000000014e-01,4.580432530999999780e-02
7.500000000000000000e+01,4.000000000000000000e+02,8.000000000000000444e-01,1.000000000000000056e-01,3.858939283000000220e-01,4.626001516000000091e-02
7.700000000000000000e+01,4.000000000000000000e+02,8.000000000000000444e-01,1.000000000000000056e-01,3.895367779999999724e-01,4.670055607000000303e-02
7.900000000000000000e+01,4.000000000000000000e+02,8.000000000000000444e-01,1.000000000000000056e-01,3.930593278000000246e-01,4.712669542000000322e-02
8.100000000000000000e+01,4.000000000000000000e+02,8.000000000000000444e-01,1.000000000000000056e-01,3.964674358999999981e-01,4.753913215999999720e-02
8.300000000000000000e+01,4.000000000000000000e+02,8.000000000000000444e-01,1.000000000000000056e-01,3.997665860999999876e-01,4.793852064999999663e-02
8.500000000000000000e+01,4.000000000000000000e+02,8.000000000000000444e-01,1.000000000000000056e-01,4.029619177000000052e-01,4.832547418000000122e-02
8.700000000000000000e+01,4.000000000000000000e+02,8.000000000000000444e-01,1.000000000000000056e-01,4.060582516999999836e-01,4.870056814999999817e-02
8.900000000000000000e+01,4.000000000000000000e+02,8.000000000000000444e-01,1.000000000000000056e-01,4.090601151000000102e-01,4.906434293999999835e-02
9.100000000000000000e+01,4.000000000000000000e+02,8.000000000000000444e-01,1.000000000000000056e-01,4.119717633000000157e-01,4.941730653999999723e-02
9.300000000000000000e+01,4.000000000000000000e+02,8.000000000000000444e-01,1.000000000000000056e-01,4.147971998000000160e-01,4.975993692999999829e-02
9.500000000000000000e+01,4.000000000000000000e+02,8.000000000000000444e-01,1.000000000000000056e-01,4.175401947999999863e-01,5.009268431000000327e-02
9.700000000000000000e+01,4.000000000000000000e+02,8.000000000000000444e-01,1.000000000000000056e-01,4.202043018000000130e-01,5.041597302999999836e-02
9.900000000000000000e+01,4.000000000000000000e+02,8.000000000000000444e-01,1.000000000000000056e-01,4.227928730000000135e-01,5.073020345999999792e-02
1.000000000000000000e+01,4.000000000000000000e+02,8.000000000000000444e-01,1.000000000000000056e-01,1.154961738999999987e-01,1.379629718999999914e-02
3.000000000000000000e+01,4.000000000000000000e+02,8.000000000000000444e-01,1.000000000000000056e-01,2.505478018000000251e-01,2.996844758999999900e-02
5.000000000000000000e+01,4.000000000000000000e+02,8.000000000000000444e-01,1.000000000000000056e-01,3.270160198000000018e-01,3.915748087999999794e-02
7.000000000000000000e+01,4.000000000000000000e+02,8.000000000000000444e-01,1.000000000000000056e-01,3.762182794000000219e-01,4.509062054000000097e-02
9.000000000000000000e+01,4.000000000000000000e+02,8.000000000000000444e-01,1.000000000000000056e-01,4.105269602000000129e-01,4.924214559000000130e-02
1.100000000000000000e+02,4.000000000000000000e+02,8.000000000000000444e-01,1.000000000000000056e-01,4.358128861000000187e-01,5.231245111999999892e-02
1.300000000000000000e+02,4.000000000000000000e+02,8.000000000000000444e-01,1.000000000000000056e-01,4.552199356000000141e-01,5.467704762000000218e-02
1.500000000000000000e+02,4.000000000000000000e+02,8.000000000000000444e-01,1.000000000000000056e-01,4.705835562999999833e-01,5.655542121999999894e-02
1.700000000000000000e+02,4.000000000000000000e+02,8.000000000000000444e-01,1.000000000000000056e-01,4.830472687999999848e-01,5.808447577999999861e-02
1.900000000000000000e+02,4.000000000000000000e+02,8.000000000000000444e-01,1.000000000000000056e-01,4.933606188999999920e-01,5.935405232999999697e-02
2.100000000000000000e+02,4.000000000000000000e+02,8.000000000000000444e-01,1.000000000000000056e-01,5.020353800000000311e-01,6.042556350000000132e-02
2.300000000000000000e+02,4.000000000000000000e+02,8.000000000000000444e-01,1.000000000000000056e-01,5.094329010000000491e-01,6.134242126000000184e-02
2.500000000000000000e+02,4.000000000000000000e+02,8.000000000000000444e-01,1.000000000000000056e-01,5.158155857999999760e-01,6.213618690000000111e-02
2.700000000000000000e+02,4.000000000000000000e+02,8.000000000000000444e-01,1.000000000000000056e-01,5.213785863000000020e-01,6.283035989000000654e-02
2.900000000000000000e+02,4.000000000000000000e+02,8.000000000000000444e-01,1.000000000000000056e-01,5.262700479999999903e-01,6.344279992000000090e-02
3.100000000000000000e+02,4.000000000000000000e+02,8.000000000000000444e-01,1.000000000000000056e-01,5.306044573999999514e-01,6.398732480999999583e-02
3.300000000000000000e+02,4.000000000000000000e+02,8.000000000000000444e-01,1.000000000000000056e-01,5.344716859999999459e-01,6.447479401000000276e-02
3.500000000000000000e+02,4.000000000000000000e+02,8.000000000000000444e-01,1.000000000000000056e-01,5.379432675999999969e-01,6.491386104000000656e-02
3.700000000000000000e+02,4.000000000000000000e+02,8.000000000000000444e-01,1.000000000000000056e-01,5.410768472000000440e-01,6.531150734000000513e-02
3.900000000000000000e+02,4.000000000000000000e+02,8.000000000000000444e-01,1.000000000000000056e-01,5.439193957000000301e-01,6.567342807999999865e-02
4.100000000000000000e+02,4.000000000000000000e+02,8.000000000000000444e-01,1.000000000000000056e-01,5.465095703000000249e-01,6.600431579000000382e-02
4.300000000000000000e+02,4.000000000000000000e+02,8.000000000000000444e-01,1.000000000000000056e-01,5.488794757999999607e-01,6.630807208000000230e-02
4.500000000000000000e+02,4.000000000000000000e+02,8.000000000000000444e-01,1.000000000000000056e-01,5.510559959999999924e-01,6.658796781999999637e-02
4.700000000000000000e+02,4.000000000000000000e+02,8.000000000000000444e-01,1.000000000000000056e-01,5.530618135999999518e-01,6.684676586000000420e-02
4.900000000000000000e+02,4.000000000000000000e+02,8.000000000000000444e-01,1.000000000000000056e-01,5.549161995000000402e-01,6.708681617999999458e-02
5.100000000000000000e+02,4.000000000000000000e+02,8.000000000000000444e-01,1.000000000000000056e-01,5.566356311000000279e-01,6.731013042000000279e-02
5.300000000000000000e+02,4.000000000000000000e+02,8.000000000000000444e-01,1.000000000000000056e-01,5.582342806000000213e-01,6.751844071000000225e-02
5.500000000000000000e+02,4.000000000000000000e+02,8.000000000000000444e-01,1.000000000000000056e-01,5.597244041000000170e-01,6.771324675999999820e-02
5.700000000000000000e+02,4.000000000000000000e+02,8.000000000000000444e-01,1.000000000000000056e-01,5.611166550999999725e-01,6.789585364000000345e-02
5.900000000000000000e+02,4.000000000000000000e+02,8.000000000000000444e-01,1.000000000000000056e-01,5.624203381000000279e-01,6.806740244999999467e-02
6.100000000000000000e+02,4.000000000000000000e+02,8.000000000000000444e-01,1.000000000000000056e-01,5.636436151000000505e-01,6.822889531999999646e-02
6.300000000000000000e+02,4.000000000000000000e+02,8.000000000000000444e-01,1.000000000000000056e-01,5.647936762999999916e-01,6.838121605999999963e-02
6.500000000000000000e+02,4.000000000000000000e+02,8.000000000000000444e-01,1.000000000000000056e-01,5.658768797000000017e-01,6.852514711000000369e-02
6.700000000000000000e+02,4.000000000000000000e+02,8.000000000000000444e-01,1.000000000000000056e-01,5.668988688999999637e-01,6.866138371999999657e-02
6.900000000000000000e+02,4.000000000000000000e+02,8.000000000000000444e-01,1.000000000000000056e-01,5.678646700999999686e-01,6.879054582999999390e-02
7.100000000000000000e+02,4.000000000000000000e+02,8.000000000000000444e-01,1.000000000000000056e-01,5.687787745000000283e-01,6.891318798999999939e-02
7.300000000000000000e+02,4.000000000000000000e+02,8.000000000000000444e-01,1.000000000000000056e-01,5.696452075000000281e-01,6.902980783999999870e-02
7.500000000000000000e+02,4.000000000000000000e+02,8.000000000000000444e-01,1.000000000000000056e-01,5.704675876000000478e-01,6.914085316000000148e-02
7.700000000000000000e+02,4.000000000000000000e+02,8.000000000000000444e-01,1.000000000000000056e-01,5.712491764999999555e-01,6.924672810000000178e-02
7.900000000000000000e+02,4.000000000000000000e+02,8.000000000000000444e-01,1.000000000000000056e-01,5.719929220999999675e-01,6.934779827999999757e-02
8.100000000000000000e+02,4.000000000000000000e+02,8.000000000000000444e-01,1.000000000000000056e-01,5.727014950000000049e-01,6.944439535999999413e-02
8.300000000000000000e+02,4.000000000000000000e+02,8.000000000000000444e-01,1.000000000000000056e-01,5.733773209000000426e-01,6.953682086000000095e-02
8.500000000000000000e+02,4.000000000000000000e+02,8.000000000000000444e-01,1.000000000000000056e-01,5.740226075000000039e-01,6.962534956999999469e-02
8.700000000000000000e+02,4.000000000000000000e+02,8.000000000000000444e-01,1.000000000000000056e-01,5.746393686999999861e-01,6.971023241000000314e-02
8.900000000000000000e+02,4.000000000000000000e+02,8.000000000000000444e-01,1.000000000000000056e-01,5.752294454999999918e-01,6.979169899999999871e-02
9.100000000000000000e+02,4.000000000000000000e+02,8.000000000000000444e-01,1.000000000000000056e-01,5.757945236999999494e-01,6.986995990000000045e-02
9.300000000000000000e+02,4.000000000000000000e+02,8.000000000000000444e-01,1.000000000000000056e-01,5.763361505999999856e-01,6.994520850999999539e-02
9.500000000000000000e+02,4.000000000000000000e+02,8.000000000000000444e-01,1.000000000000000056e-01,5.768557481999999625e-01,7.001762284000000169e-02
9.700000000000000000e+02,4.000000000000000000e+02,8.000000000000000444e-01,1.000000000000000056e-01,5.773546261999999984e-01,7.008736696999999516e-02
9.900000000000000000e+02,4.000000000000000000e+02,8.000000000000000444e-01,1.000000000000000056e-01,5.778339926000000126e-01,7.015459243999999650e-02
1.000000000000000000e+02,4.000000000000000000e+02,8.000000000000000444e-01,1.000000000000000056e-01,4.240598286999999744e-01,5.088404079000000135e-02
3.000000000000000000e+02,4.000000000000000000e+02,8.000000000000000444e-01,1.000000000000000056e-01,5.285007746000000006e-01,6.372281381000000078e-02
5.000000000000000000e+02,4.000000000000000000e+02,8.000000000000000444e-01,1.000000000000000056e-01,5.557918497999999596e-01,6.720045111000000349e-02
7.000000000000000000e+02,4.000000000000000000e+02,8.000000000000000444e-01,1.000000000000000056e-01,5.683279226999999878e-01,6.885264956000000658e-02
9.000000000000000000e+02,4.000000000000000000e+02,8.000000000000000444e-01,1.000000000000000056e-01,5.755150096000000159e-01,6.983121769000000256e-02
1.100000000000000000e+03,4.000000000000000000e+02,8.000000000000000444e-01,1.000000000000000056e-01,5.801676733999999724e-01,7.048508655000000622e-02
1.300000000000000000e+03,4.000000000000000000e+02,8.000000000000000444e-01,1.000000000000000056e-01,5.834214897999999705e-01,7.095670900999999364e-02
1.500000000000000000e+03,4.000000000000000000e+02,8.000000000000000444e-01,1.000000000000000056e-01,5.858222888999999878e-01,7.131535016999999976e-02
1.700000000000000000e+03,4.000000000000000000e+02,8.000000000000000444e-01,1.000000000000000056e-01,5.876648946000000429e-01,7.159884865000000487e-02
1.900000000000000000e+03,4.000000000000000000e+02,8.000000000000000444e-01,1.000000000000000056e-01,5.891224753999999564e-01,7.182967910000000178e-02
2.100000000000000000e+03,4.000000000000000000e+02,8.000000000000000444e-01,1.000000000000000056e-01,5.903033953999999861e-01,7.202206156000000303e-02
2.300000000000000000e+03,4.000000000000000000e+02,8.000000000000000444e-01,1.000000000000000056e-01,5.912789162999999570e-01,7.218545009000000567e-02
2.500000000000000000e+03,4.000000000000000000e+02,8.000000000000000444e-01,1.000000000000000056e-01,5.920978138000000390e-01,7.232638596000000308e-02
2.700000000000000000e+03,4.000000000000000000e+02,8.000000000000000444e-01,1.000000000000000056e-01,5.927945903000000349e-01,7.244954614000000126e-02
2.900000000000000000e+03,4.000000000000000000e+02,8.000000000000000444e-01,1.000000000000000056e-01,5.933943352999999643e-01,7.255836799999999809e-02
3.100000000000000000e+03,4.000000000000000000e+02,8.000000000000000444e-01,1.000000000000000056e-01,5.939157271999999654e-01,7.265543760999999823e-02
3.300000000000000000e+03,4.000000000000000000e+02,8.000000000000000444e-01,1.000000000000000056e-01,5.943729554000000137e-01,7.274274020000000285e-02
3.500000000000000000e+03,4.000000000000000000e+02,8.000000000000000444e-01,1.000000000000000056e-01,5.947769907000000078e-01,7.282182668999999386e-02
3.700000000000000000e+03,4.000000000000000000e+02,8.000000000000000444e-01,1.000000000000000056e-01,5.951364476999999598e-01,7.289392750999999782e-02
3.900000000000000000e+03,4.000000000000000000e+02,8.000000000000000444e-01,1.000000000000000056e-01,5.954581842999999708e-01,7.296003217999999513e-02
4.100000000000000000e+03,4.000000000000000000e+02,8.000000000000000444e-01,1.000000000000000056e-01,5.957477266999999799e-01,7.302094623999999534e-02
4.300000000000000000e+03,4.000000000000000000e+02,8.000000000000000444e-01,1.000000000000000056e-01,5.960095772000000292e-01,7.307733260000000286e-02
4.500000000000000000e+03,4.000000000000000000e+02,8.000000000000000444e-01,1.000000000000000056e-01,5.962474405000000033e-01,7.312974217999999860e-02
4.700000000000000000e+03,4.000000000000000000e+02,8.000000000000000444e-01,1.000000000000000056e-01,5.964643924000000430e-01,7.317863696000000140e-02
4.900000000000000000e+03,4.000000000000000000e+02,8.000000000000000444e-01,1.000000000000000056e-01,5.966630075000000089e-01,7.322440742999999919e-02
5.100000000000000000e+03,4.000000000000000000e+02,8.000000000000000444e-01,1.000000000000000056e-01,5.968454570000000237e-01,7.326738617000000398e-02
5.300000000000000000e+03,4.000000000000000000e+02,8.000000000000000444e-01,1.000000000000000056e-01,5.970135846999999885e-01,7.330785833000000307e-02
5.500000000000000000e+03,4.000000000000000000e+02,8.000000000000000444e-01,1.000000000000000056e-01,5.971689662000000398e-01,7.334606994999999519e-02
5.700000000000000000e+03,4.000000000000000000e+02,8.000000000000000444e-01,1.000000000000000056e-01,5.973129557999999895e-01,7.338223455999999534e-02
5.900000000000000000e+03,4.000000000000000000e+02,8.000000000000000444e-01,1.000000000000000056e-01,5.974467239999999846e-01,7.341653843999999818e-02
6.100000000000000000e+03,4.000000000000000000e+02,8.000000000000000444e-01,1.000000000000000056e-01,5.975712876000000007e-01,7.344914495000000321e-02
6.300000000000000000e+03,4.000000000000000000e+02,8.000000000000000444e-01,1.000000000000000056e-01,5.976875337999999482e-01,7.348019801999999823e-02
6.500000000000000000e+03,4.000000000000000000e+02,8.000000000000000444e-01,1.000000000000000056e-01,5.977962405000000201e-01,7.350982495999999755e-02
6.700000000000000000e+03,4.000000000000000000e+02,8.000000000000000444e-01,1.000000000000000056e-01,5.978980923000000169e-01,7.353813888999999326e-02
6.900000000000000000e+03,4.000000000000000000e+02,8.000000000000000444e-01,1.000000000000000056e-01,5.979936941000000283e-01,7.356524069000000554e-02
7.100000000000000000e+03,4.000000000000000000e+02,8.000000000000000444e-01,1.000000000000000056e-01,5.980835826000000521e-01,7.359122063999999630e-02
7.300000000000000000e+03,4.000000000000000000e+02,8.000000000000000444e-01,1.000000000000000056e-01,5.981682350000000481e-01,7.361615980999999809e-02
7.500000000000000000e+03,4.000000000000000000e+02,8.000000000000000444e-01,1.000000000000000056e-01,5.982480775999999834e-01,7.364013123000000272e-02
7.700000000000000000e+03,4.000000000000000000e+02,8.000000000000000444e-01,1.000000000000000056e-01,5.983234921000000206e-01,7.366320089000000237e-02
7.900000000000000000e+03,4.000000000000000000e+02,8.000000000000000444e-01,1.000000000000000056e-01,5.983948211999999822e-01,7.368542858000000362e-02
8.100000000000000000e+03,4.000000000000000000e+02,8.000000000000000444e-01,1.000000000000000056e-01,5.984623738000000026e-01,7.370686864000000615e-02
8.300000000000000000e+03,4.000000000000000000e+02,8.000000000000000444e-01,1.000000000000000056e-01,5.985264284000000323e-01,7.372757054999999615e-02
8.500000000000000000e+03,4.000000000000000000e+02,8.000000000000000444e-01,1.000000000000000056e-01,5.985872373999999718e-01,7.374757949999999340e-02
8.700000000000000000e+03,4.000000000000000000e+02,8.000000000000000444e-01,1.000000000000000056e-01,5.986450298000000059e-01,7.376693685000000611e-02
8.900000000000000000e+03,4.000000000000000000e+02,8.000000000000000444e-01,1.000000000000000056e-01,5.987000136000000250e-01,7.378568051999999378e-02
9.100000000000000000e+03,4.000000000000000000e+02,8.000000000000000444e-01,1.000000000000000056e-01,5.987523785999999681e-01,7.380384537999999661e-02
9.300000000000000000e+03,4.000000000000000000e+02,8.000000000000000444e-01,1.000000000000000056e-01,5.988022978999999468e-01,7.382146354999999383e-02
9.500000000000000000e+03,4.000000000000000000e+02,8.000000000000000444e-01,1.000000000000000056e-01,5.988499300999999830e-01,7.383856464999999369e-02
9.700000000000000000e+03,4.000000000000000000e+02,8.000000000000000444e-01,1.000000000000000056e-01,5.988954203999999892e-01,7.385517609000000205e-02
9.900000000000000000e+03,4.000000000000000000e+02,8.000000000000000444e-01,1.000000000000000056e-01,5.989389022000000118e-01,7.387132321000000612e-02
1.000000000000000000e+03,4.000000000000000000e+02,8.000000000000000444e-01,1.000000000000000056e-01,5.780667110999999636e-01,7.018730488999999628e-02
3.000000000000000000e+03,4.000000000000000000e+02,8.000000000000000444e-01,1.000000000000000056e-01,5.936638507000000509e-01,7.260823594000000158e-02
5.000000000000000000e+03,4.000000000000000000e+02,8.000000000000000444e-01,1.000000000000000056e-01,5.967561308000000064e-01,7.324622694000000600e-02
7.000000000000000000e+03,4.000000000000000000e+02,8.000000000000000444e-01,1.000000000000000056e-01,5.980393214000000457e-01,7.357836563000000329e-02
9.000000000000000000e+03,4.000000000000000000e+02,8.000000000000000444e-01,1.000000000000000056e-01,5.987265121999999495e-01,7.379483322999999539e-02
1.100000000000000000e+04,4.000000000000000000e+02,8.000000000000000444e-01,1.000000000000000056e-01,5.991471816000000228e-01,7.395280560000000447e-02
1.300000000000000000e+04,4.000000000000000000e+02,8.000000000000000444e-01,1.000000000000000056e-01,5.994269491000000505e-01,7.407616149000000039e-02
1.500000000000000000e+04,4.000000000000000000e+02,8.000000000000000444e-01,1.000000000000000056e-01,5.996238155999999986e-01,7.417689596000000274e-02
1.700000000000000000e+04,4.000000000000000000e+02,8.000000000000000444e-01,1.000000000000000056e-01,5.997681299999999549e-01,7.426180215000000029e-02
1.900000000000000000e+04,4.000000000000000000e+02,8.000000000000000444e-01,1.000000000000000056e-01,5.998772454999999892e-01,7.433506662000000098e-02
2.100000000000000000e+04,4.000000000000000000e+02,8.000000000000000444e-01,1.000000000000000056e-01,5.999617660999999602e-01,7.439943702000000048e-02
2.300000000000000000e+04,4.000000000000000000e+02,8.000000000000000444e-01,1.000000000000000056e-01,6.000285158000000507e-01,7.445680655000000425e-02
2.500000000000000000e+04,4.000000000000000000e+02,8.000000000000000444e-01,1.000000000000000056e-01,6.000820712000000112e-01,7.450853123999999494e-02
2.700000000000000000e+04,4.000000000000000000e+02,8.000000000000000444e-01,1.000000000000000056e-01,6.001256079000000243e-01,7.455561353999999585e-02
2.900000000000000000e+04,4.000000000000000000e+02,8.000000000000000444e-01,1.000000000000000056e-01,6.001613926000000099e-01,7.459881419000000125e-02
3.100000000000000000e+04,4.000000000000000000e+02,8.000000000000000444e-01,1.000000000000000056e-01,6.001910823999999645e-01,7.463872343999999881e-02
3.300000000000000000e+04,4.000000000000000000e+02,8.000000000000000444e-01,1.000000000000000056e-01,6.002159139999999615e-01,7.467580798999999547e-02
3.500000000000000000e+04,4.000000000000000000e+02,8.000000000000000444e-01,1.000000000000000056e-01,6.002368270000000283e-01,7.471044292999999559e-02
3.700000000000000000e+04,4.000000000000000000e+02,8.000000000000000444e-01,1.000000000000000056e-01,6.002545464999999858e-01,7.474293407000000278e-02
3.900000000000000000e+04,4.000000000000000000e+02,8.000000000000000444e-01,1.000000000000000056e-01,6.002696395000000074e-01,7.477353385000000408e-02
4.100000000000000000e+04,4.000000000000000000e+02,8.000000000000000444e-01,1.000000000000000056e-01,6.002825553999999730e-01,7.480245300000000486e-02
4.300000000000000000e+04,4.000000000000000000e+02,8.000000000000000444e-01,1.000000000000000056e-01,6.002936536999999850e-01,7.482986918999999515e-02
4.500000000000000000e+04,4.000000000000000000e+02,8.000000000000000444e-01,1.000000000000000056e-01,6.003032254000000290e-01,7.485593355000000337e-02
4.700000000000000000e+04,4.000000000000000000e+02,8.000000000000000444e-01,1.000000000000000056e-01,6.003115075999999606e-01,7.488077568999999822e-02
4.900000000000000000e+04,4.000000000000000000e+02,8.000000000000000444e-01,1.000000000000000056e-01,6.003186953000000381e-01,7.490450752999999740e-02
5.100000000000000000e+04,4.000000000000000000e+02,8.000000000000000444e-01,1.000000000000000056e-01,6.003249501999999849e-01,7.492722642000000655e-02
5.300000000000000000e+04,4.000000000000000000e+02,8.000000000000000444e-01,1.000000000000000056e-01,6.003304069999999548e-01,7.494901750999999335e-02
5.500000000000000000e+04,4.000000000000000000e+02,8.000000000000000444e-01,1.000000000000000056e-01,6.003351786999999717e-01,7.496995570999999414e-02
5.700000000000000000e+04,4.000000000000000000e+02,8.000000000000000444e-01,1.000000000000000056e-01,6.003393606000000382e-01,7.499010725999999405e-02
5.900000000000000000e+04,4.000000000000000000e+02,8.000000000000000444e-01,1.000000000000000056e-01,6.003430335999999645e-01,7.500953101000000511e-02
6.100000000000000000e+04,4.000000000000000000e+02,8.000000000000000444e-01,1.000000000000000056e-01,6.003462666000000114e-01,7.502827949000000218e-02
6.300000000000000000e+04,4.000000000000000000e+02,8.000000000000000444e-01,1.000000000000000056e-01,6.003491184999999453e-01,7.504639974000000546e-02
6.500000000000000000e+04,4.000000000000000000e+02,8.000000000000000444e-01,1.000000000000000056e-01,6.003516400999999725e-01,7.506393409000000627e-02
6.700000000000000000e+04,4.000000000000000000e+02,8.000000000000000444e-01,1.000000000000000056e-01,6.003538749000000285e-01,7.508092074000000116e-02
6.900000000000000000e+04,4.000000000000000000e+02,8.000000000000000444e-01,1.000000000000000056e-01,6.003558608000000296e-01,7.509739430999999577e-02
7.100000000000000000e+04,4.000000000000000000e+02,8.000000000000000444e-01,1.000000000000000056e-01,6.003576306000000251e-01,7.511338620999999383e-02
7.300000000000000000e+04,4.000000000000000000e+02,8.000000000000000444e-01,1.000000000000000056e-01,6.003592129999999472e-01,7.512892509999999358e-02
7.500000000000000000e+04,4.000000000000000000e+02,8.000000000000000444e-01,1.000000000000000056e-01,6.003606327999999603e-01,7.514403712999999374e-02
7.700000000000000000e+04,4.000000000000000000e+02,8.000000000000000444e-01,1.000000000000000056e-01,6.003619118999999893e-01,7.515874628999999474e-02
7.900000000000000000e+04,4.000000000000000000e+02,8.000000000000000444e-01,1.000000000000000056e-01,6.003630695999999656e-01,7.517307458999999970e-02
8.100000000000000000e+04,4.000000000000000000e+02,8.000000000000000444e-01,1.000000000000000056e-01,6.003641226000000497e-01,7.518704228000000489e-02
8.300000000000000000e+04,4.000000000000000000e+02,8.000000000000000444e-01,1.000000000000000056e-01,6.003650858000000312e-01,7.520066807000000408e-02
8.500000000000000000e+04,4.000000000000000000e+02,8.000000000000000444e-01,1.000000000000000056e-01,6.003659724000000031e-01,7.521396921999999596e-02
8.700000000000000000e+04,4.000000000000000000e+02,8.000000000000000444e-01,1.000000000000000056e-01,6.003667939000000286e-01,7.522696175000000152e-02
8.900000000000000000e+04,4.000000000000000000e+02,8.000000000000000444e-01,1.000000000000000056e-01,6.003675606999999692e-01,7.523966049999999961e-02
9.100000000000000000e+04,4.000000000000000000e+02,8.000000000000000444e-01,1.000000000000000056e-01,6.003682818000000143e-01,7.525207927999999491e-02
9.300000000000000000e+04,4.000000000000000000e+02,8.000000000000000444e-01,1.000000000000000056e-01,6.003689652999999460e-01,7.526423095999999757e-02
9.500000000000000000e+04,4.000000000000000000e+02,8.000000000000000444e-01,1.000000000000000056e-01,6.003696185000000352e-01,7.527612751999999963e-02
9.700000000000000000e+04,4.000000000000000000e+02,8.000000000000000444e-01,1.000000000000000056e-01,6.003702477000000259e-01,7.528778016999999878e-02
9.900000000000000000e+04,4.000000000000000000e+02,8.000000000000000444e-01,1.000000000000000056e-01,6.003708586999999541e-01,7.529919940000000256e-02
1.000000000000000000e+04,4.000000000000000000e+02,8.000000000000000444e-01,1.000000000000000056e-01,5.989599287000000327e-01,7.387923007999999681e-02
3.000000000000000000e+04,4.000000000000000000e+02,8.000000000000000444e-01,1.000000000000000056e-01,6.001769139000000530e-01,7.461914860000000427e-02
5.000000000000000000e+04,4.000000000000000000e+02,8.000000000000000444e-01,1.000000000000000056e-01,6.003219304000000367e-01,7.491598801000000363e-02
7.000000000000000000e+04,4.000000000000000000e+02,8.000000000000000444e-01,1.000000000000000056e-01,6.003567708999999475e-01,7.510544862000000099e-02
9.000000000000000000e+04,4.000000000000000000e+02,8.000000000000000444e-01,1.000000000000000056e-01,6.003679264000000293e-01,7.524590405999999343e-02
1.100000000000000000e+05,4.000000000000000000e+02,8.000000000000000444e-01,1.000000000000000056e-01,6.003740945000000107e-01,7.535824282000000429e-02
1.300000000000000000e+05,4.000000000000000000e+02,8.000000000000000444e-01,1.000000000000000056e-01,6.003806556999999877e-01,7.545233133999999786e-02
1.500000000000000000e+05,4.000000000000000000e+02,8.000000000000000444e-01,1.000000000000000056e-01,6.003892897999999478e-01,7.553361354000000250e-02
1.700000000000000000e+05,4.000000000000000000e+02,8.000000000000000444e-01,1.000000000000000056e-01,6.004004497999999579e-01,7.560541171000000060e-02
1.900000000000000000e+05,4.000000000000000000e+02,8.000000000000000444e-01,1.000000000000000056e-01,6.004141469999999536e-01,7.566990273000000211e-02
2.100000000000000000e+05,4.000000000000000000e+02,8.000000000000000444e-01,1.000000000000000056e-01,6.004302330999999882e-01,7.572859053000000062e-02
2.300000000000000000e+05,4.000000000000000000e+02,8.000000000000000444e-01,1.000000000000000056e-01,6.004485107999999460e-01,7.578255767000000032e-02
2.500000000000000000e+05,4.000000000000000000e+02,8.000000000000000444e-01,1.000000000000000056e-01,6.004687772000000257e-01,7.583260938999999978e-02
2.700000000000000000e+05,4.000000000000000000e+02,8.000000000000000444e-01,1.000000000000000056e-01,6.004908412999999667e-01,7.587936084999999387e-02
2.900000000000000000e+05,4.000000000000000000e+02,8.000000000000000444e-01,1.000000000000000056e-01,6.005145302000000074e-01,7.592329269000000491e-02
3.100000000000000000e+05,4.000000000000000000e+02,8.000000000000000444e-01,1.000000000000000056e-01,6.005396895000000290e-01,7.596478753999999500e-02
3.300000000000000000e+05,4.000000000000000000e+02,8.000000000000000444e-01,1.000000000000000056e-01,6.005661826999999509e-01,7.600415503000000628e-02
3.500000000000000000e+05,4.000000000000000000e+02,8.000000000000000444e-01,1.000000000000000056e-01,6.005938895000000333e-01,7.604164921999999327e-02
3.700000000000000000e+05,4.000000000000000000e+02,8.000000000000000444e-01,1.000000000000000056e-01,6.006227037000000379e-01,7.607748116000000171e-02
3.900000000000000000e+05,4.000000000000000000e+02,8.000000000000000444e-01,1.000000000000000056e-01,6.006525315999999837e-01,7.611182811000000159e-02
4.100000000000000000e+05,4.000000000000000000e+02,8.000000000000000444e-01,1.000000000000000056e-01,6.006832898999999726e-01,7.614484035000000650e-02
4.300000000000000000e+05,4.000000000000000000e+02,8.000000000000000444e-01,1.000000000000000056e-01,6.007149050000000212e-01,7.617664642999999458e-02
4.500000000000000000e+05,4.000000000000000000e+02,8.000000000000000444e-01,1.000000000000000056e-01,6.007473111000000143e-01,7.620735713000000022e-02
4.700000000000000000e+05,4.000000000000000000e+02,8.000000000000000444e-01,1.000000000000000056e-01,6.007804494999999800e-01,7.623706863000000167e-02
4.900000000000000000e+05,4.000000000000000000e+02,8.000000000000000444e-01,1.000000000000000056e-01,6.008142674999999988e-01,7.626586494999999799e-02
5.100000000000000000e+05,4.000000000000000000e+02,8.000000000000000444e-01,1.000000000000000056e-01,6.008487177000000345e-01,7.629381992000000556e-02
5.300000000000000000e+05,4.000000000000000000e+02,8.000000000000000444e-01,1.000000000000000056e-01,6.008837572999999876e-01,7.632099874999999367e-02
5.500000000000000000e+05,4.000000000000000000e+02,8.000000000000000444e-01,1.000000000000000056e-01,6.009193476999999950e-01,7.634745935999999455e-02
5.700000000000000000e+05,4.000000000000000000e+02,8.000000000000000444e-01,1.000000000000000056e-01,6.009554537000000307e-01,7.637325338000000574e-02
5.900000000000000000e+05,4.000000000000000000e+02,8.000000000000000444e-01,1.000000000000000056e-01,6.009920435000000172e-01,7.639842707999999760e-02
6.100000000000000000e+05,4.000000000000000000e+02,8.000000000000000444e-01,1.000000000000000056e-01,6.010290878999999808e-01,7.642302203999999655e-02
6.300000000000000000e+05,4.000000000000000000e+02,8.000000000000000444e-01,1.000000000000000056e-01,6.010665601000000358e-01,7.644707580000000002e-02
6.500000000000000000e+05,4.000000000000000000e+02,8.000000000000000444e-01,1.000000000000000056e-01,6.011044358999999560e-01,7.647062234000000236e-02
6.700000000000000000e+05,4.000000000000000000e+02,8.000000000000000444e-01,1.000000000000000056e-01,6.011426925999999726e-01,7.649369252000000341e-02
6.900000000000000000e+05,4.000000000000000000e+02,8.000000000000000444e-01,1.000000000000000056e-01,6.011813097000000550e-01,7.651631449000000085e-02
7.100000000000000000e+05,4.000000000000000000e+02,8.000000000000000444e-01,1.000000000000000056e-01,6.012202679000000494e-01,7.653851394999999780e-02
7.300000000000000000e+05,4.000000000000000000e+02,8.000000000000000444e-01,1.000000000000000056e-01,6.012595497999999594e-01,7.656031441999999743e-02
7.500000000000000000e+05,4.000000000000000000e+02,8.000000000000000444e-01,1.000000000000000056e-01,6.012991387999999660e-01,7.658173755000000082e-02
7.700000000000000000e+05,4.000000000000000000e+02,8.000000000000000444e-01,1.000000000000000056e-01,6.013390199000000491e-01,7.660280324000000307e-02
7.900000000000000000e+05,4.000000000000000000e+02,8.000000000000000444e-01,1.000000000000000056e-01,6.013791789000000332e-01,7.662352983999999589e-02
8.100000000000000000e+05,4.000000000000000000e+02,8.000000000000000444e-01,1.000000000000000056e-01,6.014196027000000555e-01,7.664393434999999810e-02
8.300000000000000000e+05,4.000000000000000000e+02,8.000000000000000444e-01,1.000000000000000056e-01,6.014602788999999783e-01,7.666403248000000503e-02
8.500000000000000000e+05,4.000000000000000000e+02,8.000000000000000444e-01,1.000000000000000056e-01,6.015011961999999768e-01,7.668383884000000428e-02
8.700000000000000000e+05,4.000000000000000000e+02,8.000000000000000444e-01,1.000000000000000056e-01,6.015423439000000538e-01,7.670336701999999618e-02
8.900000000000000000e+05,4.000000000000000000e+02,8.000000000000000444e-01,1.000000000000000056e-01,6.015837117000000234e-01,7.672262963999999796e-02
9.100000000000000000e+05,4.000000000000000000e+02,8.000000000000000444e-01,1.000000000000000056e-01,6.016252905000000206e-01,7.674163851000000147e-02
9.300000000000000000e+05,4.000000000000000000e+02,8.000000000000000444e-01,1.000000000000000056e-01,6.016670711999999588e-01,7.676040467000000422e-02
9.500000000000000000e+05,4.000000000000000000e+02,8.000000000000000444e-01,1.000000000000000056e-01,6.017090456000000476e-01,7.677893840999999719e-02
9.700000000000000000e+05,4.000000000000000000e+02,8.000000000000000444e-01,1.000000000000000056e-01,6.017512058999999747e-01,7.679724942000000498e-02
9.900000000000000000e+05,4.000000000000000000e+02,8.000000000000000444e-01,1.000000000000000056e-01,6.017935446000000077e-01,7.681534678000000171e-02
1.000000000000000000e+05,4.000000000000000000e+02,8.000000000000000444e-01,1.000000000000000056e-01,6.003711589000000348e-01,7.530482456999999796e-02
3.000000000000000000e+05,4.000000000000000000e+02,8.000000000000000444e-01,1.000000000000000056e-01,6.005269349999999839e-01,7.594432391000000004e-02
5.000000000000000000e+05,4.000000000000000000e+02,8.000000000000000444e-01,1.000000000000000056e-01,6.008314163000000319e-01,7.627994334000000320e-02
7.000000000000000000e+05,4.000000000000000000e+02,8.000000000000000444e-01,1.000000000000000056e-01,6.012007472999999491e-01,7.652746552000000424e-02
9.000000000000000000e+05,4.000000000000000000e+02,8.000000000000000444e-01,1.000000000000000056e-01,6.016044753000000522e-01,7.673216508999999852e-02
1.100000000000000000e+06,4.000000000000000000e+02,8.000000000000000444e-01,1.000000000000000056e-01,6.020293034000000487e-01,7.691142018999999608e-02
1.300000000000000000e+06,4.000000000000000000e+02,8.000000000000000444e-01,1.000000000000000056e-01,6.024682759999999693e-01,7.707377078999999576e-02
1.500000000000000000e+06,4.000000000000000000e+02,8.000000000000000444e-01,1.000000000000000056e-01,6.029173037999999707e-01,7.722405283000000065e-02
1.700000000000000000e+06,4.000000000000000000e+02,8.000000000000000444e-01,1.000000000000000056e-01,6.033737799999999707e-01,7.736527259000000600e-02
1.900000000000000000e+06,4.000000000000000000e+02,8.000000000000000444e-01,1.000000000000000056e-01,6.038359411999999482e-01,7.749942744000000439e-02
2.100000000000000000e+06,4.000000000000000000e+02,8.000000000000000444e-01,1.000000000000000056e-01,6.043025391999999885e-01,7.762791230000000431e-02
2.300000000000000000e+06,4.000000000000000000e+02,8.000000000000000444e-01,1.000000000000000056e-01,6.047726579000000102e-01,7.775174009999999414e-02
2.500000000000000000e+06,4.000000000000000000e+02,8.000000000000000444e-01,1.000000000000000056e-01,6.052456057999999750e-01,7.787166965000000274e-02
2.700000000000000000e+06,4.000000000000000000e+02,8.000000000000000444e-01,1.000000000000000056e-01,6.057208476000000008e-01,7.798828422999999621e-02
2.900000000000000000e+06,4.000000000000000000e+02,8.000000000000000444e-01,1.000000000000000056e-01,6.061979610000000074e-01,7.810204185999999882e-02
3.100000000000000000e+06,4.000000000000000000e+02,8.000000000000000444e-01,1.000000000000000056e-01,6.066766067000000096e-01,7.821330882999999456e-02
3.300000000000000000e+06,4.000000000000000000e+02,8.000000000000000444e-01,1.000000000000000056e-01,6.071565083000000085e-01,7.832238269999999836e-02
3.500000000000000000e+06,4.000000000000000000e+02,8.000000000000000444e-01,1.000000000000000056e-01,6.076374375999999966e-01,7.842950846000000531e-02
3.700000000000000000e+06,4.000000000000000000e+02,8.000000000000000444e-01,1.000000000000000056e-01,6.081192039999999688e-01,7.853489028000000538e-02
3.900000000000000000e+06,4.000000000000000000e+02,8.000000000000000444e-01,1.000000000000000056e-01,6.086016468999999596e-01,7.863870011000000104e-02
4.100000000000000000e+06,4.000000000000000000e+02,8.000000000000000444e-01,1.000000000000000056e-01,6.090846295999999827e-01,7.874108411999999890e-02
4.300000000000000000e+06,4.000000000000000000e+02,8.000000000000000444e-01,1.000000000000000056e-01,6.095680347999999915e-01,7.884216762000000045e-02
4.500000000000000000e+06,4.000000000000000000e+02,8.000000000000000444e-01,1.000000000000000056e-01,6.100517614999999561e-01,7.894205884999999645e-02
4.700000000000000000e+06,4.000000000000000000e+02,8.000000000000000444e-01,1.000000000000000056e-01,6.105357214000000088e-01,7.904085197000000618e-02
4.900000000000000000e+06,4.000000000000000000e+02,8.000000000000000444e-01,1.000000000000000056e-01,6.110198377000000125e-01,7.913862940999999429e-02
5.100000000000000000e+06,4.000000000000000000e+02,8.000000000000000444e-01,1.000000000000000056e-01,6.115040428000000361e-01,7.923546369999999450e-02
5.300000000000000000e+06,4.000000000000000000e+02,8.000000000000000444e-01,1.000000000000000056e-01,6.119882768000000084e-01,7.933141906000000521e-02
5.500000000000000000e+06,4.000000000000000000e+02,8.000000000000000444e-01,1.000000000000000056e-01,6.124724866999999850e-01,7.942655260000000550e-02
5.700000000000000000e+06,4.000000000000000000e+02,8.000000000000000444e-01,1.000000000000000056e-01,6.129566252000000492e-01,7.952091531999999630e-02
5.900000000000000000e+06,4.000000000000000000e+02,8.000000000000000444e-01,1.000000000000000056e-01,6.134406502000000483e-01,7.961455298000000291e-02
6.100000000000000000e+06,4.000000000000000000e+02,8.000000000000000444e-01,1.000000000000000056e-01,6.139245236000000494e-01,7.970750678999999339e-02
6.300000000000000000e+06,4.000000000000000000e+02,8.000000000000000444e-01,1.000000000000000056e-01,6.144082111999999984e-01,7.979981398999999587e-02
6.500000000000000000e+06,4.000000000000000000e+02,8.000000000000000444e-01,1.000000000000000056e-01,6.148916822000000115e-01,7.989150836000000200e-02
6.700000000000000000e+06,4.000000000000000000e+02,8.000000000000000444e-01,1.000000000000000056e-01,6.153749087000000006e-01,7.998262060999999923e-02
6.900000000000000000e+06,4.000000000000000000e+02,8.000000000000000444e-01,1.000000000000000056e-01,6.158578652999999736e-01,8.007317880000000554e-02
7.100000000000000000e+06,4.000000000000000000e+02,8.000000000000000444e-01,1.000000000000000056e-01,6.163405289000000176e-01,8.016320858000000604e-02
7.300000000000000000e+06,4.000000000000000000e+02,8.000000000000000444e-01,1.000000000000000056e-01,6.168228784000000520e-01,8.025273347000000390e-02
7.500000000000000000e+06,4.000000000000000000e+02,8.000000000000000444e-01,1.000000000000000056e-01,6.173048945000000343e-01,8.034177513000000104e-02
7.700000000000000000e+06,4.000000000000000000e+02,8.000000000000000444e-01,1.000000000000000056e-01,6.177865595999999515e-01,8.043035351999999749e-02
7.900000000000000000e+06,4.000000000000000000e+02,8.000000000000000444e-01,1.000000000000000056e-01,6.182678576000000259e-01,8.051848707000000549e-02
8.100000000000000000e+06,4.000000000000000000e+02,8.000000000000000444e-01,1.000000000000000056e-01,6.187487734000000072e-01,8.060619286999999578e-02
8.300000000000000000e+06,4.000000000000000000e+02,8.000000000000000444e-01,1.000000000000000056e-01,6.192292934999999998e-01,8.069348675000000137e-02
8.500000000000000000e+06,4.000000000000000000e+02,8.000000000000000444e-01,1.000000000000000056e-01,6.197094051999999520e-01,8.078038344000000592e-02
8.700000000000000000e+06,4.000000000000000000e+02,8.000000000000000444e-01,1.000000000000000056e-01,6.201890969000000142e-01,8.086689666000000665e-02
8.900000000000000000e+06,4.000000000000000000e+02,8.000000000000000444e-01,1.000000000000000056e-01,6.206683577999999590e-01,8.095303920999999403e-02
9.100000000000000000e+06,4.000000000000000000e+02,8.000000000000000444e-01,1.000000000000000056e-01,6.211471778999999582e-01,8.103882303999999925e-02
9.300000000000000000e+06,4.000000000000000000e+02,8.000000000000000444e-01,1.000000000000000056e-01,6.216255479000000195e-01,8.112425935000000532e-02
9.500000000000000000e+06,4.000000000000000000e+02,8.000000000000000444e-01,1.000000000000000056e-01,6.221034594000000029e-01,8.120935862000000505e-02
9.700000000000000000e+06,4.000000000000000000e+02,8.000000000000000444e-01,1.000000000000000056e-01,6.225809044000000236e-01,8.129413071999999629e-02
9.900000000000000000e+06,4.000000000000000000e+02,8.000000000000000444e-01,1.000000000000000056e-01,6.230578755000000246e-01,8.137858490999999583e-02
1.000000000000000000e+06,4.000000000000000000e+02,8.000000000000000444e-01,1.000000000000000056e-01,6.018147785999999888e-01,7.682431801000000338e-02
3.000000000000000000e+06,4.000000000000000000e+02,8.000000000000000444e-01,1.000000000000000056e-01,6.064371108999999649e-01,7.815796668999999697e-02
5.000000000000000000e+06,4.000000000000000000e+02,8.000000000000000444e-01,1.000000000000000056e-01,6.112619330999999878e-01,7.918716024999999936e-02
7.000000000000000000e+06,4.000000000000000000e+02,8.000000000000000444e-01,1.000000000000000056e-01,6.160992350999999756e-01,8.011825822000000208e-02
9.000000000000000000e+06,4.000000000000000000e+02,8.000000000000000444e-01,1.000000000000000056e-01,6.209078234999999557e-01,8.099597525000000464e-02
1.100000000000000000e+07,4.000000000000000000e+02,8.000000000000000444e-01,1.000000000000000056e-01,6.256724623999999624e-01,8.183776601999999400e-02
1.300000000000000000e+07,4.000000000000000000e+02,8.000000000000000444e-01,1.000000000000000056e-01,6.303862894999999744e-01,8.265235761000000458e-02
1.500000000000000000e+07,4.000000000000000000e+02,8.000000000000000444e-01,1.000000000000000056e-01,6.350459701999999762e-01,8.344479589000000641e-02
1.700000000000000000e+07,4.000000000000000000e+02,8.000000000000000444e-01,1.000000000000000056e-01,6.396499069000000093e-01,8.421829913999999417e-02
1.900000000000000000e+07,4.000000000000000000e+02,8.000000000000000444e-01,1.000000000000000056e-01,6.441974489999999776e-01,8.497507291000000462e-02
2.100000000000000000e+07,4.000000000000000000e+02,8.000000000000000444e-01,1.000000000000000056e-01,6.486885004000000343e-01,8.571671485000000035e-02
2.300000000000000000e+07,4.000000000000000000e+02,8.000000000000000444e-01,1.000000000000000056e-01,6.531233055999999815e-01,8.644443475999999404e-02
2.500000000000000000e+07,4.000000000000000000e+02,8.000000000000000444e-01,1.000000000000000056e-01,6.575023260000000258e-01,8.715918256000000641e-02
2.700000000000000000e+07,4.000000000000000000e+02,8.000000000000000444e-01,1.000000000000000056e-01,6.618261640999999473e-01,8.786172707000000637e-02
2.900000000000000000e+07,4.000000000000000000e+02,8.000000000000000444e-01,1.000000000000000056e-01,6.660955151999999879e-01,8.855270649999999466e-02
3.100000000000000000e+07,4.000000000000000000e+02,8.000000000000000444e-01,1.000000000000000056e-01,6.703111349999999469e-01,8.923266229000000049e-02
3.300000000000000000e+07,4.000000000000000000e+02,8.000000000000000444e-01,1.000000000000000056e-01,6.744738185999999969e-01,8.990206220999999442e-02
3.500000000000000000e+07,4.000000000000000000e+02,8.000000000000000444e-01,1.000000000000000056e-01,6.785843848000000511e-01,9.056131688000000624e-02
3.700000000000000000e+07,4.000000000000000000e+02,8.000000000000000444e-01,1.000000000000000056e-01,6.826436660000000378e-01,9.121079159999999353e-02
3.900000000000000000e+07,4.000000000000000000e+02,8.000000000000000444e-01,1.000000000000000056e-01,6.866525001000000072e-01,9.185081515000000085e-02
4.100000000000000000e+07,4.000000000000000000e+02,8.000000000000000444e-01,1.000000000000000056e-01,6.906117251000000179e-01,9.248168643000000133e-02
4.300000000000000000e+07,4.000000000000000000e+02,8.000000000000000444e-01,1.000000000000000056e-01,6.945221751000000276e-01,9.310367948999999366e-02
4.500000000000000000e+07,4.000000000000000000e+02,8.000000000000000444e-01,1.000000000000000056e-01,6.983846771999999703e-01,9.371704750999999833e-02
4.700000000000000000e+07,4.000000000000000000e+02,8.000000000000000444e-01,1.000000000000000056e-01,7.022000494000000259e-01,9.432202587000000638e-02
4.900000000000000000e+07,4.000000000000000000e+02,8.000000000000000444e-01,1.000000000000000056e-01,7.059690989000000361e-01,9.491883464000000492e-02
5.100000000000000000e+07,4.000000000000000000e+02,8.000000000000000444e-01,1.000000000000000056e-01,7.096926207999999514e-01,9.550768059000000476e-02
5.300000000000000000e+07,4.000000000000000000e+02,8.000000000000000444e-01,1.000000000000000056e-01,7.133713976000000123e-01,9.608875880999999397e-02
5.500000000000000000e+07,4.000000000000000000e+02,8.000000000000000444e-01,1.000000000000000056e-01,7.170061983000000083e-01,9.666225404999999327e-02
5.700000000000000000e+07,4.000000000000000000e+02,8.000000000000000444e-01,1.000000000000000056e-01,7.205977782000000387e-01,9.722834184999999685e-02
5.900000000000000000e+07,4.000000000000000000e+02,8.000000000000000444e-01,1.000000000000000056e-01,7.241468785000000352e-01,9.778718947999999467e-02
6.100000000000000000e+07,4.000000000000000000e+02,8.000000000000000444e-01,1.000000000000000056e-01,7.276542261999999761e-01,9.833895672999999615e-02
6.300000000000000000e+07,4.000000000000000000e+02,8.000000000000000444e-01,1.000000000000000056e-01,7.311205342000000051e-01,9.888379656000000073e-02
6.500000000000000000e+07,4.000000000000000000e+02,8.000000000000000444e-01,1.000000000000000056e-01,7.345465010999999711e-01,9.942185573999999526e-02
6.700000000000000000e+07,4.000000000000000000e+02,8.000000000000000444e-01,1.000000000000000056e-01,7.379328117000000242e-01,9.995327532999999376e-02
6.900000000000000000e+07,4.000000000000000000e+02,8.000000000000000444e-01,1.000000000000000056e-01,7.412801366000000280e-01,1.004781911000000028e-01
7.100000000000000000e+07,4.000000000000000000e+02,8.000000000000000444e-01,1.000000000000000056e-01,7.445891328000000531e-01,1.009967338000000020e-01
7.300000000000000000e+07,4.000000000000000000e+02,8.000000000000000444e-01,1.000000000000000056e-01,7.478604438999999493e-01,1.015090299000000057e-01
7.500000000000000000e+07,4.000000000000000000e+02,8.000000000000000444e-01,1.000000000000000056e-01,7.510946997999999875e-01,1.020152014000000051e-01
7.700000000000000000e+07,4.000000000000000000e+02,8.000000000000000444e-01,1.000000000000000056e-01,7.542925177000000536e-01,1.025153664000000020e-01
7.900000000000000000e+07,4.000000000000000000e+02,8.000000000000000444e-01,1.000000000000000056e-01,7.574545016999999492e-01,1.030096390999999945e-01
8.100000000000000000e+07,4.000000000000000000e+02,8.000000000000000444e-01,1.000000000000000056e-01,7.605812432999999873e-01,1.034981303999999991e-01
8.300000000000000000e+07,4.000000000000000000e+02,8.000000000000000444e-01,1.000000000000000056e-01,7.636733218000000267e-01,1.039809477000000065e-01
8.500000000000000000e+07,4.000000000000000000e+02,8.000000000000000444e-01,1.000000000000000056e-01,7.667313044000000355e-01,1.044581952000000064e-01
8.700000000000000000e+07,4.000000000000000000e+02,8.000000000000000444e-01,1.000000000000000056e-01,7.697557463999999960e-01,1.049299743000000062e-01
8.900000000000000000e+07,4.000000000000000000e+02,8.000000000000000444e-01,1.000000000000000056e-01,7.727471915000000413e-01,1.053963834000000016e-01
9.100000000000000000e+07,4.000000000000000000e+02,8.000000000000000444e-01,1.000000000000000056e-01,7.757061722000000437e-01,1.058575182000000003e-01
9.300000000000000000e+07,4.000000000000000000e+02,8.000000000000000444e-01,1.000000000000000056e-01,7.786332099999999645e-01,1.063134716999999951e-01
9.500000000000000000e+07,4.000000000000000000e+02,8.000000000000000444e-01,1.000000000000000056e-01,7.815288153999999654e-01,1.067643345999999965e-01
9.700000000000000000e+07,4.000000000000000000e+02,8.000000000000000444e-01,1.000000000000000056e-01,7.843934885000000135e-01,1.072101951000000025e-01
9.900000000000000000e+07,4.000000000000000000e+02,8.000000000000000444e-01,1.000000000000000056e-01,7.872277191000000007e-01,1.076511393000000039e-01
1.000000000000000000e+07,4.000000000000000000e+02,8.000000000000000444e-01,1.000000000000000056e-01,6.232961811999999657e-01,8.142069553000000348e-02
3.000000000000000000e+07,4.000000000000000000e+02,8.000000000000000444e-01,1.000000000000000056e-01,6.682099925000000162e-01,8.889403160999999332e-02
5.000000000000000000e+07,4.000000000000000000e+02,8.000000000000000444e-01,1.000000000000000056e-01,7.078365014999999927e-01,9.521424052000000693e-02
7.000000000000000000e+07,4.000000000000000000e+02,8.000000000000000444e-01,1.000000000000000056e-01,7.429393853000000325e-01,1.007382510999999953e-01
9.000000000000000000e+07,4.000000000000000000e+02,8.000000000000000444e-01,1.000000000000000056e-01,7.742307070999999707e-01,1.056276042000000026e-01
1.000000000000000000e+08,4.000000000000000000e+02,8.000000000000000444e-01,1.000000000000000056e-01,7.886335688000000177e-01,1.078697940000000050e-01
