# pressure,temperature,f1,f2,molkg1,molkg2
1.000000000000000000e+00,4.000000000000000000e+02,8.000000000000000444e-01,1.000000000000000056e-01,1.362400128000000078e-02,1.874153466000000020e-03
3.000000000000000000e+00,4.000000000000000000e+02,8.000000000000000444e-01,1.000000000000000056e-01,3.907855486999999711e-02,5.376644625000000406e-03
5.000000000000000000e+00,4.000000000000000000e+02,8.000000000000000444e-01,1.000000000000000056e-01,6.239306743999999821e-02,8.585773460999999995e-03
7.000000000000000000e+00,4.000000000000000000e+02,8.000000000000000444e-01,1.000000000000000056e-01,8.382645824999999939e-02,1.153698895000000030e-02
9.000000000000000000e+00,4.000000000000000000e+02,8.000000000000000444e-01,1.000000000000000056e-01,1.035975004000000005e-01,1.426024704999999913e-02
1.100000000000000000e+01,4.000000000000000000e+02,8.000000000000000444e-01,1.000000000000000056e-01,1.218923110999999976e-01,1.678103518000000072e-02
1.300000000000000000e+01,4.000000000000000000e+02,8.000000000000000444e-01,1.000000000000000056e-01,1.388702256000000079e-01,1.912117563000000076e-02
1.500000000000000000e+01,4.000000000000000000e+02,8.000000000000000444e-01,1.000000000000000056e-01,1.546684469999999867e-01,2.129946170000000111e-02
1.700000000000000000e+01,4.000000000000000000e+02,8.000000000000000444e-01,1.000000000000000056e-01,1.694057599999999886e-01,2.333216569000000004e-02
1.900000000000000000e+01,4.000000000000000000e+02,8.000000000000000444e-01,1.000000000000000056e-01,1.831855210999999983e-01,2.523344800999999943e-02
2.100000000000000000e+01,4.000000000000000000e+02,8.000000000000000444e-01,1.000000000000000056e-01,1.960980844999999917e-01,2.701568911999999850e-02
2.300000000000000000e+01,4.000000000000000000e+02,8.000000000000000444e-01,1.000000000000000056e-01,2.082227842999999912e-01,2.868976074000000043e-02
2.500000000000000000e+01,4.000000000000000000e+02,8.000000000000000444e-01,1.000000000000000056e-01,2.196295651000000071e-01,3.026524895000000034e-02
2.700000000000000000e+01,4.000000000000000000e+02,8.000000000000000444e-01,1.000000000000000056e-01,2.303803305999999884e-01,3.175063880000000144e-02
2.900000000000000000e+01,4.000000000000000000e+02,8.000000000000000444e-01,1.000000000000000056e-01,2.405300673999999916e-01,3.315346807999999812e-02
3.100000000000000000e+01,4.000000000000000000e+02,8.000000000000000444e-01,1.000000000000000056e-01,2.501277842999999890e-01,3.448045588999999744e-02
3.300000000000000000e+01,4.000000000000000000e+02,8.000000000000000444e-01,1.000000000000000056e-01,2.592173033999999876e-01,3.573761092999999667e-02
3.500000000000000000e+01,4.000000000000000000e+02,8.000000000000000444e-01,1.000000000000000056e-01,2.678379285999999970e-01,3.693032295999999770e-02
3.700000000000000000e+01,4.000000000000000000e+02,8.000000000000000444e-01,1.000000000000000056e-01,2.760250128000000247e-01,3.806344056000000170e-02
3.900000000000000000e+01,4.000000000000000000e+02,8.000000000000000444e-01,1.000000000000000056e-01,2.838104426999999985e-01,3.914133739000000278e-02
4.100000000000000000e+01,4.000000000000000000e+02,8.000000000000000444e-01,1.000000000000000056e-01,2.912230532999999788e-01,4.016796897000000227e-02
4.300000000000000000e+01,4.000000000000000000e+02,8.000000000000000444e-01,1.000000000000000056e-01,2.982889839999999793e-01,4.114692149000000188e-02
4.500000000000000000e+01,4.000000000000000000e+02,8.000000000000000444e-01,1.000000000000000056e-01,3.050319871000000127e-01,4.208145397000000176e-02
4.700000000000000000e+01,4.000000000000000000e+02,8.000000000000000444e-01,1.000000000000000056e-01,3.114736935999999901e-01,4.297453476000000216e-02
4.900000000000000000e+01,4.000000000000000000e+02,8.000000000000000444e-01,1.000000000000000056e-01,3.176338450999999785e-01,4.382887320000000003e-02
5.100000000000000000e+01,4.000000000000000000e+02,8.000000000000000444e-01,1.000000000000000056e-01,3.235304955000000149e-01,4.464694732999999888e-02
5.300000000000000000e+01,4.000000000000000000e+02,8.000000000000000444e-01,1.000000000000000056e-01,3.291801878999999764e-01,4.543102806000000327e-02
5.500000000000000000e+01,4.000000000000000000e+02,8.000000000000000444e-01,1.000000000000000056e-01,3.345981089999999769e-01,4.618320034000000102e-02
5.700000000000000000e+01,4.000000000000000000e+02,8.000000000000000444e-01,1.000000000000000056e-01,3.397982254999999951e-01,4.690538186999999859e-02
5.900000000000000000e+01,4.000000000000000000e+02,8.000000000000000444e-01,1.000000000000000056e-01,3.447934044000000031e-01,4.759933951999999885e-02
6.100000000000000000e+01,4.000000000000000000e+02,8.000000000000000444e-01,1.000000000000000056e-01,3.495955185999999881e-01,4.826670386999999673e-02
6.300000000000000000e+01,4.000000000000000000e+02,8.000000000000000444e-01,1.000000000000000056e-01,3.542155415000000085e-01,4.890898214000000133e-02
6.500000000000000000e+01,4.000000000000000000e+02,8.000000000000000444e-01,1.000000000000000056e-01,3.586636307000000135e-01,4.952756962999999707e-02
6.700000000000000000e+01,4.000000000000000000e+02,8.000000000000000444e-01,1.000000000000000056e-01,3.629492020000000263e-01,5.012375990000000198e-02
6.900000000000000000e+01,4.000000000000000000e+02,8.000000000000000444e-01,1.000000000000000056e-01,3.670809961000000010e-01,5.069875392999999980e-02
7.100000000000000000e+01,4.000000000000000000e+02,8.000000000000000444e-01,1.000000000000000056e-01,3.710671381000000268e-01,5.125366821999999961e-02
7.300000000000000000e+01,4.000000000000000000e+02,8.000000000000000444e-01,1.000000000000000056e-01,3.749151908000000200e-01,5.178954211000000307e-02
7.500000000000000000e+01,4.000000000000000000e+02,8.000000000000000444e-01,1.000000000000000056e-01,3.786322022999999981e-01,5.230734432999999822e-02
7.700000000000000000e+01,4.000000000000000000e+02,8.000000000000000444e-01,1.000000000000000056e-01,3.822247490999999830e-01,5.280797889999999661e-02
7.900000000000000000e+01,4.000000000000000000e+02,8.000000000000000444e-01,1.000000000000000056e-01,3.856989752000000160e-01,5.329229047000000330e-02
8.100000000000000000e+01,4.000000000000000000e+02,8.000000000000000444e-01,1.000000000000000056e-01,3.890606265000000064e-01,5.376106908000000129e-02
8.300000000000000000e+01,4.000000000000000000e+02,8.000000000000000444e-01,1.000000000000000056e-01,3.923150832000000254e-01,5.421505452000000003e-02
8.500000000000000000e+01,4.000000000000000000e+02,8.000000000000000444e-01,1.000000000000000056e-01,3.954673879000000225e-01,5.465494029000000226e-02
8.700000000000000000e+01,4.000000000000000000e+02,8.000000000000000444e-01,1.000000000000000056e-01,3.985222717999999942e-01,5.508137711000000297e-02
8.900000000000000000e+01,4.000000000000000000e+02,8.000000000000000444e-01,1.000000000000000056e-01,4.014841787000000273e-01,5.549497625000000128e-02
9.100000000000000000e+01,4.000000000000000000e+02,8.000000000000000444e-01,1.000000000000000056e-01,4.043572858999999742e-01,5.589631239000000112e-02
9.300000000000000000e+01,4.000000000000000000e+02,8.000000000000000444e-01,1.000000000000000056e-01,4.071455245000000223e-01,5.628592638999999759e-02
9.500000000000000000e+01,4.000000000000000000e+02,8.000000000000000444e-01,1.000000000000000056e-01,4.098525968000000241e-01,5.666432770000000285e-02
9.700000000000000000e+01,4.000000000000000000e+02,8.000000000000000444e-01,1.000000000000000056e-01,4.124819929999999912e-01,5.703199662999999808e-02
9.900000000000000000e+01,4.000000000000000000e+02,8.000000000000000444e-01,1.000000000000000056e-01,4.150370058999999778e-01,5.738938640999999979e-02
1.000000000000000000e+01,4.000000000000000000e+02,8.000000000000000444e-01,1.000000000000000056e-01,1.129189082000000011e-01,1.554450823000000023e-02
3.000000000000000000e+01,4.000000000000000000e+02,8.000000000000000444e-01,1.000000000000000056e-01,2.453950762999999868e-01,3.382605112999999969e-02
5.000000000000000000e+01,4.000000000000000000e+02,8.000000000000000444e-01,1.000000000000000056e-01,3.206140404999999749e-01,4.424229678000000249e-02
7.000000000000000000e+01,4.000000000000000000e+02,8.000000000000000444e-01,1.000000000000000056e-01,3.690917883000000010e-01,5.097865436000000028e-02
9.000000000000000000e+01,4.000000000000000000e+02,8.000000000000000444e-01,1.000000000000000056e-01,4.029315809999999831e-01,5.569714263000000165e-02
1.100000000000000000e+02,4.000000000000000000e+02,8.000000000000000444e-01,1.000000000000000056e-01,4.278907326999999983e-01,5.918929074999999818e-02
1.300000000000000000e+02,4.000000000000000000e+02,8.000000000000000444e-01,1.000000000000000056e-01,4.470575972999999981e-01,6.188018994999999745e-02
1.500000000000000000e+02,4.000000000000000000e+02,8.000000000000000444e-01,1.000000000000000056e-01,4.622374644000000199e-01,6.401861531999999966e-02
1.700000000000000000e+02,4.000000000000000000e+02,8.000000000000000444e-01,1.000000000000000056e-01,4.745561448999999765e-01,6.575988704999999324e-02
1.900000000000000000e+02,4.000000000000000000e+02,8.000000000000000444e-01,1.000000000000000056e-01,4.847521363999999777e-01,6.720600803000000012e-02
2.100000000000000000e+02,4.000000000000000000e+02,8.000000000000000444e-01,1.000000000000000056e-01,4.933299787000000047e-01,6.842674662999999324e-02
2.300000000000000000e+02,4.000000000000000000e+02,8.000000000000000444e-01,1.000000000000000056e-01,5.006460941000000497e-01,6.947144599000000531e-02
2.500000000000000000e+02,4.000000000000000000e+02,8.000000000000000444e-01,1.000000000000000056e-01,5.069594191999999833e-01,7.037599440000000262e-02
2.700000000000000000e+02,4.000000000000000000e+02,8.000000000000000444e-01,1.000000000000000056e-01,5.124625969999999642e-01,7.116712256000000403e-02
2.900000000000000000e+02,4.000000000000000000e+02,8.000000000000000444e-01,1.000000000000000056e-01,5.173019140000000293e-01,7.186515203000000407e-02
3.100000000000000000e+02,4.000000000000000000e+02,8.000000000000000444e-01,1.000000000000000056e-01,5.215904504999999691e-01,7.248580945999999470e-02
3.300000000000000000e+02,4.000000000000000000e+02,8.000000000000000444e-01,1.000000000000000056e-01,5.254169952999999671e-01,7.304145725999999783e-02
3.500000000000000000e+02,4.000000000000000000e+02,8.000000000000000444e-01,1.000000000000000056e-01,5.288522348999999956e-01,7.354194859000000306e-02
3.700000000000000000e+02,4.000000000000000000e+02,8.000000000000000444e-01,1.000000000000000056e-01,5.319531424000000230e-01,7.399523412000000300e-02
3.900000000000000000e+02,4.000000000000000000e+02,8.000000000000000444e-01,1.000000000000000056e-01,5.347661484000000298e-01,7.440780067999999692e-02
4.100000000000000000e+02,4.000000000000000000e+02,8.000000000000000444e-01,1.000000000000000056e-01,5.373294712999999723e-01,7.478499383999999417e-02
4.300000000000000000e+02,4.000000000000000000e+02,8.000000000000000444e-01,1.000000000000000056e-01,5.396748555999999475e-01,7.513125872999999733e-02
4.500000000000000000e+02,4.000000000000000000e+02,8.000000000000000444e-01,1.000000000000000056e-01,5.418288867999999647e-01,7.545032227999999563e-02
4.700000000000000000e+02,4.000000000000000000e+02,8.000000000000000444e-01,1.000000000000000056e-01,5.438139980999999734e-01,7.574533290000000363e-02
4.900000000000000000e+02,4.000000000000000000e+02,8.000000000000000444e-01,1.000000000000000056e-01,5.456492504000000077e-01,7.601896873999999804e-02
5.100000000000000000e+02,4.000000000000000000e+02,8.000000000000000444e-01,1.000000000000000056e-01,5.473509428999999704e-01,7.627352253999999943e-02
5.300000000000000000e+02,4.000000000000000000e+02,8.000000000000000444e-01,1.000000000000000056e-01,5.489330958000000482e-01,7.651096862999999526e-02
5.500000000000000000e+02,4.000000000000000000e+02,8.000000000000000444e-01,1.000000000000000056e-01,5.504078345999999788e-01,7.673301654000000416e-02
5.700000000000000000e+02,4.000000000000000000e+02,8.000000000000000444e-01,1.000000000000000056e-01,5.517857001000000539e-01,7.694115400999999854e-02
5.900000000000000000e+02,4.000000000000000000e+02,8.000000000000000444e-01,1.000000000000000056e-01,5.530758986999999571e-01,7.713668191000000451e-02
6.100000000000000000e+02,4.000000000000000000e+02,8.000000000000000444e-01,1.000000000000000056e-01,5.542865072999999532e-01,7.732074278999999384e-02
6.300000000000000000e+02,4.000000000000000000e+02,8.000000000000000444e-01,1.000000000000000056e-01,5.554246406999999719e-01,7.749434430000000373e-02
6.500000000000000000e+02,4.000000000000000000e+02,8.000000000000000444e-01,1.000000000000000056e-01,5.564965914999999708e-01,7.765837856000000483e-02
6.700000000000000000e+02,4.000000000000000000e+02,8.000000000000000444e-01,1.000000000000000056e-01,5.575079447999999882e-01,7.781363834000000479e-02
6.900000000000000000e+02,4.000000000000000000e+02,8.000000000000000444e-01,1.000000000000000056e-01,5.584636751999999538e-01,7.796083052999999707e-02
7.100000000000000000e+02,4.000000000000000000e+02,8.000000000000000444e-01,1.000000000000000056e-01,5.593682278999999591e-01,7.810058748999999800e-02
7.300000000000000000e+02,4.000000000000000000e+02,8.000000000000000444e-01,1.000000000000000056e-01,5.602255872000000414e-01,7.823347665999999534e-02
7.500000000000000000e+02,4.000000000000000000e+02,8.000000000000000444e-01,1.000000000000000056e-01,5.610393348000000113e-01,7.836000872999999978e-02
7.700000000000000000e+02,4.000000000000000000e+02,8.000000000000000444e-01,1.000000000000000056e-01,5.618126992999999958e-01,7.848064455000000605e-02
7.900000000000000000e+02,4.000000000000000000e+02,8.000000000000000444e-01,1.000000000000000056e-01,5.625485987999999660e-01,7.859580109000000037e-02
8.100000000000000000e+02,4.000000000000000000e+02,8.000000000000000444e-01,1.000000000000000056e-01,5.632496769999999486e-01,7.870585658999999790e-02
8.300000000000000000e+02,4.000000000000000000e+02,8.000000000000000444e-01,1.000000000000000056e-01,5.639183351000000011e-01,7.881115492000000111e-02
8.500000000000000000e+02,4.000000000000000000e+02,8.000000000000000444e-01,1.000000000000000056e-01,5.645567588000000026e-01,7.891200946000000160e-02
8.700000000000000000e+02,4.000000000000000000e+02,8.000000000000000444e-01,1.000000000000000056e-01,5.651669416000000279e-01,7.900870639000000251e-02
8.900000000000000000e+02,4.000000000000000000e+02,8.000000000000000444e-01,1.000000000000000056e-01,5.657507062000000086e-01,7.910150759999999559e-02
9.100000000000000000e+02,4.000000000000000000e+02,8.000000000000000444e-01,1.000000000000000056e-01,5.663097216000000378e-01,7.919065321000000324e-02
9.300000000000000000e+02,4.000000000000000000e+02,8.000000000000000444e-01,1.000000000000000056e-01,5.668455194999999502e-01,7.927636383000000175e-02
9.500000000000000000e+02,4.000000000000000000e+02,8.000000000000000444e-01,1.000000000000000056e-01,5.673595079000000041e-01,7.935884244999999448e-02
9.700000000000000000e+02,4.000000000000000000e+02,8.000000000000000444e-01,1.000000000000000056e-01,5.678529835000000192e-01,7.943827622999999338e-02
9.900000000000000000e+02,4.000000000000000000e+02,8.000000000000000444e-01,1.000000000000000056e-01,5.683271423000000322e-01,7.951483801000000518e-02
1.000000000000000000e+02,4.000000000000000000e+02,8.000000000000000444e-01,1.000000000000000056e-01,4.162875972000000258e-01,5.756436129999999846e-02
3.000000000000000000e+02,4.000000000000000000e+02,8.000000000000000444e-01,1.000000000000000056e-01,5.195089942999999710e-01,7.218431223000000563e-02
5.000000000000000000e+02,4.000000000000000000e+02,8.000000000000000444e-01,1.000000000000000056e-01,5.465158668999999803e-01,7.614850071999999803e-02
7.000000000000000000e+02,4.000000000000000000e+02,8.000000000000000444e-01,1.000000000000000056e-01,5.589220897000000132e-01,7.803160151999999350e-02
9.000000000000000000e+02,4.000000000000000000e+02,8.000000000000000444e-01,1.000000000000000056e-01,5.660332086999999568e-01,7.914652312999999328e-02
1.100000000000000000e+03,4.000000000000000000e+02,8.000000000000000444e-01,1.000000000000000056e-01,5.706352069000000249e-01,7.989117740999999995e-02
1.300000000000000000e+03,4.000000000000000000e+02,8.000000000000000444e-01,1.000000000000000056e-01,5.738523692000000453e-01,8.042803567999999570e-02
1.500000000000000000e+03,4.000000000000000000e+02,8.000000000000000444e-01,1.000000000000000056e-01,5.762251413000000211e-01,8.083609703999999896e-02
1.700000000000000000e+03,4.000000000000000000e+02,8.000000000000000444e-01,1.000000000000000056e-01,5.780454406999999684e-01,8.115851505000000465e-02
1.900000000000000000e+03,4.000000000000000000e+02,8.000000000000000444e-01,1.000000000000000056e-01,5.794847228999999711e-01,8.142091865999999400e-02
2.100000000000000000e+03,4.000000000000000000e+02,8.000000000000000444e-01,1.000000000000000056e-01,5.806502727000000252e-01,8.163952171999999674e-02
2.300000000000000000e+03,4.000000000000000000e+02,8.000000000000000444e-01,1.000000000000000056e-01,5.816126367999999713e-01,8.182510233999999716e-02
2.500000000000000000e+03,4.000000000000000000e+02,8.000000000000000444e-01,1.000000000000000056e-01,5.824200961000000065e-01,8.198511680999999440e-02
2.700000000000000000e+03,4.000000000000000000e+02,8.000000000000000444e-01,1.000000000000000056e-01,5.831067999000000279e-01,8.212489554000000636e-02
2.900000000000000000e+03,4.000000000000000000e+02,8.000000000000000444e-01,1.000000000000000056e-01,5.836975776999999699e-01,8.224835547999999330e-02
3.100000000000000000e+03,4.000000000000000000e+02,8.000000000000000444e-01,1.000000000000000056e-01,5.842109120999999794e-01,8.235844305999999448e-02
3.300000000000000000e+03,4.000000000000000000e+02,8.000000000000000444e-01,1.000000000000000056e-01,5.846608419000000056e-01,8.245741977999999917e-02
3.500000000000000000e+03,4.000000000000000000e+02,8.000000000000000444e-01,1.000000000000000056e-01,5.850582201999999787e-01,8.254705209000000321e-02
3.700000000000000000e+03,4.000000000000000000e+02,8.000000000000000444e-01,1.000000000000000056e-01,5.854115679000000405e-01,8.262874118999999351e-02
3.900000000000000000e+03,4.000000000000000000e+02,8.000000000000000444e-01,1.000000000000000056e-01,5.857276674000000405e-01,8.270361376000000264e-02
4.100000000000000000e+03,4.000000000000000000e+02,8.000000000000000444e-01,1.000000000000000056e-01,5.860119831000000223e-01,8.277258681999999368e-02
4.300000000000000000e+03,4.000000000000000000e+02,8.000000000000000444e-01,1.000000000000000056e-01,5.862689666000000521e-01,8.283641491000000301e-02
4.500000000000000000e+03,4.000000000000000000e+02,8.000000000000000444e-01,1.000000000000000056e-01,5.865022801999999480e-01,8.289572504000000674e-02
4.700000000000000000e+03,4.000000000000000000e+02,8.000000000000000444e-01,1.000000000000000056e-01,5.867149638999999972e-01,8.295104285000000355e-02
4.900000000000000000e+03,4.000000000000000000e+02,8.000000000000000444e-01,1.000000000000000056e-01,5.869095622000000123e-01,8.300281263000000576e-02
5.100000000000000000e+03,4.000000000000000000e+02,8.000000000000000444e-01,1.000000000000000056e-01,5.870882204999999798e-01,8.305141267000000493e-02
5.300000000000000000e+03,4.000000000000000000e+02,8.000000000000000444e-01,1.000000000000000056e-01,5.872527602999999541e-01,8.309716728999999580e-02
5.500000000000000000e+03,4.000000000000000000e+02,8.000000000000000444e-01,1.000000000000000056e-01,5.874047380000000373e-01,8.314035627999999400e-02
5.700000000000000000e+03,4.000000000000000000e+02,8.000000000000000444e-01,1.000000000000000056e-01,5.875454913000000001e-01,8.318122242000000610e-02
5.900000000000000000e+03,4.000000000000000000e+02,8.000000000000000444e-01,1.000000000000000056e-01,5.876761758999999863e-01,8.321997747999999862e-02
6.100000000000000000e+03,4.000000000000000000e+02,8.000000000000000444e-01,1.000000000000000056e-01,5.877977957000000142e-01,8.325680716000000148e-02
6.300000000000000000e+03,4.000000000000000000e+02,8.000000000000000444e-01,1.000000000000000056e-01,5.879112266999999559e-01,8.329187500000000133e-02
6.500000000000000000e+03,4.000000000000000000e+02,8.000000000000000444e-01,1.000000000000000056e-01,5.880172365000000401e-01,8.332532570999999499e-02
6.700000000000000000e+03,4.000000000000000000e+02,8.000000000000000444e-01,1.000000000000000056e-01,5.881165009000000055e-01,8.335728778999999811e-02
6.900000000000000000e+03,4.000000000000000000e+02,8.000000000000000444e-01,1.000000000000000056e-01,5.882096167000000486e-01,8.338787585000000113e-02
7.100000000000000000e+03,4.000000000000000000e+02,8.000000000000000444e-01,1.000000000000000056e-01,5.882971133000000075e-01,8.341719241999999424e-02
7.300000000000000000e+03,4.000000000000000000e+02,8.000000000000000444e-01,1.000000000000000056e-01,5.883794613999999701e-01,8.344532959000000583e-02
7.500000000000000000e+03,4.000000000000000000e+02,8.000000000000000444e-01,1.000000000000000056e-01,5.884570815999999871e-01,8.347237029000000030e-02
7.700000000000000000e+03,4.000000000000000000e+02,8.000000000000000444e-01,1.000000000000000056e-01,5.885303499999999799e-01,8.349838944000000096e-02
7.900000000000000000e+03,4.000000000000000000e+02,8.000000000000000444e-01,1.000000000000000056e-01,5.885996046999999454e-01,8.352345492000000371e-02
8.100000000000000000e+03,4.000000000000000000e+02,8.000000000000000444e-01,1.000000000000000056e-01,5.886651499999999704e-01,8.354762840000000412e-02
8.300000000000000000e+03,4.000000000000000000e+02,8.000000000000000444e-01,1.000000000000000056e-01,5.887272606000000241e-01,8.357096605000000067e-02
8.500000000000000000e+03,4.000000000000000000e+02,8.000000000000000444e-01,1.000000000000000056e-01,5.887861850000000175e-01,8.359351915000000355e-02
8.700000000000000000e+03,4.000000000000000000e+02,8.000000000000000444e-01,1.000000000000000056e-01,5.888421488999999731e-01,8.361533461999999528e-02
8.900000000000000000e+03,4.000000000000000000e+02,8.000000000000000444e-01,1.000000000000000056e-01,5.888953571999999692e-01,8.363645550999999900e-02
9.100000000000000000e+03,4.000000000000000000e+02,8.000000000000000444e-01,1.000000000000000056e-01,5.889459968000000378e-01,8.365692135999999723e-02
9.300000000000000000e+03,4.000000000000000000e+02,8.000000000000000444e-01,1.000000000000000056e-01,5.889942381999999643e-01,8.367676859000000578e-02
9.500000000000000000e+03,4.000000000000000000e+02,8.000000000000000444e-01,1.000000000000000056e-01,5.890402375000000079e-01,8.369603082000000305e-02
9.700000000000000000e+03,4.000000000000000000e+02,8.000000000000000444e-01,1.000000000000000056e-01,5.890841377000000101e-01,8.371473910000000462e-02
9.900000000000000000e+03,4.000000000000000000e+02,8.000000000000000444e-01,1.000000000000000056e-01,5.891260700999999544e-01,8.373292220000000396e-02
1.000000000000000000e+03,4.000000000000000000e+02,8.000000000000000444e-01,1.000000000000000056e-01,5.685573264000000071e-01,7.955209231000000270e-02
3.000000000000000000e+03,4.000000000000000000e+02,8.000000000000000444e-01,1.000000000000000056e-01,5.839629608999999943e-01,8.230491600000000574e-02
5.000000000000000000e+03,4.000000000000000000e+02,8.000000000000000444e-01,1.000000000000000056e-01,5.870007632000000530e-01,8.302748745000000652e-02
7.000000000000000000e+03,4.000000000000000000e+02,8.000000000000000444e-01,1.000000000000000056e-01,5.882540366999999826e-01,8.340268708999999669e-02
9.000000000000000000e+03,4.000000000000000000e+02,8.000000000000000444e-01,1.000000000000000056e-01,5.889209870999999596e-01,8.364676796999999386e-02
1.100000000000000000e+04,4.000000000000000000e+02,8.000000000000000444e-01,1.000000000000000056e-01,5.893264728999999535e-01,8.382464426999999829e-02
1.300000000000000000e+04,4.000000000000000000e+02,8.000000000000000444e-01,1.000000000000000056e-01,5.895941300999999468e-01,8.396339181999999679e-02
1.500000000000000000e+04,4.000000000000000000e+02,8.000000000000000444e-01,1.000000000000000056e-01,5.897809394999999899e-01,8.407659665000000171e-02
1.700000000000000000e+04,4.000000000000000000e+02,8.000000000000000444e-01,1.000000000000000056e-01,5.899166601999999981e-01,8.417194557000000354e-02
1.900000000000000000e+04,4.000000000000000000e+02,8.000000000000000444e-01,1.000000000000000056e-01,5.900182752000000530e-01,8.425417185000000364e-02
2.100000000000000000e+04,4.000000000000000000e+02,8.000000000000000444e-01,1.000000000000000056e-01,5.900961421000000540e-01,8.432637960000000099e-02
2.300000000000000000e+04,4.000000000000000000e+02,8.000000000000000444e-01,1.000000000000000056e-01,5.901569123000000028e-01,8.439070622000000022e-02
2.500000000000000000e+04,4.000000000000000000e+02,8.000000000000000444e-01,1.000000000000000056e-01,5.902050375999999821e-01,8.444868168999999924e-02
2.700000000000000000e+04,4.000000000000000000e+02,8.000000000000000444e-01,1.000000000000000056e-01,5.902436000999999877e-01,8.450143642000000621e-02
2.900000000000000000e+04,4.000000000000000000e+02,8.000000000000000444e-01,1.000000000000000056e-01,5.902747949000000105e-01,8.454982784999999501e-02
3.100000000000000000e+04,4.000000000000000000e+02,8.000000000000000444e-01,1.000000000000000056e-01,5.903002230999999655e-01,8.459452093000000006e-02
3.300000000000000000e+04,4.000000000000000000e+02,8.000000000000000444e-01,1.000000000000000056e-01,5.903210767000000025e-01,8.463604121999999952e-02
3.500000000000000000e+04,4.000000000000000000e+02,8.000000000000000444e-01,1.000000000000000056e-01,5.903382591000000401e-01,8.467481093999999764e-02
3.700000000000000000e+04,4.000000000000000000e+02,8.000000000000000444e-01,1.000000000000000056e-01,5.903524655999999871e-01,8.471117418000000121e-02
3.900000000000000000e+04,4.000000000000000000e+02,8.000000000000000444e-01,1.000000000000000056e-01,5.903642386999999880e-01,8.474541490999999704e-02
4.100000000000000000e+04,4.000000000000000000e+02,8.000000000000000444e-01,1.000000000000000056e-01,5.903740067999999619e-01,8.477777010999999752e-02
4.300000000000000000e+04,4.000000000000000000e+02,8.000000000000000444e-01,1.000000000000000056e-01,5.903821122000000310e-01,8.480843950999999992e-02
4.500000000000000000e+04,4.000000000000000000e+02,8.000000000000000444e-01,1.000000000000000056e-01,5.903888306000000252e-01,8.483759295999999950e-02
4.700000000000000000e+04,4.000000000000000000e+02,8.000000000000000444e-01,1.000000000000000056e-01,5.903943861999999543e-01,8.486537606999999817e-02
4.900000000000000000e+04,4.000000000000000000e+02,8.000000000000000444e-01,1.000000000000000056e-01,5.903989629000000461e-01,8.489191460000000689e-02
5.100000000000000000e+04,4.000000000000000000e+02,8.000000000000000444e-01,1.000000000000000056e-01,5.904027124999999820e-01,8.491731784999999311e-02
5.300000000000000000e+04,4.000000000000000000e+02,8.000000000000000444e-01,1.000000000000000056e-01,5.904057610999999817e-01,8.494168145000000059e-02
5.500000000000000000e+04,4.000000000000000000e+02,8.000000000000000444e-01,1.000000000000000056e-01,5.904082139999999868e-01,8.496508947000000478e-02
5.700000000000000000e+04,4.000000000000000000e+02,8.000000000000000444e-01,1.000000000000000056e-01,5.904101600000000172e-01,8.498761627999999735e-02
5.900000000000000000e+04,4.000000000000000000e+02,8.000000000000000444e-01,1.000000000000000056e-01,5.904116739000000447e-01,8.500932791000000155e-02
6.100000000000000000e+04,4.000000000000000000e+02,8.000000000000000444e-01,1.000000000000000056e-01,5.904128190999999859e-01,8.503028328999999441e-02
6.300000000000000000e+04,4.000000000000000000e+02,8.000000000000000444e-01,1.000000000000000056e-01,5.904136496999999872e-01,8.505053521000000005e-02
6.500000000000000000e+04,4.000000000000000000e+02,8.000000000000000444e-01,1.000000000000000056e-01,5.904142122000000104e-01,8.507013114000000487e-02
6.700000000000000000e+04,4.000000000000000000e+02,8.000000000000000444e-01,1.000000000000000056e-01,5.904145462000000011e-01,8.508911392000000073e-02
6.900000000000000000e+04,4.000000000000000000e+02,8.000000000000000444e-01,1.000000000000000056e-01,5.904146860000000219e-01,8.510752235000000609e-02
7.100000000000000000e+04,4.000000000000000000e+02,8.000000000000000444e-01,1.000000000000000056e-01,5.904146609999999518e-01,8.512539167999999545e-02
7.300000000000000000e+04,4.000000000000000000e+02,8.000000000000000444e-01,1.000000000000000056e-01,5.904144970000000381e-01,8.514275401000000187e-02
7.500000000000000000e+04,4.000000000000000000e+02,8.000000000000000444e-01,1.000000000000000056e-01,5.904142162000000083e-01,8.515963866999999576e-02
7.700000000000000000e+04,4.000000000000000000e+02,8.000000000000000444e-01,1.000000000000000056e-01,5.904138378000000076e-01,8.517607253999999462e-02
7.900000000000000000e+04,4.000000000000000000e+02,8.000000000000000444e-01,1.000000000000000056e-01,5.904133789000000077e-01,8.519208027999999877e-02
8.100000000000000000e+04,4.000000000000000000e+02,8.000000000000000444e-01,1.000000000000000056e-01,5.904128539999999870e-01,8.520768458999999906e-02
8.300000000000000000e+04,4.000000000000000000e+02,8.000000000000000444e-01,1.000000000000000056e-01,5.904122762000000302e-01,8.522290640999999334e-02
8.500000000000000000e+04,4.000000000000000000e+02,8.000000000000000444e-01,1.000000000000000056e-01,5.904116566999999538e-01,8.523776511000000222e-02
8.700000000000000000e+04,4.000000000000000000e+02,8.000000000000000444e-01,1.000000000000000056e-01,5.904110054000000218e-01,8.525227860999999574e-02
8.900000000000000000e+04,4.000000000000000000e+02,8.000000000000000444e-01,1.000000000000000056e-01,5.904103311999999715e-01,8.526646354000000372e-02
9.100000000000000000e+04,4.000000000000000000e+02,8.000000000000000444e-01,1.000000000000000056e-01,5.904096414999999709e-01,8.528033538000000247e-02
9.300000000000000000e+04,4.000000000000000000e+02,8.000000000000000444e-01,1.000000000000000056e-01,5.904089431000000276e-01,8.529390851000000218e-02
9.500000000000000000e+04,4.000000000000000000e+02,8.000000000000000444e-01,1.000000000000000056e-01,5.904082420999999803e-01,8.530719637000000466e-02
9.700000000000000000e+04,4.000000000000000000e+02,8.000000000000000444e-01,1.000000000000000056e-01,5.904075435000000205e-01,8.532021150000000664e-02
9.900000000000000000e+04,4.000000000000000000e+02,8.000000000000000444e-01,1.000000000000000056e-01,5.904068519999999820e-01,8.533296564999999501e-02
1.000000000000000000e+04,4.000000000000000000e+02,8.000000000000000444e-01,1.000000000000000056e-01,5.891463365000000341e-01,8.374182521999999629e-02
3.000000000000000000e+04,4.000000000000000000e+02,8.000000000000000444e-01,1.000000000000000056e-01,5.902881474000000184e-01,8.457260106000000222e-02
5.000000000000000000e+04,4.000000000000000000e+02,8.000000000000000444e-01,1.000000000000000056e-01,5.904009327000000473e-01,8.490475187000000312e-02
7.000000000000000000e+04,4.000000000000000000e+02,8.000000000000000444e-01,1.000000000000000056e-01,5.904146923999999963e-01,8.511652231999999874e-02
9.000000000000000000e+04,4.000000000000000000e+02,8.000000000000000444e-01,1.000000000000000056e-01,5.904099877999999801e-01,8.527343766999999353e-02
1.100000000000000000e+05,4.000000000000000000e+02,8.000000000000000444e-01,1.000000000000000056e-01,5.904033333999999522e-01,8.539890746000000643e-02
1.300000000000000000e+05,4.000000000000000000e+02,8.000000000000000444e-01,1.000000000000000056e-01,5.903990615999999969e-01,8.550397807000000017e-02
1.500000000000000000e+05,4.000000000000000000e+02,8.000000000000000444e-01,1.000000000000000056e-01,5.903982671999999932e-01,8.559474036000000452e-02
1.700000000000000000e+05,4.000000000000000000e+02,8.000000000000000444e-01,1.000000000000000056e-01,5.904010440000000415e-01,8.567490961000000238e-02
1.900000000000000000e+05,4.000000000000000000e+02,8.000000000000000444e-01,1.000000000000000056e-01,5.904071658999999750e-01,8.574691924999999770e-02
2.100000000000000000e+05,4.000000000000000000e+02,8.000000000000000444e-01,1.000000000000000056e-01,5.904163203000000193e-01,8.581244995999999514e-02
2.300000000000000000e+05,4.000000000000000000e+02,8.000000000000000444e-01,1.000000000000000056e-01,5.904281908999999828e-01,8.587271122999999562e-02
2.500000000000000000e+05,4.000000000000000000e+02,8.000000000000000444e-01,1.000000000000000056e-01,5.904424861000000524e-01,8.592860247000000395e-02
2.700000000000000000e+05,4.000000000000000000e+02,8.000000000000000444e-01,1.000000000000000056e-01,5.904589471000000200e-01,8.598081074999999740e-02
2.900000000000000000e+05,4.000000000000000000e+02,8.000000000000000444e-01,1.000000000000000056e-01,5.904773477000000437e-01,8.602987274999999989e-02
3.100000000000000000e+05,4.000000000000000000e+02,8.000000000000000444e-01,1.000000000000000056e-01,5.904974911999999465e-01,8.607621567999999834e-02
3.300000000000000000e+05,4.000000000000000000e+02,8.000000000000000444e-01,1.000000000000000056e-01,5.905192067000000211e-01,8.612018519000000372e-02
3.500000000000000000e+05,4.000000000000000000e+02,8.000000000000000444e-01,1.000000000000000056e-01,5.905423455999999627e-01,8.616206486999999914e-02
3.700000000000000000e+05,4.000000000000000000e+02,8.000000000000000444e-01,1.000000000000000056e-01,5.905667783000000393e-01,8.620209031000000688e-02
3.900000000000000000e+05,4.000000000000000000e+02,8.000000000000000444e-01,1.000000000000000056e-01,5.905923910999999471e-01,8.624045931000000331e-02
4.100000000000000000e+05,4.000000000000000000e+02,8.000000000000000444e-01,1.000000000000000056e-01,5.906190841999999774e-01,8.627733959000000175e-02
4.300000000000000000e+05,4.000000000000000000e+02,8.000000000000000444e-01,1.000000000000000056e-01,5.906467695999999545e-01,8.631287460000000578e-02
4.500000000000000000e+05,4.000000000000000000e+02,8.000000000000000444e-01,1.000000000000000056e-01,5.906753690999999584e-01,8.634718795000000113e-02
4.700000000000000000e+05,4.000000000000000000e+02,8.000000000000000444e-01,1.000000000000000056e-01,5.907048132000000118e-01,8.638038694999999878e-02
4.900000000000000000e+05,4.000000000000000000e+02,8.000000000000000444e-01,1.000000000000000056e-01,5.907350397999999725e-01,8.641256533999999712e-02
5.100000000000000000e+05,4.000000000000000000e+02,8.000000000000000444e-01,1.000000000000000056e-01,5.907659932000000058e-01,8.644380548999999747e-02
5.300000000000000000e+05,4.000000000000000000e+02,8.000000000000000444e-01,1.000000000000000056e-01,5.907976234999999798e-01,8.647418014999999625e-02
5.500000000000000000e+05,4.000000000000000000e+02,8.000000000000000444e-01,1.000000000000000056e-01,5.908298854000000322e-01,8.650375392999999635e-02
5.700000000000000000e+05,4.000000000000000000e+02,8.000000000000000444e-01,1.000000000000000056e-01,5.908627381000000067e-01,8.653258443000000355e-02
5.900000000000000000e+05,4.000000000000000000e+02,8.000000000000000444e-01,1.000000000000000056e-01,5.908961444000000451e-01,8.656072324999999901e-02
6.100000000000000000e+05,4.000000000000000000e+02,8.000000000000000444e-01,1.000000000000000056e-01,5.909300705000000153e-01,8.658821678000000466e-02
6.300000000000000000e+05,4.000000000000000000e+02,8.000000000000000444e-01,1.000000000000000056e-01,5.909644856000000335e-01,8.661510686999999986e-02
6.500000000000000000e+05,4.000000000000000000e+02,8.000000000000000444e-01,1.000000000000000056e-01,5.909993612999999701e-01,8.664143143999999963e-02
6.700000000000000000e+05,4.000000000000000000e+02,8.000000000000000444e-01,1.000000000000000056e-01,5.910346717000000138e-01,8.666722491999999389e-02
6.900000000000000000e+05,4.000000000000000000e+02,8.000000000000000444e-01,1.000000000000000056e-01,5.910703930999999800e-01,8.669251867999999694e-02
7.100000000000000000e+05,4.000000000000000000e+02,8.000000000000000444e-01,1.000000000000000056e-01,5.911065033000000302e-01,8.671734137999999315e-02
7.300000000000000000e+05,4.000000000000000000e+02,8.000000000000000444e-01,1.000000000000000056e-01,5.911429821999999445e-01,8.674171927000000337e-02
7.500000000000000000e+05,4.000000000000000000e+02,8.000000000000000444e-01,1.000000000000000056e-01,5.911798109000000467e-01,8.676567648999999882e-02
7.700000000000000000e+05,4.000000000000000000e+02,8.000000000000000444e-01,1.000000000000000056e-01,5.912169720000000073e-01,8.678923520999999586e-02
7.900000000000000000e+05,4.000000000000000000e+02,8.000000000000000444e-01,1.000000000000000056e-01,5.912544493000000401e-01,8.681241591999999674e-02
8.100000000000000000e+05,4.000000000000000000e+02,8.000000000000000444e-01,1.000000000000000056e-01,5.912922277000000060e-01,8.683523756000000038e-02
8.300000000000000000e+05,4.000000000000000000e+02,8.000000000000000444e-01,1.000000000000000056e-01,5.913302932999999761e-01,8.685771767000000088e-02
8.500000000000000000e+05,4.000000000000000000e+02,8.000000000000000444e-01,1.000000000000000056e-01,5.913686328999999686e-01,8.687987251999999827e-02
8.700000000000000000e+05,4.000000000000000000e+02,8.000000000000000444e-01,1.000000000000000056e-01,5.914072342999999732e-01,8.690171725999999708e-02
8.900000000000000000e+05,4.000000000000000000e+02,8.000000000000000444e-01,1.000000000000000056e-01,5.914460860000000375e-01,8.692326597999999738e-02
9.100000000000000000e+05,4.000000000000000000e+02,8.000000000000000444e-01,1.000000000000000056e-01,5.914851772000000452e-01,8.694453185000000639e-02
9.300000000000000000e+05,4.000000000000000000e+02,8.000000000000000444e-01,1.000000000000000056e-01,5.915244979999999542e-01,8.696552713999999851e-02
9.500000000000000000e+05,4.000000000000000000e+02,8.000000000000000444e-01,1.000000000000000056e-01,5.915640385999999529e-01,8.698626337999999791e-02
9.700000000000000000e+05,4.000000000000000000e+02,8.000000000000000444e-01,1.000000000000000056e-01,5.916037902999999876e-01,8.700675133999999367e-02
9.900000000000000000e+05,4.000000000000000000e+02,8.000000000000000444e-01,1.000000000000000056e-01,5.916437447000000294e-01,8.702700113000000348e-02
1.000000000000000000e+05,4.000000000000000000e+02,8.000000000000000444e-01,1.000000000000000056e-01,5.904065102000000120e-01,8.533924832000000515e-02
3.000000000000000000e+05,4.000000000000000000e+02,8.000000000000000444e-01,1.000000000000000056e-01,5.904872128999999470e-01,8.605336083999999552e-02
5.000000000000000000e+05,4.000000000000000000e+02,8.000000000000000444e-01,1.000000000000000056e-01,5.907504288999999575e-01,8.642829793999999566e-02
7.000000000000000000e+05,4.000000000000000000e+02,8.000000000000000444e-01,1.000000000000000056e-01,5.910884009000000328e-01,8.670498721000000075e-02
9.000000000000000000e+05,4.000000000000000000e+02,8.000000000000000444e-01,1.000000000000000056e-01,5.914656023000000040e-01,8.693393348000000298e-02
1.100000000000000000e+06,4.000000000000000000e+02,8.000000000000000444e-01,1.000000000000000056e-01,5.918667816999999554e-01,8.713451608000000181e-02
1.300000000000000000e+06,4.000000000000000000e+02,8.000000000000000444e-01,1.000000000000000056e-01,5.922840215000000352e-01,8.731625663000000537e-02
1.500000000000000000e+06,4.000000000000000000e+02,8.000000000000000444e-01,1.000000000000000056e-01,5.927126869000000076e-01,8.748454627000000483e-02
1.700000000000000000e+06,4.000000000000000000e+02,8.000000000000000444e-01,1.000000000000000056e-01,5.931498319000000352e-01,8.764273609000000631e-02
1.900000000000000000e+06,4.000000000000000000e+02,8.000000000000000444e-01,1.000000000000000056e-01,5.935934676999999882e-01,8.779305238000000011e-02
2.100000000000000000e+06,4.000000000000000000e+02,8.000000000000000444e-01,1.000000000000000056e-01,5.940421881999999876e-01,8.793704987000000584e-02
2.300000000000000000e+06,4.000000000000000000e+02,8.000000000000000444e-01,1.000000000000000056e-01,5.944949632999999567e-01,8.807585744000000216e-02
2.500000000000000000e+06,4.000000000000000000e+02,8.000000000000000444e-01,1.000000000000000056e-01,5.949510154999999578e-01,8.821032077000000304e-02
2.700000000000000000e+06,4.000000000000000000e+02,8.000000000000000444e-01,1.000000000000000056e-01,5.954097436999999937e-01,8.834108984999999858e-02
2.900000000000000000e+06,4.000000000000000000e+02,8.000000000000000444e-01,1.000000000000000056e-01,5.958706737000000198e-01,8.846867510000000490e-02
3.100000000000000000e+06,4.000000000000000000e+02,8.000000000000000444e-01,1.000000000000000056e-01,5.963334248999999643e-01,8.859348468000000087e-02
3.300000000000000000e+06,4.000000000000000000e+02,8.000000000000000444e-01,1.000000000000000056e-01,5.967976872000000377e-01,8.871585014999999741e-02
3.500000000000000000e+06,4.000000000000000000e+02,8.000000000000000444e-01,1.000000000000000056e-01,5.972632047000000499e-01,8.883604452000000429e-02
3.700000000000000000e+06,4.000000000000000000e+02,8.000000000000000444e-01,1.000000000000000056e-01,5.977297637999999802e-01,8.895429527999999808e-02
3.900000000000000000e+06,4.000000000000000000e+02,8.000000000000000444e-01,1.000000000000000056e-01,5.981971843000000177e-01,8.907079401999999646e-02
4.100000000000000000e+06,4.000000000000000000e+02,8.000000000000000444e-01,1.000000000000000056e-01,5.986653130000000322e-01,8.918570359999999919e-02
4.300000000000000000e+06,4.000000000000000000e+02,8.000000000000000444e-01,1.000000000000000056e-01,5.991340185000000318e-01,8.929916363999999829e-02
4.500000000000000000e+06,4.000000000000000000e+02,8.000000000000000444e-01,1.000000000000000056e-01,5.996031873999999595e-01,8.941129474999999494e-02
4.700000000000000000e+06,4.000000000000000000e+02,8.000000000000000444e-01,1.000000000000000056e-01,6.000727209999999756e-01,8.952220182999999498e-02
4.900000000000000000e+06,4.000000000000000000e+02,8.000000000000000444e-01,1.000000000000000056e-01,6.005425329000000367e-01,8.963197671000000533e-02
5.100000000000000000e+06,4.000000000000000000e+02,8.000000000000000444e-01,1.000000000000000056e-01,6.010125472999999774e-01,8.974070022999999785e-02
5.300000000000000000e+06,4.000000000000000000e+02,8.000000000000000444e-01,1.000000000000000056e-01,6.014826971000000189e-01,8.984844391000000596e-02
5.500000000000000000e+06,4.000000000000000000e+02,8.000000000000000444e-01,1.000000000000000056e-01,6.019529229000000203e-01,8.995527137999999312e-02
5.700000000000000000e+06,4.000000000000000000e+02,8.000000000000000444e-01,1.000000000000000056e-01,6.024231716000000292e-01,9.006123946999999852e-02
5.900000000000000000e+06,4.000000000000000000e+02,8.000000000000000444e-01,1.000000000000000056e-01,6.028933957000000010e-01,9.016639915000000671e-02
6.100000000000000000e+06,4.000000000000000000e+02,8.000000000000000444e-01,1.000000000000000056e-01,6.033635526999999721e-01,9.027079632999999992e-02
6.300000000000000000e+06,4.000000000000000000e+02,8.000000000000000444e-01,1.000000000000000056e-01,6.038336039999999683e-01,9.037447249999999710e-02
6.500000000000000000e+06,4.000000000000000000e+02,8.000000000000000444e-01,1.000000000000000056e-01,6.043035151000000216e-01,9.047746530000000398e-02
6.700000000000000000e+06,4.000000000000000000e+02,8.000000000000000444e-01,1.000000000000000056e-01,6.047732543999999599e-01,9.057980894999999311e-02
6.900000000000000000e+06,4.000000000000000000e+02,8.000000000000000444e-01,1.000000000000000056e-01,6.052427933999999787e-01,9.068153467999999495e-02
7.100000000000000000e+06,4.000000000000000000e+02,8.000000000000000444e-01,1.000000000000000056e-01,6.057121062000000444e-01,9.078267108000000196e-02
7.300000000000000000e+06,4.000000000000000000e+02,8.000000000000000444e-01,1.000000000000000056e-01,6.061811687999999476e-01,9.088324436000000395e-02
7.500000000000000000e+06,4.000000000000000000e+02,8.000000000000000444e-01,1.000000000000000056e-01,6.066499597000000188e-01,9.098327864999999903e-02
7.700000000000000000e+06,4.000000000000000000e+02,8.000000000000000444e-01,1.000000000000000056e-01,6.071184589000000464e-01,9.108279616999999384e-02
7.900000000000000000e+06,4.000000000000000000e+02,8.000000000000000444e-01,1.000000000000000056e-01,6.075866480999999597e-01,9.118181745999999477e-02
8.100000000000000000e+06,4.000000000000000000e+02,8.000000000000000444e-01,1.000000000000000056e-01,6.080545105000000339e-01,9.128036155999999512e-02
8.300000000000000000e+06,4.000000000000000000e+02,8.000000000000000444e-01,1.000000000000000056e-01,6.085220304999999774e-01,9.137844609999999645e-02
8.500000000000000000e+06,4.000000000000000000e+02,8.000000000000000444e-01,1.000000000000000056e-01,6.089891938999999477e-01,9.147608749999999733e-02
8.700000000000000000e+06,4.000000000000000000e+02,8.000000000000000444e-01,1.000000000000000056e-01,6.094559873999999544e-01,9.157330102999999832e-02
8.900000000000000000e+06,4.000000000000000000e+02,8.000000000000000444e-01,1.000000000000000056e-01,6.099223987999999874e-01,9.167010094999999970e-02
9.100000000000000000e+06,4.000000000000000000e+02,8.000000000000000444e-01,1.000000000000000056e-01,6.103884167999999999e-01,9.176650057999999333e-02
9.300000000000000000e+06,4.000000000000000000e+02,8.000000000000000444e-01,1.000000000000000056e-01,6.108540308000000030e-01,9.186251238999999791e-02
9.500000000000000000e+06,4.000000000000000000e+02,8.000000000000000444e-01,1.000000000000000056e-01,6.113192311999999795e-01,9.195814806999999536e-02
9.700000000000000000e+06,4.000000000000000000e+02,8.000000000000000444e-01,1.000000000000000056e-01,6.117840087000000482e-01,9.205341859000000515e-02
9.900000000000000000e+06,4.000000000000000000e+02,8.000000000000000444e-01,1.000000000000000056e-01,6.122483549999999664e-01,9.214833427999999382e-02
1.000000000000000000e+06,4.000000000000000000e+02,8.000000000000000444e-01,1.000000000000000056e-01,5.916637953000000172e-01,8.703703972000000066e-02
3.000000000000000000e+06,4.000000000000000000e+02,8.000000000000000444e-01,1.000000000000000056e-01,5.961018424999999787e-01,8.853140456999999963e-02
5.000000000000000000e+06,4.000000000000000000e+02,8.000000000000000444e-01,1.000000000000000056e-01,6.007775190999999904e-01,8.968646521999999732e-02
7.000000000000000000e+06,4.000000000000000000e+02,8.000000000000000444e-01,1.000000000000000056e-01,6.054774795999999792e-01,9.073217486000000054e-02
9.000000000000000000e+06,4.000000000000000000e+02,8.000000000000000444e-01,1.000000000000000056e-01,6.101554577000000146e-01,9.171835000000000404e-02
1.100000000000000000e+07,4.000000000000000000e+02,8.000000000000000444e-01,1.000000000000000056e-01,6.147942258999999909e-01,9.266443533000000288e-02
1.300000000000000000e+07,4.000000000000000000e+02,8.000000000000000444e-01,1.000000000000000056e-01,6.193859173000000329e-01,9.358015255000000365e-02
1.500000000000000000e+07,4.000000000000000000e+02,8.000000000000000444e-01,1.000000000000000056e-01,6.239266089999999654e-01,9.447112262000000038e-02
1.700000000000000000e+07,4.000000000000000000e+02,8.000000000000000444e-01,1.000000000000000056e-01,6.284143222000000417e-01,9.534093070999999364e-02
1.900000000000000000e+07,4.000000000000000000e+02,8.000000000000000444e-01,1.000000000000000056e-01,6.328481401000000117e-01,9.619203396000000628e-02
2.100000000000000000e+07,4.000000000000000000e+02,8.000000000000000444e-01,1.000000000000000056e-01,6.372277695000000408e-01,9.702621241000000674e-02
2.300000000000000000e+07,4.000000000000000000e+02,8.000000000000000444e-01,1.000000000000000056e-01,6.415533022999999613e-01,9.784481409999999657e-02
2.500000000000000000e+07,4.000000000000000000e+02,8.000000000000000444e-01,1.000000000000000056e-01,6.458250771000000334e-01,9.864889765999999838e-02
2.700000000000000000e+07,4.000000000000000000e+02,8.000000000000000444e-01,1.000000000000000056e-01,6.500435946000000520e-01,9.943931996999999523e-02
2.900000000000000000e+07,4.000000000000000000e+02,8.000000000000000444e-01,1.000000000000000056e-01,6.542094631999999521e-01,1.002167924999999987e-01
3.100000000000000000e+07,4.000000000000000000e+02,8.000000000000000444e-01,1.000000000000000056e-01,6.583233636999999971e-01,1.009819188999999950e-01
3.300000000000000000e+07,4.000000000000000000e+02,8.000000000000000444e-01,1.000000000000000056e-01,6.623860244999999480e-01,1.017352207999999980e-01
3.500000000000000000e+07,4.000000000000000000e+02,8.000000000000000444e-01,1.000000000000000056e-01,6.663982052000000378e-01,1.024771562999999969e-01
3.700000000000000000e+07,4.000000000000000000e+02,8.000000000000000444e-01,1.000000000000000056e-01,6.703606838000000234e-01,1.032081326999999965e-01
3.900000000000000000e+07,4.000000000000000000e+02,8.000000000000000444e-01,1.000000000000000056e-01,6.742742487999999756e-01,1.039285169000000036e-01
4.100000000000000000e+07,4.000000000000000000e+02,8.000000000000000444e-01,1.000000000000000056e-01,6.781396925999999548e-01,1.046386425999999981e-01
4.300000000000000000e+07,4.000000000000000000e+02,8.000000000000000444e-01,1.000000000000000056e-01,6.819578066999999466e-01,1.053388155000000020e-01
4.500000000000000000e+07,4.000000000000000000e+02,8.000000000000000444e-01,1.000000000000000056e-01,6.857293783000000253e-01,1.060293182999999945e-01
4.700000000000000000e+07,4.000000000000000000e+02,8.000000000000000444e-01,1.000000000000000056e-01,6.894551880000000521e-01,1.067104138000000008e-01
4.900000000000000000e+07,4.000000000000000000e+02,8.000000000000000444e-01,1.000000000000000056e-01,6.931360076000000481e-01,1.073823477000000054e-01
5.100000000000000000e+07,4.000000000000000000e+02,8.000000000000000444e-01,1.000000000000000056e-01,6.967725986999999677e-01,1.080453511000000061e-01
5.300000000000000000e+07,4.000000000000000000e+02,8.000000000000000444e-01,1.000000000000000056e-01,7.003657116999999488e-01,1.086996417999999964e-01
5.500000000000000000e+07,4.000000000000000000e+02,8.000000000000000444e-01,1.000000000000000056e-01,7.039160853000000495e-01,1.093454261999999982e-01
5.700000000000000000e+07,4.000000000000000000e+02,8.000000000000000444e-01,1.000000000000000056e-01,7.074244455000000542e-01,1.099829004999999943e-01
5.900000000000000000e+07,4.000000000000000000e+02,8.000000000000000444e-01,1.000000000000000056e-01,7.108915056000000288e-01,1.106122516000000028e-01
6.100000000000000000e+07,4.000000000000000000e+02,8.000000000000000444e-01,1.000000000000000056e-01,7.143179658999999626e-01,1.112336582000000018e-01
6.300000000000000000e+07,4.000000000000000000e+02,8.000000000000000444e-01,1.000000000000000056e-01,7.177045133999999660e-01,1.118472910999999959e-01
6.500000000000000000e+07,4.000000000000000000e+02,8.000000000000000444e-01,1.000000000000000056e-01,7.210518218999999451e-01,1.124533144999999984e-01
6.700000000000000000e+07,4.000000000000000000e+02,8.000000000000000444e-01,1.000000000000000056e-01,7.243605522999999602e-01,1.130518862000000069e-01
6.900000000000000000e+07,4.000000000000000000e+02,8.000000000000000444e-01,1.000000000000000056e-01,7.276313520999999618e-01,1.136431578000000053e-01
7.100000000000000000e+07,4.000000000000000000e+02,8.000000000000000444e-01,1.000000000000000056e-01,7.308648559000000544e-01,1.142272757999999999e-01
7.300000000000000000e+07,4.000000000000000000e+02,8.000000000000000444e-01,1.000000000000000056e-01,7.340616856999999662e-01,1.148043814999999968e-01
7.500000000000000000e+07,4.000000000000000000e+02,8.000000000000000444e-01,1.000000000000000056e-01,7.372224506000000233e-01,1.153746112999999990e-01
7.700000000000000000e+07,4.000000000000000000e+02,8.000000000000000444e-01,1.000000000000000056e-01,7.403477474999999863e-01,1.159380975000000036e-01
7.900000000000000000e+07,4.000000000000000000e+02,8.000000000000000444e-01,1.000000000000000056e-01,7.434381607000000169e-01,1.164949678000000016e-01
8.100000000000000000e+07,4.000000000000000000e+02,8.000000000000000444e-01,1.000000000000000056e-01,7.464942629999999912e-01,1.170453461999999972e-01
8.300000000000000000e+07,4.000000000000000000e+02,8.000000000000000444e-01,1.000000000000000056e-01,7.495166149999999972e-01,1.175893531000000020e-01
8.500000000000000000e+07,4.000000000000000000e+02,8.000000000000000444e-01,1.000000000000000056e-01,7.525057658999999566e-01,1.181271049999999961e-01
8.700000000000000000e+07,4.000000000000000000e+02,8.000000000000000444e-01,1.000000000000000056e-01,7.554622536999999749e-01,1.186587154000000033e-01
8.900000000000000000e+07,4.000000000000000000e+02,8.000000000000000444e-01,1.000000000000000056e-01,7.583866050999999997e-01,1.191842944000000015e-01
9.100000000000000000e+07,4.000000000000000000e+02,8.000000000000000444e-01,1.000000000000000056e-01,7.612793360999999814e-01,1.197039490999999983e-01
9.300000000000000000e+07,4.000000000000000000e+02,8.000000000000000444e-01,1.000000000000000056e-01,7.641409522000000010e-01,1.202177838999999998e-01
9.500000000000000000e+07,4.000000000000000000e+02,8.000000000000000444e-01,1.000000000000000056e-01,7.669719484000000476e-01,1.207258999999999971e-01
9.700000000000000000e+07,4.000000000000000000e+02,8.000000000000000444e-01,1.000000000000000056e-01,7.697728094000000354e-01,1.212283965000000019e-01
9.900000000000000000e+07,4.000000000000000000e+02,8.000000000000000444e-01,1.000000000000000056e-01,7.725440104999999891e-01,1.217253695999999941e-01
1.000000000000000000e+07,4.000000000000000000e+02,8.000000000000000444e-01,1.000000000000000056e-01,6.124803640000000549e-01,9.219566211000000677e-02
3.000000000000000000e+07,4.000000000000000000e+02,8.000000000000000444e-01,1.000000000000000056e-01,6.562728648000000220e-01,1.006008647000000006e-01
5.000000000000000000e+07,4.000000000000000000e+02,8.000000000000000444e-01,1.000000000000000056e-01,6.949597844999999552e-01,1.077149518000000000e-01
7.000000000000000000e+07,4.000000000000000000e+02,8.000000000000000444e-01,1.000000000000000056e-01,7.292527267999999729e-01,1.139361021000000057e-01
9.000000000000000000e+07,4.000000000000000000e+02,8.000000000000000444e-01,1.000000000000000056e-01,7.598368912999999836e-01,1.194448557000000050e-01
1.000000000000000000e+08,4.000000000000000000e+02,8.000000000000000444e-01,1.000000000000000056e-01,7.739186342999999635e-01,1.219718142000000005e-01
