# pressure,temperature,f1,f2,molkg1,molkg2
1.000000000000000000e+00,4.000000000000000000e+02,1.000000000000000056e-01,8.000000000000000444e-01,2.006742600999999928e-03,9.221989104999999895e-03
3.000000000000000000e+00,4.000000000000000000e+02,1.000000000000000056e-01,8.000000000000000444e-01,5.826960632999999591e-03,2.678104728999999851e-02
5.000000000000000000e+00,4.000000000000000000e+02,1.000000000000000056e-01,8.000000000000000444e-01,9.409489144999999902e-03,4.325167576999999763e-02
7.000000000000000000e+00,4.000000000000000000e+02,1.000000000000000056e-01,8.000000000000000444e-01,1.277580009999999995e-02,5.873207660000000219e-02
9.000000000000000000e+00,4.000000000000000000e+02,1.000000000000000056e-01,8.000000000000000444e-01,1.594485600000000031e-02,7.330898197000000616e-02
1.100000000000000000e+01,4.000000000000000000e+02,1.000000000000000056e-01,8.000000000000000444e-01,1.893346602999999850e-02,8.705928142999999619e-02
1.300000000000000000e+01,4.000000000000000000e+02,1.000000000000000056e-01,8.000000000000000444e-01,2.175658323000000116e-02,1.000513796000000039e-01
1.500000000000000000e+01,4.000000000000000000e+02,1.000000000000000056e-01,8.000000000000000444e-01,2.442755373999999993e-02,1.123463350999999999e-01
1.700000000000000000e+01,4.000000000000000000e+02,1.000000000000000056e-01,8.000000000000000444e-01,2.695832695000000001e-02,1.239988213000000061e-01
1.900000000000000000e+01,4.000000000000000000e+02,1.000000000000000056e-01,8.000000000000000444e-01,2.935963357999999898e-02,1.350579392000000045e-01
2.100000000000000000e+01,4.000000000000000000e+02,1.000000000000000056e-01,8.000000000000000444e-01,3.164113709000000024e-02,1.455679102999999919e-01
2.300000000000000000e+01,4.000000000000000000e+02,1.000000000000000056e-01,8.000000000000000444e-01,3.381156314000000052e-02,1.555686676999999962e-01
2.500000000000000000e+01,4.000000000000000000e+02,1.000000000000000056e-01,8.000000000000000444e-01,3.587881060999999899e-02,1.650963638999999872e-01
2.700000000000000000e+01,4.000000000000000000e+02,1.000000000000000056e-01,8.000000000000000444e-01,3.785004726999999930e-02,1.741838075999999902e-01
2.900000000000000000e+01,4.000000000000000000e+02,1.000000000000000056e-01,8.000000000000000444e-01,3.973179242000000194e-02,1.828608419999999957e-01
3.100000000000000000e+01,4.000000000000000000e+02,1.000000000000000056e-01,8.000000000000000444e-01,4.152998855000000072e-02,1.911546718999999894e-01
3.300000000000000000e+01,4.000000000000000000e+02,1.000000000000000056e-01,8.000000000000000444e-01,4.325006380000000206e-02,1.990901495999999882e-01
3.500000000000000000e+01,4.000000000000000000e+02,1.000000000000000056e-01,8.000000000000000444e-01,4.489698634000000022e-02,2.066900234000000058e-01
3.700000000000000000e+01,4.000000000000000000e+02,1.000000000000000056e-01,8.000000000000000444e-01,4.647531215999999715e-02,2.139751557000000026e-01
3.900000000000000000e+01,4.000000000000000000e+02,1.000000000000000056e-01,8.000000000000000444e-01,4.798922683000000217e-02,2.209647147000000089e-01
4.100000000000000000e+01,4.000000000000000000e+02,1.000000000000000056e-01,8.000000000000000444e-01,4.944258247999999689e-02,2.276763427000000062e-01
4.300000000000000000e+01,4.000000000000000000e+02,1.000000000000000056e-01,8.000000000000000444e-01,5.083893026999999898e-02,2.341263051999999956e-01
4.500000000000000000e+01,4.000000000000000000e+02,1.000000000000000056e-01,8.000000000000000444e-01,5.218154927000000221e-02,2.403296225000000064e-01
4.700000000000000000e+01,4.000000000000000000e+02,1.000000000000000056e-01,8.000000000000000444e-01,5.347347200000000106e-02,2.463001865999999984e-01
4.900000000000000000e+01,4.000000000000000000e+02,1.000000000000000056e-01,8.000000000000000444e-01,5.471750713000000238e-02,2.520508654999999987e-01
5.100000000000000000e+01,4.000000000000000000e+02,1.000000000000000056e-01,8.000000000000000444e-01,5.591625983000000216e-02,2.575935954999999944e-01
5.300000000000000000e+01,4.000000000000000000e+02,1.000000000000000056e-01,8.000000000000000444e-01,5.707214981000000020e-02,2.629394640000000116e-01
5.500000000000000000e+01,4.000000000000000000e+02,1.000000000000000056e-01,8.000000000000000444e-01,5.818742753000000212e-02,2.680987840999999872e-01
5.700000000000000000e+01,4.000000000000000000e+02,1.000000000000000056e-01,8.000000000000000444e-01,5.926418876999999669e-02,2.730811605999999836e-01
5.900000000000000000e+01,4.000000000000000000e+02,1.000000000000000056e-01,8.000000000000000444e-01,6.030438768000000171e-02,2.778955498999999829e-01
6.100000000000000000e+01,4.000000000000000000e+02,1.000000000000000056e-01,8.000000000000000444e-01,6.130984852000000151e-02,2.825503139000000163e-01
6.300000000000000000e+01,4.000000000000000000e+02,1.000000000000000056e-01,8.000000000000000444e-01,6.228227629000000071e-02,2.870532685000000139e-01
6.500000000000000000e+01,4.000000000000000000e+02,1.000000000000000056e-01,8.000000000000000444e-01,6.322326631999999891e-02,2.914117274999999951e-01
6.700000000000000000e+01,4.000000000000000000e+02,1.000000000000000056e-01,8.000000000000000444e-01,6.413431292000000561e-02,2.956325418999999899e-01
6.900000000000000000e+01,4.000000000000000000e+02,1.000000000000000056e-01,8.000000000000000444e-01,6.501681727999999993e-02,2.997221366000000220e-01
7.100000000000000000e+01,4.000000000000000000e+02,1.000000000000000056e-01,8.000000000000000444e-01,6.587209460000000016e-02,3.036865424999999896e-01
7.300000000000000000e+01,4.000000000000000000e+02,1.000000000000000056e-01,8.000000000000000444e-01,6.670138056999999621e-02,3.075314263999999742e-01
7.500000000000000000e+01,4.000000000000000000e+02,1.000000000000000056e-01,8.000000000000000444e-01,6.750583728999999533e-02,3.112621181999999931e-01
7.700000000000000000e+01,4.000000000000000000e+02,1.000000000000000056e-01,8.000000000000000444e-01,6.828655866999999713e-02,3.148836353000000199e-01
7.900000000000000000e+01,4.000000000000000000e+02,1.000000000000000056e-01,8.000000000000000444e-01,6.904457538000000061e-02,3.184007056000000002e-01
8.100000000000000000e+01,4.000000000000000000e+02,1.000000000000000056e-01,8.000000000000000444e-01,6.978085931999999936e-02,3.218177875000000077e-01
8.300000000000000000e+01,4.000000000000000000e+02,1.000000000000000056e-01,8.000000000000000444e-01,7.049632774000000324e-02,3.251390894000000253e-01
8.500000000000000000e+01,4.000000000000000000e+02,1.000000000000000056e-01,8.000000000000000444e-01,7.119184707999999528e-02,3.283685866000000120e-01
8.700000000000000000e+01,4.000000000000000000e+02,1.000000000000000056e-01,8.000000000000000444e-01,7.186823637000000486e-02,3.315100375000000210e-01
8.900000000000000000e+01,4.000000000000000000e+02,1.000000000000000056e-01,8.000000000000000444e-01,7.252627050000000353e-02,3.345669977999999878e-01
9.100000000000000000e+01,4.000000000000000000e+02,1.000000000000000056e-01,8.000000000000000444e-01,7.316668309000000370e-02,3.375428346000000079e-01
9.300000000000000000e+01,4.000000000000000000e+02,1.000000000000000056e-01,8.000000000000000444e-01,7.379016921000000617e-02,3.404407380999999733e-01
9.500000000000000000e+01,4.000000000000000000e+02,1.000000000000000056e-01,8.000000000000000444e-01,7.439738794000000377e-02,3.432637333999999929e-01
9.700000000000000000e+01,4.000000000000000000e+02,1.000000000000000056e-01,8.000000000000000444e-01,7.498896457999999765e-02,3.460146910999999936e-01
9.900000000000000000e+01,4.000000000000000000e+02,1.000000000000000056e-01,8.000000000000000444e-01,7.556549283999999811e-02,3.486963368000000063e-01
1.000000000000000000e+01,4.000000000000000000e+02,1.000000000000000056e-01,8.000000000000000444e-01,1.746074180999999947e-02,8.028299760000000285e-02
3.000000000000000000e+01,4.000000000000000000e+02,1.000000000000000056e-01,8.000000000000000444e-01,4.064098347000000278e-02,1.870540521999999872e-01
5.000000000000000000e+01,4.000000000000000000e+02,1.000000000000000056e-01,8.000000000000000444e-01,5.532238840999999935e-02,2.548475122000000148e-01
7.000000000000000000e+01,4.000000000000000000e+02,1.000000000000000056e-01,8.000000000000000444e-01,6.544778029999999414e-02,3.017196258000000020e-01
9.000000000000000000e+01,4.000000000000000000e+02,1.000000000000000056e-01,8.000000000000000444e-01,7.284863516999999511e-02,3.360648533000000215e-01
1.100000000000000000e+02,4.000000000000000000e+02,1.000000000000000056e-01,8.000000000000000444e-01,7.849127550999999980e-02,3.623160262999999826e-01
1.300000000000000000e+02,4.000000000000000000e+02,1.000000000000000056e-01,8.000000000000000444e-01,8.293366335000000589e-02,3.830348498000000212e-01
1.500000000000000000e+02,4.000000000000000000e+02,1.000000000000000056e-01,8.000000000000000444e-01,8.652044564999999965e-02,3.998049871000000088e-01
1.700000000000000000e+02,4.000000000000000000e+02,1.000000000000000056e-01,8.000000000000000444e-01,8.947597001000000272e-02,4.136581843000000092e-01
1.900000000000000000e+02,4.000000000000000000e+02,1.000000000000000056e-01,8.000000000000000444e-01,9.195254074000000499e-02,4.252954541000000255e-01
2.100000000000000000e+02,4.000000000000000000e+02,1.000000000000000056e-01,8.000000000000000444e-01,9.405717571999999693e-02,4.352097792999999881e-01
2.300000000000000000e+02,4.000000000000000000e+02,1.000000000000000056e-01,8.000000000000000444e-01,9.586726540999999935e-02,4.437579596999999820e-01
2.500000000000000000e+02,4.000000000000000000e+02,1.000000000000000056e-01,8.000000000000000444e-01,9.744015620000000266e-02,4.512046042999999784e-01
2.700000000000000000e+02,4.000000000000000000e+02,1.000000000000000056e-01,8.000000000000000444e-01,9.881924105000000624e-02,4.577501043000000158e-01
2.900000000000000000e+02,4.000000000000000000e+02,1.000000000000000056e-01,8.000000000000000444e-01,1.000379571000000051e-01,4.635490026999999902e-01
3.100000000000000000e+02,4.000000000000000000e+02,1.000000000000000056e-01,8.000000000000000444e-01,1.011224839000000042e-01,4.687223998000000225e-01
3.300000000000000000e+02,4.000000000000000000e+02,1.000000000000000056e-01,8.000000000000000444e-01,1.020936097000000042e-01,4.733665357999999879e-01
3.500000000000000000e+02,4.000000000000000000e+02,1.000000000000000056e-01,8.000000000000000444e-01,1.029680498000000027e-01,4.775588606999999763e-01
3.700000000000000000e+02,4.000000000000000000e+02,1.000000000000000056e-01,8.000000000000000444e-01,1.037593967000000061e-01,4.813624072000000087e-01
3.900000000000000000e+02,4.000000000000000000e+02,1.000000000000000056e-01,8.000000000000000444e-01,1.044788162999999992e-01,4.848289968999999755e-01
4.100000000000000000e+02,4.000000000000000000e+02,1.000000000000000056e-01,8.000000000000000444e-01,1.051355652999999973e-01,4.880016276999999958e-01
4.300000000000000000e+02,4.000000000000000000e+02,1.000000000000000056e-01,8.000000000000000444e-01,1.057373821999999935e-01,4.909162751999999741e-01
4.500000000000000000e+02,4.000000000000000000e+02,1.000000000000000056e-01,8.000000000000000444e-01,1.062907861000000065e-01,4.936032706999999853e-01
4.700000000000000000e+02,4.000000000000000000e+02,1.000000000000000056e-01,8.000000000000000444e-01,1.068013072999999952e-01,4.960883663999999804e-01
4.900000000000000000e+02,4.000000000000000000e+02,1.000000000000000056e-01,8.000000000000000444e-01,1.072736677000000055e-01,4.983935687000000114e-01
5.100000000000000000e+02,4.000000000000000000e+02,1.000000000000000056e-01,8.000000000000000444e-01,1.077119229000000067e-01,5.005377951999999686e-01
5.300000000000000000e+02,4.000000000000000000e+02,1.000000000000000056e-01,8.000000000000000444e-01,1.081195761000000033e-01,5.025373987000000264e-01
5.500000000000000000e+02,4.000000000000000000e+02,1.000000000000000056e-01,8.000000000000000444e-01,1.084996683000000045e-01,5.044065876000000115e-01
5.700000000000000000e+02,4.000000000000000000e+02,1.000000000000000056e-01,8.000000000000000444e-01,1.088548522000000046e-01,5.061577663999999865e-01
5.900000000000000000e+02,4.000000000000000000e+02,1.000000000000000056e-01,8.000000000000000444e-01,1.091874525000000040e-01,5.078018134999999766e-01
6.100000000000000000e+02,4.000000000000000000e+02,1.000000000000000056e-01,8.000000000000000444e-01,1.094995143000000032e-01,5.093483085000000132e-01
6.300000000000000000e+02,4.000000000000000000e+02,1.000000000000000056e-01,8.000000000000000444e-01,1.097928442999999976e-01,5.108057208999999821e-01
6.500000000000000000e+02,4.000000000000000000e+02,1.000000000000000056e-01,8.000000000000000444e-01,1.100690445999999989e-01,5.121815664000000101e-01
6.700000000000000000e+02,4.000000000000000000e+02,1.000000000000000056e-01,8.000000000000000444e-01,1.103295402000000064e-01,5.134825373000000415e-01
6.900000000000000000e+02,4.000000000000000000e+02,1.000000000000000056e-01,8.000000000000000444e-01,1.105756036000000025e-01,5.147146124999999461e-01
7.100000000000000000e+02,4.000000000000000000e+02,1.000000000000000056e-01,8.000000000000000444e-01,1.108083737999999985e-01,5.158831501999999736e-01
7.300000000000000000e+02,4.000000000000000000e+02,1.000000000000000056e-01,8.000000000000000444e-01,1.110288739999999996e-01,5.169929661000000065e-01
7.500000000000000000e+02,4.000000000000000000e+02,1.000000000000000056e-01,8.000000000000000444e-01,1.112380255000000040e-01,5.180484009000000389e-01
7.700000000000000000e+02,4.000000000000000000e+02,1.000000000000000056e-01,8.000000000000000444e-01,1.114366601000000012e-01,5.190533769999999825e-01
7.900000000000000000e+02,4.000000000000000000e+02,1.000000000000000056e-01,8.000000000000000444e-01,1.116255309000000057e-01,5.200114482000000038e-01
8.100000000000000000e+02,4.000000000000000000e+02,1.000000000000000056e-01,8.000000000000000444e-01,1.118053210999999936e-01,5.209258415999999947e-01
8.300000000000000000e+02,4.000000000000000000e+02,1.000000000000000056e-01,8.000000000000000444e-01,1.119766521000000042e-01,5.217994943999999524e-01
8.500000000000000000e+02,4.000000000000000000e+02,1.000000000000000056e-01,8.000000000000000444e-01,1.121400902999999949e-01,5.226350860999999792e-01
8.700000000000000000e+02,4.000000000000000000e+02,1.000000000000000056e-01,8.000000000000000444e-01,1.122961529000000014e-01,5.234350656999999796e-01
8.900000000000000000e+02,4.000000000000000000e+02,1.000000000000000056e-01,8.000000000000000444e-01,1.124453133000000021e-01,5.242016764000000384e-01
9.100000000000000000e+02,4.000000000000000000e+02,1.000000000000000056e-01,8.000000000000000444e-01,1.125880053000000020e-01,5.249369764000000327e-01
9.300000000000000000e+02,4.000000000000000000e+02,1.000000000000000056e-01,8.000000000000000444e-01,1.127246276999999963e-01,5.256428578999999823e-01
9.500000000000000000e+02,4.000000000000000000e+02,1.000000000000000056e-01,8.000000000000000444e-01,1.128555470999999949e-01,5.263210632999999472e-01
9.700000000000000000e+02,4.000000000000000000e+02,1.000000000000000056e-01,8.000000000000000444e-01,1.129811017000000029e-01,5.269732000000000305e-01
9.900000000000000000e+02,4.000000000000000000e+02,1.000000000000000056e-01,8.000000000000000444e-01,1.131016034000000003e-01,5.276007528999999696e-01
1.000000000000000000e+02,4.000000000000000000e+02,1.000000000000000056e-01,8.000000000000000444e-01,7.584829121000000174e-02,3.500119821000000075e-01
3.000000000000000000e+02,4.000000000000000000e+02,1.000000000000000056e-01,8.000000000000000444e-01,1.005955862000000034e-01,4.662073722999999781e-01
5.000000000000000000e+02,4.000000000000000000e+02,1.000000000000000056e-01,8.000000000000000444e-01,1.074968277000000055e-01,4.994847271000000255e-01
7.000000000000000000e+02,4.000000000000000000e+02,1.000000000000000056e-01,8.000000000000000444e-01,1.106935839000000033e-01,5.153065106999999978e-01
9.000000000000000000e+02,4.000000000000000000e+02,1.000000000000000056e-01,8.000000000000000444e-01,1.125174421000000036e-01,5.245731182999999742e-01
1.100000000000000000e+03,4.000000000000000000e+02,1.000000000000000056e-01,8.000000000000000444e-01,1.136859268999999978e-01,5.306695070000000403e-01
1.300000000000000000e+03,4.000000000000000000e+02,1.000000000000000056e-01,8.000000000000000444e-01,1.144921992000000055e-01,5.349908800999999547e-01
1.500000000000000000e+03,4.000000000000000000e+02,1.000000000000000056e-01,8.000000000000000444e-01,1.150780113999999993e-01,5.382177454000000028e-01
1.700000000000000000e+03,4.000000000000000000e+02,1.000000000000000056e-01,8.000000000000000444e-01,1.155201136000000017e-01,5.407217546999999458e-01
1.900000000000000000e+03,4.000000000000000000e+02,1.000000000000000056e-01,8.000000000000000444e-01,1.158635969000000043e-01,5.427231519999999865e-01
2.100000000000000000e+03,4.000000000000000000e+02,1.000000000000000056e-01,8.000000000000000444e-01,1.161366454000000020e-01,5.443607949000000001e-01
2.300000000000000000e+03,4.000000000000000000e+02,1.000000000000000056e-01,8.000000000000000444e-01,1.163577531000000026e-01,5.457265953000000058e-01
2.500000000000000000e+03,4.000000000000000000e+02,1.000000000000000056e-01,8.000000000000000444e-01,1.165395419999999960e-01,5.468838293000000128e-01
2.700000000000000000e+03,4.000000000000000000e+02,1.000000000000000056e-01,8.000000000000000444e-01,1.166909098000000061e-01,5.478774945000000063e-01
2.900000000000000000e+03,4.000000000000000000e+02,1.000000000000000056e-01,8.000000000000000444e-01,1.168183015999999935e-01,5.487404724000000122e-01
3.100000000000000000e+03,4.000000000000000000e+02,1.000000000000000056e-01,8.000000000000000444e-01,1.169264951999999941e-01,5.494973545000000348e-01
3.300000000000000000e+03,4.000000000000000000e+02,1.000000000000000056e-01,8.000000000000000444e-01,1.170191040999999932e-01,5.501669032999999542e-01
3.500000000000000000e+03,4.000000000000000000e+02,1.000000000000000056e-01,8.000000000000000444e-01,1.170989082999999986e-01,5.507636854999999887e-01
3.700000000000000000e+03,4.000000000000000000e+02,1.000000000000000056e-01,8.000000000000000444e-01,1.171680803999999992e-01,5.512991844000000308e-01
3.900000000000000000e+03,4.000000000000000000e+02,1.000000000000000056e-01,8.000000000000000444e-01,1.172283405000000001e-01,5.517825765999999632e-01
4.100000000000000000e+03,4.000000000000000000e+02,1.000000000000000056e-01,8.000000000000000444e-01,1.172810677000000051e-01,5.522212842000000510e-01
4.300000000000000000e+03,4.000000000000000000e+02,1.000000000000000056e-01,8.000000000000000444e-01,1.173273793000000065e-01,5.526213760000000530e-01
4.500000000000000000e+03,4.000000000000000000e+02,1.000000000000000056e-01,8.000000000000000444e-01,1.173681892999999948e-01,5.529878630000000239e-01
4.700000000000000000e+03,4.000000000000000000e+02,1.000000000000000056e-01,8.000000000000000444e-01,1.174042524000000060e-01,5.533249202000000144e-01
4.900000000000000000e+03,4.000000000000000000e+02,1.000000000000000056e-01,8.000000000000000444e-01,1.174361966000000007e-01,5.536360537000000193e-01
5.100000000000000000e+03,4.000000000000000000e+02,1.000000000000000056e-01,8.000000000000000444e-01,1.174645482000000046e-01,5.539242305999999560e-01
5.300000000000000000e+03,4.000000000000000000e+02,1.000000000000000056e-01,8.000000000000000444e-01,1.174897515000000031e-01,5.541919784000000071e-01
5.500000000000000000e+03,4.000000000000000000e+02,1.000000000000000056e-01,8.000000000000000444e-01,1.175121838999999974e-01,5.544414639000000422e-01
5.700000000000000000e+03,4.000000000000000000e+02,1.000000000000000056e-01,8.000000000000000444e-01,1.175321675000000066e-01,5.546745559000000325e-01
5.900000000000000000e+03,4.000000000000000000e+02,1.000000000000000056e-01,8.000000000000000444e-01,1.175499792999999960e-01,5.548928744000000135e-01
6.100000000000000000e+03,4.000000000000000000e+02,1.000000000000000056e-01,8.000000000000000444e-01,1.175658579999999953e-01,5.550978308999999777e-01
6.300000000000000000e+03,4.000000000000000000e+02,1.000000000000000056e-01,8.000000000000000444e-01,1.175800106000000067e-01,5.552906612000000353e-01
6.500000000000000000e+03,4.000000000000000000e+02,1.000000000000000056e-01,8.000000000000000444e-01,1.175926176000000045e-01,5.554724519000000527e-01
6.700000000000000000e+03,4.000000000000000000e+02,1.000000000000000056e-01,8.000000000000000444e-01,1.176038365000000030e-01,5.556441623000000218e-01
6.900000000000000000e+03,4.000000000000000000e+02,1.000000000000000056e-01,8.000000000000000444e-01,1.176138057999999986e-01,5.558066426000000115e-01
7.100000000000000000e+03,4.000000000000000000e+02,1.000000000000000056e-01,8.000000000000000444e-01,1.176226471000000051e-01,5.559606491999999900e-01
7.300000000000000000e+03,4.000000000000000000e+02,1.000000000000000056e-01,8.000000000000000444e-01,1.176304682999999990e-01,5.561068569999999545e-01
7.500000000000000000e+03,4.000000000000000000e+02,1.000000000000000056e-01,8.000000000000000444e-01,1.176373646999999967e-01,5.562458703999999532e-01
7.700000000000000000e+03,4.000000000000000000e+02,1.000000000000000056e-01,8.000000000000000444e-01,1.176434211000000063e-01,5.563782323999999502e-01
7.900000000000000000e+03,4.000000000000000000e+02,1.000000000000000056e-01,8.000000000000000444e-01,1.176487132999999990e-01,5.565044317999999768e-01
8.100000000000000000e+03,4.000000000000000000e+02,1.000000000000000056e-01,8.000000000000000444e-01,1.176533087999999949e-01,5.566249103999999504e-01
8.300000000000000000e+03,4.000000000000000000e+02,1.000000000000000056e-01,8.000000000000000444e-01,1.176572681999999981e-01,5.567400679999999769e-01
8.500000000000000000e+03,4.000000000000000000e+02,1.000000000000000056e-01,8.000000000000000444e-01,1.176606459999999937e-01,5.568502676000000040e-01
8.700000000000000000e+03,4.000000000000000000e+02,1.000000000000000056e-01,8.000000000000000444e-01,1.176634913000000060e-01,5.569558397999999633e-01
8.900000000000000000e+03,4.000000000000000000e+02,1.000000000000000056e-01,8.000000000000000444e-01,1.176658482000000061e-01,5.570570856000000015e-01
9.100000000000000000e+03,4.000000000000000000e+02,1.000000000000000056e-01,8.000000000000000444e-01,1.176677567000000008e-01,5.571542805000000431e-01
9.300000000000000000e+03,4.000000000000000000e+02,1.000000000000000056e-01,8.000000000000000444e-01,1.176692530000000014e-01,5.572476765999999637e-01
9.500000000000000000e+03,4.000000000000000000e+02,1.000000000000000056e-01,8.000000000000000444e-01,1.176703701999999990e-01,5.573375052000000274e-01
9.700000000000000000e+03,4.000000000000000000e+02,1.000000000000000056e-01,8.000000000000000444e-01,1.176711379000000002e-01,5.574239789999999584e-01
9.900000000000000000e+03,4.000000000000000000e+02,1.000000000000000056e-01,8.000000000000000444e-01,1.176715836000000043e-01,5.575072938999999783e-01
1.000000000000000000e+03,4.000000000000000000e+02,1.000000000000000056e-01,8.000000000000000444e-01,1.131600504999999979e-01,5.279057439000000018e-01
3.000000000000000000e+03,4.000000000000000000e+02,1.000000000000000056e-01,8.000000000000000444e-01,1.168745496000000023e-01,5.491308884000000168e-01
5.000000000000000000e+03,4.000000000000000000e+02,1.000000000000000056e-01,8.000000000000000444e-01,1.174507919000000039e-01,5.537828445000000377e-01
7.000000000000000000e+03,4.000000000000000000e+02,1.000000000000000056e-01,8.000000000000000444e-01,1.176183603999999966e-01,5.558846612000000187e-01
9.000000000000000000e+03,4.000000000000000000e+02,1.000000000000000056e-01,8.000000000000000444e-01,1.176668560999999946e-01,5.571061730999999906e-01
1.100000000000000000e+04,4.000000000000000000e+02,1.000000000000000056e-01,8.000000000000000444e-01,1.176692867000000003e-01,5.579164883999999658e-01
1.300000000000000000e+04,4.000000000000000000e+02,1.000000000000000056e-01,8.000000000000000444e-01,1.176513005999999945e-01,5.585000056000000157e-01
1.500000000000000000e+04,4.000000000000000000e+02,1.000000000000000056e-01,8.000000000000000444e-01,1.176237101000000007e-01,5.589443867000000177e-01
1.700000000000000000e+04,4.000000000000000000e+02,1.000000000000000056e-01,8.000000000000000444e-01,1.175916213999999987e-01,5.592968256000000471e-01
1.900000000000000000e+04,4.000000000000000000e+02,1.000000000000000056e-01,8.000000000000000444e-01,1.175576309000000014e-01,5.595850766000000087e-01
2.100000000000000000e+04,4.000000000000000000e+02,1.000000000000000056e-01,8.000000000000000444e-01,1.175231226000000018e-01,5.598265784999999495e-01
2.300000000000000000e+04,4.000000000000000000e+02,1.000000000000000056e-01,8.000000000000000444e-01,1.174888532000000069e-01,5.600328686000000111e-01
2.500000000000000000e+04,4.000000000000000000e+02,1.000000000000000056e-01,8.000000000000000444e-01,1.174552378999999952e-01,5.602119013999999897e-01
2.700000000000000000e+04,4.000000000000000000e+02,1.000000000000000056e-01,8.000000000000000444e-01,1.174224990999999940e-01,5.603693508999999517e-01
2.900000000000000000e+04,4.000000000000000000e+02,1.000000000000000056e-01,8.000000000000000444e-01,1.173907468000000009e-01,5.605093799000000487e-01
3.100000000000000000e+04,4.000000000000000000e+02,1.000000000000000056e-01,8.000000000000000444e-01,1.173600253000000038e-01,5.606351171000000244e-01
3.300000000000000000e+04,4.000000000000000000e+02,1.000000000000000056e-01,8.000000000000000444e-01,1.173303395000000054e-01,5.607489628999999809e-01
3.500000000000000000e+04,4.000000000000000000e+02,1.000000000000000056e-01,8.000000000000000444e-01,1.173016711999999989e-01,5.608527921000000527e-01
3.700000000000000000e+04,4.000000000000000000e+02,1.000000000000000056e-01,8.000000000000000444e-01,1.172739889000000008e-01,5.609480920999999620e-01
3.900000000000000000e+04,4.000000000000000000e+02,1.000000000000000056e-01,8.000000000000000444e-01,1.172472538000000064e-01,5.610360596000000255e-01
4.100000000000000000e+04,4.000000000000000000e+02,1.000000000000000056e-01,8.000000000000000444e-01,1.172214238000000019e-01,5.611176691000000494e-01
4.300000000000000000e+04,4.000000000000000000e+02,1.000000000000000056e-01,8.000000000000000444e-01,1.171964555000000047e-01,5.611937231000000414e-01
4.500000000000000000e+04,4.000000000000000000e+02,1.000000000000000056e-01,8.000000000000000444e-01,1.171723058999999956e-01,5.612648891000000528e-01
4.700000000000000000e+04,4.000000000000000000e+02,1.000000000000000056e-01,8.000000000000000444e-01,1.171489331000000050e-01,5.613317272000000191e-01
4.900000000000000000e+04,4.000000000000000000e+02,1.000000000000000056e-01,8.000000000000000444e-01,1.171262970000000042e-01,5.613947115999999848e-01
5.100000000000000000e+04,4.000000000000000000e+02,1.000000000000000056e-01,8.000000000000000444e-01,1.171043595000000048e-01,5.614542461999999512e-01
5.300000000000000000e+04,4.000000000000000000e+02,1.000000000000000056e-01,8.000000000000000444e-01,1.170830845999999981e-01,5.615106778999999770e-01
5.500000000000000000e+04,4.000000000000000000e+02,1.000000000000000056e-01,8.000000000000000444e-01,1.170624381999999936e-01,5.615643061999999741e-01
5.700000000000000000e+04,4.000000000000000000e+02,1.000000000000000056e-01,8.000000000000000444e-01,1.170423884999999969e-01,5.616153914999999497e-01
5.900000000000000000e+04,4.000000000000000000e+02,1.000000000000000056e-01,8.000000000000000444e-01,1.170229056999999989e-01,5.616641610999999479e-01
6.100000000000000000e+04,4.000000000000000000e+02,1.000000000000000056e-01,8.000000000000000444e-01,1.170039615999999977e-01,5.617108146999999496e-01
6.300000000000000000e+04,4.000000000000000000e+02,1.000000000000000056e-01,8.000000000000000444e-01,1.169855302000000069e-01,5.617555282999999733e-01
6.500000000000000000e+04,4.000000000000000000e+02,1.000000000000000056e-01,8.000000000000000444e-01,1.169675869000000035e-01,5.617984579999999450e-01
6.700000000000000000e+04,4.000000000000000000e+02,1.000000000000000056e-01,8.000000000000000444e-01,1.169501086999999995e-01,5.618397424000000084e-01
6.900000000000000000e+04,4.000000000000000000e+02,1.000000000000000056e-01,8.000000000000000444e-01,1.169330741000000062e-01,5.618795053999999789e-01
7.100000000000000000e+04,4.000000000000000000e+02,1.000000000000000056e-01,8.000000000000000444e-01,1.169164631000000065e-01,5.619178581999999533e-01
7.300000000000000000e+04,4.000000000000000000e+02,1.000000000000000056e-01,8.000000000000000444e-01,1.169002566000000021e-01,5.619549003999999570e-01
7.500000000000000000e+04,4.000000000000000000e+02,1.000000000000000056e-01,8.000000000000000444e-01,1.168844369999999938e-01,5.619907221000000064e-01
7.700000000000000000e+04,4.000000000000000000e+02,1.000000000000000056e-01,8.000000000000000444e-01,1.168689876000000016e-01,5.620254047999999614e-01
7.900000000000000000e+04,4.000000000000000000e+02,1.000000000000000056e-01,8.000000000000000444e-01,1.168538927000000033e-01,5.620590224000000523e-01
8.100000000000000000e+04,4.000000000000000000e+02,1.000000000000000056e-01,8.000000000000000444e-01,1.168391376999999981e-01,5.620916419999999469e-01
8.300000000000000000e+04,4.000000000000000000e+02,1.000000000000000056e-01,8.000000000000000444e-01,1.168247087000000017e-01,5.621233249999999515e-01
8.500000000000000000e+04,4.000000000000000000e+02,1.000000000000000056e-01,8.000000000000000444e-01,1.168105925999999989e-01,5.621541275000000448e-01
8.700000000000000000e+04,4.000000000000000000e+02,1.000000000000000056e-01,8.000000000000000444e-01,1.167967771999999932e-01,5.621841008000000306e-01
8.900000000000000000e+04,4.000000000000000000e+02,1.000000000000000056e-01,8.000000000000000444e-01,1.167832506999999936e-01,5.622132921000000394e-01
9.100000000000000000e+04,4.000000000000000000e+02,1.000000000000000056e-01,8.000000000000000444e-01,1.167700022000000004e-01,5.622417446999999902e-01
9.300000000000000000e+04,4.000000000000000000e+02,1.000000000000000056e-01,8.000000000000000444e-01,1.167570212999999996e-01,5.622694987999999894e-01
9.500000000000000000e+04,4.000000000000000000e+02,1.000000000000000056e-01,8.000000000000000444e-01,1.167442981999999990e-01,5.622965912999999816e-01
9.700000000000000000e+04,4.000000000000000000e+02,1.000000000000000056e-01,8.000000000000000444e-01,1.167318236000000065e-01,5.623230563000000126e-01
9.900000000000000000e+04,4.000000000000000000e+02,1.000000000000000056e-01,8.000000000000000444e-01,1.167195885999999933e-01,5.623489257999999547e-01
1.000000000000000000e+04,4.000000000000000000e+02,1.000000000000000056e-01,8.000000000000000444e-01,1.176716934999999936e-01,5.575478238000000086e-01
3.000000000000000000e+04,4.000000000000000000e+02,1.000000000000000056e-01,8.000000000000000444e-01,1.173752561999999999e-01,5.605738705999999683e-01
5.000000000000000000e+04,4.000000000000000000e+02,1.000000000000000056e-01,8.000000000000000444e-01,1.171152433000000048e-01,5.614248871999999446e-01
7.000000000000000000e+04,4.000000000000000000e+02,1.000000000000000056e-01,8.000000000000000444e-01,1.169247169000000031e-01,5.618988515999999711e-01
9.000000000000000000e+04,4.000000000000000000e+02,1.000000000000000056e-01,8.000000000000000444e-01,1.167765922999999956e-01,5.622276081999999509e-01
1.100000000000000000e+05,4.000000000000000000e+02,1.000000000000000056e-01,8.000000000000000444e-01,1.166562255000000020e-01,5.624817797000000175e-01
1.300000000000000000e+05,4.000000000000000000e+02,1.000000000000000056e-01,8.000000000000000444e-01,1.165553124999999940e-01,5.626912363999999611e-01
1.500000000000000000e+05,4.000000000000000000e+02,1.000000000000000056e-01,8.000000000000000444e-01,1.164687561000000010e-01,5.628711532000000295e-01
1.700000000000000000e+05,4.000000000000000000e+02,1.000000000000000056e-01,8.000000000000000444e-01,1.163932183999999981e-01,5.630302099999999754e-01
1.900000000000000000e+05,4.000000000000000000e+02,1.000000000000000056e-01,8.000000000000000444e-01,1.163263989999999970e-01,5.631738030999999811e-01
2.100000000000000000e+05,4.000000000000000000e+02,1.000000000000000056e-01,8.000000000000000444e-01,1.162666474000000061e-01,5.633055016000000359e-01
2.300000000000000000e+05,4.000000000000000000e+02,1.000000000000000056e-01,8.000000000000000444e-01,1.162127399000000005e-01,5.634277819999999881e-01
2.500000000000000000e+05,4.000000000000000000e+02,1.000000000000000056e-01,8.000000000000000444e-01,1.161637444000000047e-01,5.635424286000000338e-01
2.700000000000000000e+05,4.000000000000000000e+02,1.000000000000000056e-01,8.000000000000000444e-01,1.161189350000000065e-01,5.636507681000000325e-01
2.900000000000000000e+05,4.000000000000000000e+02,1.000000000000000056e-01,8.000000000000000444e-01,1.160777352999999984e-01,5.637538121999999818e-01
3.100000000000000000e+05,4.000000000000000000e+02,1.000000000000000056e-01,8.000000000000000444e-01,1.160396798999999979e-01,5.638523493999999525e-01
3.300000000000000000e+05,4.000000000000000000e+02,1.000000000000000056e-01,8.000000000000000444e-01,1.160043880999999943e-01,5.639470055999999953e-01
3.500000000000000000e+05,4.000000000000000000e+02,1.000000000000000056e-01,8.000000000000000444e-01,1.159715439999999959e-01,5.640382859000000471e-01
3.700000000000000000e+05,4.000000000000000000e+02,1.000000000000000056e-01,8.000000000000000444e-01,1.159408829999999946e-01,5.641266034999999901e-01
3.900000000000000000e+05,4.000000000000000000e+02,1.000000000000000056e-01,8.000000000000000444e-01,1.159121810000000030e-01,5.642123004000000330e-01
4.100000000000000000e+05,4.000000000000000000e+02,1.000000000000000056e-01,8.000000000000000444e-01,1.158852469000000024e-01,5.642956631000000112e-01
4.300000000000000000e+05,4.000000000000000000e+02,1.000000000000000056e-01,8.000000000000000444e-01,1.158599159999999934e-01,5.643769335999999637e-01
4.500000000000000000e+05,4.000000000000000000e+02,1.000000000000000056e-01,8.000000000000000444e-01,1.158360457000000010e-01,5.644563184999999983e-01
4.700000000000000000e+05,4.000000000000000000e+02,1.000000000000000056e-01,8.000000000000000444e-01,1.158135114999999937e-01,5.645339952000000272e-01
4.900000000000000000e+05,4.000000000000000000e+02,1.000000000000000056e-01,8.000000000000000444e-01,1.157922041999999985e-01,5.646101172999999918e-01
5.100000000000000000e+05,4.000000000000000000e+02,1.000000000000000056e-01,8.000000000000000444e-01,1.157720272999999966e-01,5.646848185999999714e-01
5.300000000000000000e+05,4.000000000000000000e+02,1.000000000000000056e-01,8.000000000000000444e-01,1.157528954999999943e-01,5.647582165000000209e-01
5.500000000000000000e+05,4.000000000000000000e+02,1.000000000000000056e-01,8.000000000000000444e-01,1.157347325000000066e-01,5.648304142000000194e-01
5.700000000000000000e+05,4.000000000000000000e+02,1.000000000000000056e-01,8.000000000000000444e-01,1.157174702999999999e-01,5.649015034000000046e-01
5.900000000000000000e+05,4.000000000000000000e+02,1.000000000000000056e-01,8.000000000000000444e-01,1.157010475999999954e-01,5.649715655000000503e-01
6.100000000000000000e+05,4.000000000000000000e+02,1.000000000000000056e-01,8.000000000000000444e-01,1.156854092000000056e-01,5.650406731999999543e-01
6.300000000000000000e+05,4.000000000000000000e+02,1.000000000000000056e-01,8.000000000000000444e-01,1.156705053000000039e-01,5.651088921000000376e-01
6.500000000000000000e+05,4.000000000000000000e+02,1.000000000000000056e-01,8.000000000000000444e-01,1.156562904000000003e-01,5.651762807000000333e-01
6.700000000000000000e+05,4.000000000000000000e+02,1.000000000000000056e-01,8.000000000000000444e-01,1.156427235000000026e-01,5.652428924000000299e-01
6.900000000000000000e+05,4.000000000000000000e+02,1.000000000000000056e-01,8.000000000000000444e-01,1.156297666999999973e-01,5.653087753000000104e-01
7.100000000000000000e+05,4.000000000000000000e+02,1.000000000000000056e-01,8.000000000000000444e-01,1.156173855999999972e-01,5.653739732000000462e-01
7.300000000000000000e+05,4.000000000000000000e+02,1.000000000000000056e-01,8.000000000000000444e-01,1.156055485000000022e-01,5.654385261000000051e-01
7.500000000000000000e+05,4.000000000000000000e+02,1.000000000000000056e-01,8.000000000000000444e-01,1.155942264999999941e-01,5.655024707000000372e-01
7.700000000000000000e+05,4.000000000000000000e+02,1.000000000000000056e-01,8.000000000000000444e-01,1.155833925000000068e-01,5.655658404000000195e-01
7.900000000000000000e+05,4.000000000000000000e+02,1.000000000000000056e-01,8.000000000000000444e-01,1.155730217999999948e-01,5.656286659999999467e-01
8.100000000000000000e+05,4.000000000000000000e+02,1.000000000000000056e-01,8.000000000000000444e-01,1.155630915000000064e-01,5.656909759999999565e-01
8.300000000000000000e+05,4.000000000000000000e+02,1.000000000000000056e-01,8.000000000000000444e-01,1.155535802000000056e-01,5.657527964999999881e-01
8.500000000000000000e+05,4.000000000000000000e+02,1.000000000000000056e-01,8.000000000000000444e-01,1.155444682000000001e-01,5.658141518000000536e-01
8.700000000000000000e+05,4.000000000000000000e+02,1.000000000000000056e-01,8.000000000000000444e-01,1.155357369999999995e-01,5.658750644000000163e-01
8.900000000000000000e+05,4.000000000000000000e+02,1.000000000000000056e-01,8.000000000000000444e-01,1.155273693999999962e-01,5.659355550000000346e-01
9.100000000000000000e+05,4.000000000000000000e+02,1.000000000000000056e-01,8.000000000000000444e-01,1.155193493000000043e-01,5.659956432999999620e-01
9.300000000000000000e+05,4.000000000000000000e+02,1.000000000000000056e-01,8.000000000000000444e-01,1.155116619000000067e-01,5.660553471999999475e-01
9.500000000000000000e+05,4.000000000000000000e+02,1.000000000000000056e-01,8.000000000000000444e-01,1.155042928999999996e-01,5.661146835999999460e-01
9.700000000000000000e+05,4.000000000000000000e+02,1.000000000000000056e-01,8.000000000000000444e-01,1.154972291999999956e-01,5.661736683000000436e-01
9.900000000000000000e+05,4.000000000000000000e+02,1.000000000000000056e-01,8.000000000000000444e-01,1.154904585000000039e-01,5.662323161000000216e-01
1.000000000000000000e+05,4.000000000000000000e+02,1.000000000000000056e-01,8.000000000000000444e-01,1.167135583000000060e-01,5.623616463999999704e-01
3.000000000000000000e+05,4.000000000000000000e+02,1.000000000000000056e-01,8.000000000000000444e-01,1.160583401000000042e-01,5.638036017999999983e-01
5.000000000000000000e+05,4.000000000000000000e+02,1.000000000000000056e-01,8.000000000000000444e-01,1.157819800000000066e-01,5.646476379000000545e-01
7.000000000000000000e+05,4.000000000000000000e+02,1.000000000000000056e-01,8.000000000000000444e-01,1.156235062000000036e-01,5.653414572999999610e-01
9.000000000000000000e+05,4.000000000000000000e+02,1.000000000000000056e-01,8.000000000000000444e-01,1.155233169000000060e-01,5.659656482999999572e-01
1.100000000000000000e+06,4.000000000000000000e+02,1.000000000000000056e-01,8.000000000000000444e-01,1.154579663000000062e-01,5.665494353000000149e-01
1.300000000000000000e+06,4.000000000000000000e+02,1.000000000000000056e-01,8.000000000000000444e-01,1.154157922000000058e-01,5.671067233000000041e-01
1.500000000000000000e+06,4.000000000000000000e+02,1.000000000000000056e-01,8.000000000000000444e-01,1.153901432999999976e-01,5.676452201999999669e-01
1.700000000000000000e+06,4.000000000000000000e+02,1.000000000000000056e-01,8.000000000000000444e-01,1.153768653000000061e-01,5.681696443999999513e-01
1.900000000000000000e+06,4.000000000000000000e+02,1.000000000000000056e-01,8.000000000000000444e-01,1.153731895999999951e-01,5.686830945999999942e-01
2.100000000000000000e+06,4.000000000000000000e+02,1.000000000000000056e-01,8.000000000000000444e-01,1.153771782999999940e-01,5.691877151999999995e-01
2.300000000000000000e+06,4.000000000000000000e+02,1.000000000000000056e-01,8.000000000000000444e-01,1.153874218000000007e-01,5.696850517999999530e-01
2.500000000000000000e+06,4.000000000000000000e+02,1.000000000000000056e-01,8.000000000000000444e-01,1.154028628000000056e-01,5.701762553000000455e-01
2.700000000000000000e+06,4.000000000000000000e+02,1.000000000000000056e-01,8.000000000000000444e-01,1.154226881999999982e-01,5.706622056000000276e-01
2.900000000000000000e+06,4.000000000000000000e+02,1.000000000000000056e-01,8.000000000000000444e-01,1.154462589000000011e-01,5.711435907999999895e-01
3.100000000000000000e+06,4.000000000000000000e+02,1.000000000000000056e-01,8.000000000000000444e-01,1.154730637000000032e-01,5.716209590999999923e-01
3.300000000000000000e+06,4.000000000000000000e+02,1.000000000000000056e-01,8.000000000000000444e-01,1.155026871000000011e-01,5.720947545000000245e-01
3.500000000000000000e+06,4.000000000000000000e+02,1.000000000000000056e-01,8.000000000000000444e-01,1.155347870999999943e-01,5.725653413000000302e-01
3.700000000000000000e+06,4.000000000000000000e+02,1.000000000000000056e-01,8.000000000000000444e-01,1.155690785000000054e-01,5.730330224999999889e-01
3.900000000000000000e+06,4.000000000000000000e+02,1.000000000000000056e-01,8.000000000000000444e-01,1.156053214999999967e-01,5.734980527999999911e-01
4.100000000000000000e+06,4.000000000000000000e+02,1.000000000000000056e-01,8.000000000000000444e-01,1.156433119000000037e-01,5.739606482000000343e-01
4.300000000000000000e+06,4.000000000000000000e+02,1.000000000000000056e-01,8.000000000000000444e-01,1.156828748999999962e-01,5.744209935999999850e-01
4.500000000000000000e+06,4.000000000000000000e+02,1.000000000000000056e-01,8.000000000000000444e-01,1.157238594999999981e-01,5.748792485999999480e-01
4.700000000000000000e+06,4.000000000000000000e+02,1.000000000000000056e-01,8.000000000000000444e-01,1.157661345000000064e-01,5.753355517999999558e-01
4.900000000000000000e+06,4.000000000000000000e+02,1.000000000000000056e-01,8.000000000000000444e-01,1.158095850000000065e-01,5.757900243000000362e-01
5.100000000000000000e+06,4.000000000000000000e+02,1.000000000000000056e-01,8.000000000000000444e-01,1.158541099000000019e-01,5.762427728000000249e-01
5.300000000000000000e+06,4.000000000000000000e+02,1.000000000000000056e-01,8.000000000000000444e-01,1.158996199000000005e-01,5.766938915999999526e-01
5.500000000000000000e+06,4.000000000000000000e+02,1.000000000000000056e-01,8.000000000000000444e-01,1.159460355999999970e-01,5.771434643999999725e-01
5.700000000000000000e+06,4.000000000000000000e+02,1.000000000000000056e-01,8.000000000000000444e-01,1.159932860000000010e-01,5.775915659999999452e-01
5.900000000000000000e+06,4.000000000000000000e+02,1.000000000000000056e-01,8.000000000000000444e-01,1.160413076999999987e-01,5.780382636999999990e-01
6.100000000000000000e+06,4.000000000000000000e+02,1.000000000000000056e-01,8.000000000000000444e-01,1.160900433999999953e-01,5.784836178000000162e-01
6.300000000000000000e+06,4.000000000000000000e+02,1.000000000000000056e-01,8.000000000000000444e-01,1.161394416000000041e-01,5.789276828999999625e-01
6.500000000000000000e+06,4.000000000000000000e+02,1.000000000000000056e-01,8.000000000000000444e-01,1.161894554999999968e-01,5.793705086999999532e-01
6.700000000000000000e+06,4.000000000000000000e+02,1.000000000000000056e-01,8.000000000000000444e-01,1.162400425999999959e-01,5.798121402000000479e-01
6.900000000000000000e+06,4.000000000000000000e+02,1.000000000000000056e-01,8.000000000000000444e-01,1.162911640999999968e-01,5.802526184999999836e-01
7.100000000000000000e+06,4.000000000000000000e+02,1.000000000000000056e-01,8.000000000000000444e-01,1.163427845999999988e-01,5.806919814000000013e-01
7.300000000000000000e+06,4.000000000000000000e+02,1.000000000000000056e-01,8.000000000000000444e-01,1.163948717999999938e-01,5.811302633999999578e-01
7.500000000000000000e+06,4.000000000000000000e+02,1.000000000000000056e-01,8.000000000000000444e-01,1.164473958000000059e-01,5.815674964000000502e-01
7.700000000000000000e+06,4.000000000000000000e+02,1.000000000000000056e-01,8.000000000000000444e-01,1.165003290999999941e-01,5.820037097000000381e-01
7.900000000000000000e+06,4.000000000000000000e+02,1.000000000000000056e-01,8.000000000000000444e-01,1.165536466000000049e-01,5.824389304999999517e-01
8.100000000000000000e+06,4.000000000000000000e+02,1.000000000000000056e-01,8.000000000000000444e-01,1.166073247999999951e-01,5.828731840999999969e-01
8.300000000000000000e+06,4.000000000000000000e+02,1.000000000000000056e-01,8.000000000000000444e-01,1.166613420000000012e-01,5.833064937999999922e-01
8.500000000000000000e+06,4.000000000000000000e+02,1.000000000000000056e-01,8.000000000000000444e-01,1.167156780999999977e-01,5.837388812999999566e-01
8.700000000000000000e+06,4.000000000000000000e+02,1.000000000000000056e-01,8.000000000000000444e-01,1.167703144000000054e-01,5.841703671000000320e-01
8.900000000000000000e+06,4.000000000000000000e+02,1.000000000000000056e-01,8.000000000000000444e-01,1.168252335999999947e-01,5.846009701000000058e-01
9.100000000000000000e+06,4.000000000000000000e+02,1.000000000000000056e-01,8.000000000000000444e-01,1.168804192999999964e-01,5.850307080000000104e-01
9.300000000000000000e+06,4.000000000000000000e+02,1.000000000000000056e-01,8.000000000000000444e-01,1.169358563999999961e-01,5.854595974999999841e-01
9.500000000000000000e+06,4.000000000000000000e+02,1.000000000000000056e-01,8.000000000000000444e-01,1.169915306999999988e-01,5.858876543000000048e-01
9.700000000000000000e+06,4.000000000000000000e+02,1.000000000000000056e-01,8.000000000000000444e-01,1.170474289999999945e-01,5.863148930999999564e-01
9.900000000000000000e+06,4.000000000000000000e+02,1.000000000000000056e-01,8.000000000000000444e-01,1.171035386999999955e-01,5.867413276999999816e-01
1.000000000000000000e+06,4.000000000000000000e+02,1.000000000000000056e-01,8.000000000000000444e-01,1.154871793000000063e-01,5.662615180000000192e-01
3.000000000000000000e+06,4.000000000000000000e+02,1.000000000000000056e-01,8.000000000000000444e-01,1.154592849999999948e-01,5.713827472000000407e-01
5.000000000000000000e+06,4.000000000000000000e+02,1.000000000000000056e-01,8.000000000000000444e-01,1.158317189000000053e-01,5.760166078999999772e-01
7.000000000000000000e+06,4.000000000000000000e+02,1.000000000000000056e-01,8.000000000000000444e-01,1.163169139999999935e-01,5.804724371999999688e-01
9.000000000000000000e+06,4.000000000000000000e+02,1.000000000000000056e-01,8.000000000000000444e-01,1.168527941000000042e-01,5.848159460999999837e-01
1.100000000000000000e+07,4.000000000000000000e+02,1.000000000000000056e-01,8.000000000000000444e-01,1.174154315000000004e-01,5.890728938999999498e-01
1.300000000000000000e+07,4.000000000000000000e+02,1.000000000000000056e-01,8.000000000000000444e-01,1.179931010999999974e-01,5.932563758000000131e-01
1.500000000000000000e+07,4.000000000000000000e+02,1.000000000000000056e-01,8.000000000000000444e-01,1.185792137999999996e-01,5.973741727000000390e-01
1.700000000000000000e+07,4.000000000000000000e+02,1.000000000000000056e-01,8.000000000000000444e-01,1.191697225000000054e-01,6.014314325999999822e-01
1.900000000000000000e+07,4.000000000000000000e+02,1.000000000000000056e-01,8.000000000000000444e-01,1.197619827000000053e-01,6.054318441999999578e-01
2.100000000000000000e+07,4.000000000000000000e+02,1.000000000000000056e-01,8.000000000000000444e-01,1.203541867000000043e-01,6.093782175999999939e-01
2.300000000000000000e+07,4.000000000000000000e+02,1.000000000000000056e-01,8.000000000000000444e-01,1.209450569999999947e-01,6.132727999999999513e-01
2.500000000000000000e+07,4.000000000000000000e+02,1.000000000000000056e-01,8.000000000000000444e-01,1.215336676000000060e-01,6.171174582999999769e-01
2.700000000000000000e+07,4.000000000000000000e+02,1.000000000000000056e-01,8.000000000000000444e-01,1.221193348000000067e-01,6.209137915000000341e-01
2.900000000000000000e+07,4.000000000000000000e+02,1.000000000000000056e-01,8.000000000000000444e-01,1.227015466000000027e-01,6.246632028999999919e-01
3.100000000000000000e+07,4.000000000000000000e+02,1.000000000000000056e-01,8.000000000000000444e-01,1.232799163999999947e-01,6.283669483999999583e-01
3.300000000000000000e+07,4.000000000000000000e+02,1.000000000000000056e-01,8.000000000000000444e-01,1.238541509999999957e-01,6.320261698000000372e-01
3.500000000000000000e+07,4.000000000000000000e+02,1.000000000000000056e-01,8.000000000000000444e-01,1.244240276000000006e-01,6.356419177000000031e-01
3.700000000000000000e+07,4.000000000000000000e+02,1.000000000000000056e-01,8.000000000000000444e-01,1.249893777999999955e-01,6.392151694000000051e-01
3.900000000000000000e+07,4.000000000000000000e+02,1.000000000000000056e-01,8.000000000000000444e-01,1.255500757999999939e-01,6.427468409000000049e-01
4.100000000000000000e+07,4.000000000000000000e+02,1.000000000000000056e-01,8.000000000000000444e-01,1.261060290000000084e-01,6.462377969000000499e-01
4.300000000000000000e+07,4.000000000000000000e+02,1.000000000000000056e-01,8.000000000000000444e-01,1.266571716000000070e-01,6.496888579999999802e-01
4.500000000000000000e+07,4.000000000000000000e+02,1.000000000000000056e-01,8.000000000000000444e-01,1.272034593999999963e-01,6.531008065000000196e-01
4.700000000000000000e+07,4.000000000000000000e+02,1.000000000000000056e-01,8.000000000000000444e-01,1.277448653000000101e-01,6.564743910000000460e-01
4.900000000000000000e+07,4.000000000000000000e+02,1.000000000000000056e-01,8.000000000000000444e-01,1.282813764000000079e-01,6.598103302000000170e-01
5.100000000000000000e+07,4.000000000000000000e+02,1.000000000000000056e-01,8.000000000000000444e-01,1.288129913999999931e-01,6.631093156999999794e-01
5.300000000000000000e+07,4.000000000000000000e+02,1.000000000000000056e-01,8.000000000000000444e-01,1.293397185999999865e-01,6.663720146999999594e-01
5.500000000000000000e+07,4.000000000000000000e+02,1.000000000000000056e-01,8.000000000000000444e-01,1.298615740000000074e-01,6.695990722000000339e-01
5.700000000000000000e+07,4.000000000000000000e+02,1.000000000000000056e-01,8.000000000000000444e-01,1.303785801000000022e-01,6.727911122999999938e-01
5.900000000000000000e+07,4.000000000000000000e+02,1.000000000000000056e-01,8.000000000000000444e-01,1.308907646999999952e-01,6.759487401999999534e-01
6.100000000000000000e+07,4.000000000000000000e+02,1.000000000000000056e-01,8.000000000000000444e-01,1.313981600999999944e-01,6.790725431999999895e-01
6.300000000000000000e+07,4.000000000000000000e+02,1.000000000000000056e-01,8.000000000000000444e-01,1.319008023000000085e-01,6.821630919000000182e-01
6.500000000000000000e+07,4.000000000000000000e+02,1.000000000000000056e-01,8.000000000000000444e-01,1.323987302999999893e-01,6.852209414000000054e-01
6.700000000000000000e+07,4.000000000000000000e+02,1.000000000000000056e-01,8.000000000000000444e-01,1.328919853999999956e-01,6.882466317000000000e-01
6.900000000000000000e+07,4.000000000000000000e+02,1.000000000000000056e-01,8.000000000000000444e-01,1.333806111999999988e-01,6.912406891000000275e-01
7.100000000000000000e+07,4.000000000000000000e+02,1.000000000000000056e-01,8.000000000000000444e-01,1.338646527000000030e-01,6.942036260999999708e-01
7.300000000000000000e+07,4.000000000000000000e+02,1.000000000000000056e-01,8.000000000000000444e-01,1.343441562999999894e-01,6.971359430000000357e-01
7.500000000000000000e+07,4.000000000000000000e+02,1.000000000000000056e-01,8.000000000000000444e-01,1.348191695000000023e-01,7.000381276999999569e-01
7.700000000000000000e+07,4.000000000000000000e+02,1.000000000000000056e-01,8.000000000000000444e-01,1.352897403999999970e-01,7.029106563000000474e-01
7.900000000000000000e+07,4.000000000000000000e+02,1.000000000000000056e-01,8.000000000000000444e-01,1.357559180000000032e-01,7.057539940999999484e-01
8.100000000000000000e+07,4.000000000000000000e+02,1.000000000000000056e-01,8.000000000000000444e-01,1.362177515000000116e-01,7.085685953999999454e-01
8.300000000000000000e+07,4.000000000000000000e+02,1.000000000000000056e-01,8.000000000000000444e-01,1.366752903000000019e-01,7.113549045000000515e-01
8.500000000000000000e+07,4.000000000000000000e+02,1.000000000000000056e-01,8.000000000000000444e-01,1.371285841000000061e-01,7.141133554999999911e-01
8.700000000000000000e+07,4.000000000000000000e+02,1.000000000000000056e-01,8.000000000000000444e-01,1.375776827000000091e-01,7.168443730000000347e-01
8.900000000000000000e+07,4.000000000000000000e+02,1.000000000000000056e-01,8.000000000000000444e-01,1.380226355999999988e-01,7.195483725000000330e-01
9.100000000000000000e+07,4.000000000000000000e+02,1.000000000000000056e-01,8.000000000000000444e-01,1.384634922999999906e-01,7.222257602999999637e-01
9.300000000000000000e+07,4.000000000000000000e+02,1.000000000000000056e-01,8.000000000000000444e-01,1.389003021999999921e-01,7.248769342999999976e-01
9.500000000000000000e+07,4.000000000000000000e+02,1.000000000000000056e-01,8.000000000000000444e-01,1.393331141999999967e-01,7.275022840000000546e-01
9.700000000000000000e+07,4.000000000000000000e+02,1.000000000000000056e-01,8.000000000000000444e-01,1.397619770000000095e-01,7.301021905000000256e-01
9.900000000000000000e+07,4.000000000000000000e+02,1.000000000000000056e-01,8.000000000000000444e-01,1.401869389000000021e-01,7.326770274999999666e-01
1.000000000000000000e+07,4.000000000000000000e+02,1.000000000000000056e-01,8.000000000000000444e-01,1.171316691000000021e-01,5.869542476000000342e-01
3.000000000000000000e+07,4.000000000000000000e+02,1.000000000000000056e-01,8.000000000000000444e-01,1.229912320000000059e-01,6.265207101999999972e-01
5.000000000000000000e+07,4.000000000000000000e+02,1.000000000000000056e-01,8.000000000000000444e-01,1.285477955999999866e-01,6.614643999000000552e-01
7.000000000000000000e+07,4.000000000000000000e+02,1.000000000000000056e-01,8.000000000000000444e-01,1.336232021000000048e-01,6.927260160999999528e-01
9.000000000000000000e+07,4.000000000000000000e+02,1.000000000000000056e-01,8.000000000000000444e-01,1.382435729000000002e-01,7.208903678000000426e-01
1.000000000000000000e+08,4.000000000000000000e+02,1.000000000000000056e-01,8.000000000000000444e-01,1.403979720999999903e-01,7.339551595000000095e-01
