# pressure,temperature,f1,f2,molkg1,molkg2
1.000000000000000000e+00,4.000000000000000000e+02,8.000000000000000444e-01,1.000000000000000056e-01,1.428330501999999953e-02,1.457138069999999903e-03
3.000000000000000000e+00,4.000000000000000000e+02,8.000000000000000444e-01,1.000000000000000056e-01,4.094140839000000309e-02,4.177421118000000134e-03
5.000000000000000000e+00,4.000000000000000000e+02,8.000000000000000444e-01,1.000000000000000056e-01,6.532604295999999700e-02,6.666580683000000382e-03
7.000000000000000000e+00,4.000000000000000000e+02,8.000000000000000444e-01,1.000000000000000056e-01,8.771608481999999818e-02,8.952932210000000279e-03
9.000000000000000000e+00,4.000000000000000000e+02,8.000000000000000444e-01,1.000000000000000056e-01,1.083465928000000023e-01,1.106034497999999928e-02
1.100000000000000000e+01,4.000000000000000000e+02,8.000000000000000444e-01,1.000000000000000056e-01,1.274170889000000029e-01,1.300908201999999986e-02
1.300000000000000000e+01,4.000000000000000000e+02,8.000000000000000444e-01,1.000000000000000056e-01,1.450980290999999978e-01,1.481645646999999941e-02
1.500000000000000000e+01,4.000000000000000000e+02,8.000000000000000444e-01,1.000000000000000056e-01,1.615359101000000130e-01,1.649734971000000119e-02
1.700000000000000000e+01,4.000000000000000000e+02,8.000000000000000444e-01,1.000000000000000056e-01,1.768573361999999927e-01,1.806462387999999836e-02
1.900000000000000000e+01,4.000000000000000000e+02,8.000000000000000444e-01,1.000000000000000056e-01,1.911722845999999920e-01,1.952945324000000121e-02
2.100000000000000000e+01,4.000000000000000000e+02,8.000000000000000444e-01,1.000000000000000056e-01,2.045767480000000027e-01,2.090159227999999897e-02
2.300000000000000000e+01,4.000000000000000000e+02,8.000000000000000444e-01,1.000000000000000056e-01,2.171548892999999869e-01,2.218959436999999937e-02
2.500000000000000000e+01,4.000000000000000000e+02,8.000000000000000444e-01,1.000000000000000056e-01,2.289808087999999908e-01,2.340099114000000063e-02
2.700000000000000000e+01,4.000000000000000000e+02,8.000000000000000444e-01,1.000000000000000056e-01,2.401200049999999975e-01,2.454244065000000044e-02
2.900000000000000000e+01,4.000000000000000000e+02,8.000000000000000444e-01,1.000000000000000056e-01,2.506305871999999768e-01,2.561985054999999997e-02
3.100000000000000000e+01,4.000000000000000000e+02,8.000000000000000444e-01,1.000000000000000056e-01,2.605642886000000269e-01,2.663848090000000071e-02
3.300000000000000000e+01,4.000000000000000000e+02,8.000000000000000444e-01,1.000000000000000056e-01,2.699673181999999727e-01,2.760303056999999921e-02
3.500000000000000000e+01,4.000000000000000000e+02,8.000000000000000444e-01,1.000000000000000056e-01,2.788810783999999821e-01,2.851771017999999921e-02
3.700000000000000000e+01,4.000000000000000000e+02,8.000000000000000444e-01,1.000000000000000056e-01,2.873427740999999758e-01,2.938630392999999966e-02
3.900000000000000000e+01,4.000000000000000000e+02,8.000000000000000444e-01,1.000000000000000056e-01,2.953859319000000094e-01,3.021222222999999860e-02
4.100000000000000000e+01,4.000000000000000000e+02,8.000000000000000444e-01,1.000000000000000056e-01,3.030408431000000125e-01,3.099854680999999945e-02
4.300000000000000000e+01,4.000000000000000000e+02,8.000000000000000444e-01,1.000000000000000056e-01,3.103349454000000063e-01,3.174806934999999802e-02
4.500000000000000000e+01,4.000000000000000000e+02,8.000000000000000444e-01,1.000000000000000056e-01,3.172931507000000262e-01,3.246332486999999739e-02
4.700000000000000000e+01,4.000000000000000000e+02,8.000000000000000444e-01,1.000000000000000056e-01,3.239381291999999801e-01,3.314662053999999775e-02
4.900000000000000000e+01,4.000000000000000000e+02,8.000000000000000444e-01,1.000000000000000056e-01,3.302905564999999988e-01,3.380006078000000191e-02
5.100000000000000000e+01,4.000000000000000000e+02,8.000000000000000444e-01,1.000000000000000056e-01,3.363693275999999899e-01,3.442556898000000143e-02
5.300000000000000000e+01,4.000000000000000000e+02,8.000000000000000444e-01,1.000000000000000056e-01,3.421917448999999833e-01,3.502490664999999975e-02
5.500000000000000000e+01,4.000000000000000000e+02,8.000000000000000444e-01,1.000000000000000056e-01,3.477736824000000060e-01,3.559969005000000047e-02
5.700000000000000000e+01,4.000000000000000000e+02,8.000000000000000444e-01,1.000000000000000056e-01,3.531297301999999916e-01,3.615140488000000152e-02
5.900000000000000000e+01,4.000000000000000000e+02,8.000000000000000444e-01,1.000000000000000056e-01,3.582733216999999803e-01,3.668141922999999804e-02
6.100000000000000000e+01,4.000000000000000000e+02,8.000000000000000444e-01,1.000000000000000056e-01,3.632168458000000211e-01,3.719099497000000198e-02
6.300000000000000000e+01,4.000000000000000000e+02,8.000000000000000444e-01,1.000000000000000056e-01,3.679717469000000074e-01,3.768129785999999731e-02
6.500000000000000000e+01,4.000000000000000000e+02,8.000000000000000444e-01,1.000000000000000056e-01,3.725486128000000119e-01,3.815340656999999941e-02
6.700000000000000000e+01,4.000000000000000000e+02,8.000000000000000444e-01,1.000000000000000056e-01,3.769572535999999863e-01,3.860832064999999980e-02
6.900000000000000000e+01,4.000000000000000000e+02,8.000000000000000444e-01,1.000000000000000056e-01,3.812067717000000022e-01,3.904696762999999848e-02
7.100000000000000000e+01,4.000000000000000000e+02,8.000000000000000444e-01,1.000000000000000056e-01,3.853056246000000074e-01,3.947020945000000169e-02
7.300000000000000000e+01,4.000000000000000000e+02,8.000000000000000444e-01,1.000000000000000056e-01,3.892616809000000178e-01,3.987884810999999669e-02
7.500000000000000000e+01,4.000000000000000000e+02,8.000000000000000444e-01,1.000000000000000056e-01,3.930822707000000138e-01,4.027363082000000316e-02
7.700000000000000000e+01,4.000000000000000000e+02,8.000000000000000444e-01,1.000000000000000056e-01,3.967742309999999772e-01,4.065525460000000285e-02
7.900000000000000000e+01,4.000000000000000000e+02,8.000000000000000444e-01,1.000000000000000056e-01,4.003439462999999754e-01,4.102437040999999673e-02
8.100000000000000000e+01,4.000000000000000000e+02,8.000000000000000444e-01,1.000000000000000056e-01,4.037973857000000111e-01,4.138158691999999778e-02
8.300000000000000000e+01,4.000000000000000000e+02,8.000000000000000444e-01,1.000000000000000056e-01,4.071401357000000165e-01,4.172747388999999835e-02
8.500000000000000000e+01,4.000000000000000000e+02,8.000000000000000444e-01,1.000000000000000056e-01,4.103774307999999982e-01,4.206256519999999888e-02
8.700000000000000000e+01,4.000000000000000000e+02,8.000000000000000444e-01,1.000000000000000056e-01,4.135141806000000031e-01,4.238736165999999750e-02
8.900000000000000000e+01,4.000000000000000000e+02,8.000000000000000444e-01,1.000000000000000056e-01,4.165549944999999976e-01,4.270233352999999732e-02
9.100000000000000000e+01,4.000000000000000000e+02,8.000000000000000444e-01,1.000000000000000056e-01,4.195042046999999941e-01,4.300792283000000327e-02
9.300000000000000000e+01,4.000000000000000000e+02,8.000000000000000444e-01,1.000000000000000056e-01,4.223658861999999847e-01,4.330454537999999659e-02
9.500000000000000000e+01,4.000000000000000000e+02,8.000000000000000444e-01,1.000000000000000056e-01,4.251438759999999761e-01,4.359259277000000071e-02
9.700000000000000000e+01,4.000000000000000000e+02,8.000000000000000444e-01,1.000000000000000056e-01,4.278417901000000079e-01,4.387243408000000150e-02
9.900000000000000000e+01,4.000000000000000000e+02,8.000000000000000444e-01,1.000000000000000056e-01,4.304630392000000083e-01,4.414441744000000001e-02
1.000000000000000000e+01,4.000000000000000000e+02,8.000000000000000444e-01,1.000000000000000056e-01,1.180655731999999958e-01,1.205340340999999996e-02
3.000000000000000000e+01,4.000000000000000000e+02,8.000000000000000444e-01,1.000000000000000056e-01,2.556665394000000036e-01,2.613620725000000145e-02
5.000000000000000000e+01,4.000000000000000000e+02,8.000000000000000444e-01,1.000000000000000056e-01,3.333630323999999812e-01,3.411619269999999898e-02
7.000000000000000000e+01,4.000000000000000000e+02,8.000000000000000444e-01,1.000000000000000056e-01,3.832745262999999736e-01,3.926046272000000004e-02
9.000000000000000000e+01,4.000000000000000000e+02,8.000000000000000444e-01,1.000000000000000056e-01,4.180407896000000179e-01,4.285627441999999981e-02
1.100000000000000000e+02,4.000000000000000000e+02,8.000000000000000444e-01,1.000000000000000056e-01,4.436448773000000179e-01,4.551368563000000173e-02
1.300000000000000000e+02,4.000000000000000000e+02,8.000000000000000444e-01,1.000000000000000056e-01,4.632853686000000248e-01,4.755922507000000243e-02
1.500000000000000000e+02,4.000000000000000000e+02,8.000000000000000444e-01,1.000000000000000056e-01,4.788273366999999947e-01,4.918351474000000334e-02
1.700000000000000000e+02,4.000000000000000000e+02,8.000000000000000444e-01,1.000000000000000056e-01,4.914316589000000124e-01,5.050534302000000281e-02
1.900000000000000000e+02,4.000000000000000000e+02,8.000000000000000444e-01,1.000000000000000056e-01,5.018586882000000138e-01,5.160260529999999984e-02
2.100000000000000000e+02,4.000000000000000000e+02,8.000000000000000444e-01,1.000000000000000056e-01,5.106272619999999707e-01,5.252851673000000221e-02
2.300000000000000000e+02,4.000000000000000000e+02,8.000000000000000444e-01,1.000000000000000056e-01,5.181035338999999684e-01,5.332067607000000320e-02
2.500000000000000000e+02,4.000000000000000000e+02,8.000000000000000444e-01,1.000000000000000056e-01,5.245532845999999472e-01,5.400640703000000181e-02
2.700000000000000000e+02,4.000000000000000000e+02,8.000000000000000444e-01,1.000000000000000056e-01,5.301741074000000387e-01,5.460604688000000179e-02
2.900000000000000000e+02,4.000000000000000000e+02,8.000000000000000444e-01,1.000000000000000056e-01,5.351159546000000544e-01,5.513504738999999710e-02
3.100000000000000000e+02,4.000000000000000000e+02,8.000000000000000444e-01,1.000000000000000056e-01,5.394946782999999746e-01,5.560536033999999989e-02
3.300000000000000000e+02,4.000000000000000000e+02,8.000000000000000444e-01,1.000000000000000056e-01,5.434012011000000086e-01,5.602637652999999801e-02
3.500000000000000000e+02,4.000000000000000000e+02,8.000000000000000444e-01,1.000000000000000056e-01,5.469078780999999667e-01,5.640557772000000247e-02
3.700000000000000000e+02,4.000000000000000000e+02,8.000000000000000444e-01,1.000000000000000056e-01,5.500730059999999755e-01,5.674899894999999722e-02
3.900000000000000000e+02,4.000000000000000000e+02,8.000000000000000444e-01,1.000000000000000056e-01,5.529440786000000552e-01,5.706156259000000341e-02
4.100000000000000000e+02,4.000000000000000000e+02,8.000000000000000444e-01,1.000000000000000056e-01,5.555601782000000322e-01,5.734732388000000208e-02
4.300000000000000000e+02,4.000000000000000000e+02,8.000000000000000444e-01,1.000000000000000056e-01,5.579537581000000301e-01,5.760965415000000173e-02
4.500000000000000000e+02,4.000000000000000000e+02,8.000000000000000444e-01,1.000000000000000056e-01,5.601519909000000075e-01,5.785137936999999730e-02
4.700000000000000000e+02,4.000000000000000000e+02,8.000000000000000444e-01,1.000000000000000056e-01,5.621778004999999911e-01,5.807488641999999923e-02
4.900000000000000000e+02,4.000000000000000000e+02,8.000000000000000444e-01,1.000000000000000056e-01,5.640506607999999922e-01,5.828220525999999735e-02
5.100000000000000000e+02,4.000000000000000000e+02,8.000000000000000444e-01,1.000000000000000056e-01,5.657872213000000317e-01,5.847507345999999884e-02
5.300000000000000000e+02,4.000000000000000000e+02,8.000000000000000444e-01,1.000000000000000056e-01,5.674018010000000389e-01,5.865498707999999839e-02
5.500000000000000000e+02,4.000000000000000000e+02,8.000000000000000444e-01,1.000000000000000056e-01,5.689067822000000163e-01,5.882324130000000234e-02
5.700000000000000000e+02,4.000000000000000000e+02,8.000000000000000444e-01,1.000000000000000056e-01,5.703129273999999471e-01,5.898096318999999921e-02
5.900000000000000000e+02,4.000000000000000000e+02,8.000000000000000444e-01,1.000000000000000056e-01,5.716296355000000107e-01,5.912913813000000157e-02
6.100000000000000000e+02,4.000000000000000000e+02,8.000000000000000444e-01,1.000000000000000056e-01,5.728651511000000252e-01,5.926863146999999943e-02
6.300000000000000000e+02,4.000000000000000000e+02,8.000000000000000444e-01,1.000000000000000056e-01,5.740267364000000150e-01,5.940020632999999661e-02
6.500000000000000000e+02,4.000000000000000000e+02,8.000000000000000444e-01,1.000000000000000056e-01,5.751208131999999695e-01,5.952453829999999890e-02
6.700000000000000000e+02,4.000000000000000000e+02,8.000000000000000444e-01,1.000000000000000056e-01,5.761530811999999724e-01,5.964222766999999897e-02
6.900000000000000000e+02,4.000000000000000000e+02,8.000000000000000444e-01,1.000000000000000056e-01,5.771286165000000246e-01,5.975380965999999711e-02
7.100000000000000000e+02,4.000000000000000000e+02,8.000000000000000444e-01,1.000000000000000056e-01,5.780519545000000203e-01,5.985976306000000136e-02
7.300000000000000000e+02,4.000000000000000000e+02,8.000000000000000444e-01,1.000000000000000056e-01,5.789271604000000293e-01,5.996051745000000044e-02
7.500000000000000000e+02,4.000000000000000000e+02,8.000000000000000444e-01,1.000000000000000056e-01,5.797578880999999518e-01,6.005645944000000125e-02
7.700000000000000000e+02,4.000000000000000000e+02,8.000000000000000444e-01,1.000000000000000056e-01,5.805474311999999637e-01,6.014793789999999668e-02
7.900000000000000000e+02,4.000000000000000000e+02,8.000000000000000444e-01,1.000000000000000056e-01,5.812987662999999916e-01,6.023526846999999879e-02
8.100000000000000000e+02,4.000000000000000000e+02,8.000000000000000444e-01,1.000000000000000056e-01,5.820145899999999983e-01,6.031873743999999898e-02
8.300000000000000000e+02,4.000000000000000000e+02,8.000000000000000444e-01,1.000000000000000056e-01,5.826973516000000242e-01,6.039860510000000238e-02
8.500000000000000000e+02,4.000000000000000000e+02,8.000000000000000444e-01,1.000000000000000056e-01,5.833492799999999701e-01,6.047510865999999874e-02
8.700000000000000000e+02,4.000000000000000000e+02,8.000000000000000444e-01,1.000000000000000056e-01,5.839724088000000091e-01,6.054846469999999869e-02
8.900000000000000000e+02,4.000000000000000000e+02,8.000000000000000444e-01,1.000000000000000056e-01,5.845685964000000290e-01,6.061887145000000032e-02
9.100000000000000000e+02,4.000000000000000000e+02,8.000000000000000444e-01,1.000000000000000056e-01,5.851395451999999997e-01,6.068651064999999734e-02
9.300000000000000000e+02,4.000000000000000000e+02,8.000000000000000444e-01,1.000000000000000056e-01,5.856868170000000262e-01,6.075154925000000178e-02
9.500000000000000000e+02,4.000000000000000000e+02,8.000000000000000444e-01,1.000000000000000056e-01,5.862118478000000188e-01,6.081414087999999912e-02
9.700000000000000000e+02,4.000000000000000000e+02,8.000000000000000444e-01,1.000000000000000056e-01,5.867159596000000032e-01,6.087442719999999752e-02
9.900000000000000000e+02,4.000000000000000000e+02,8.000000000000000444e-01,1.000000000000000056e-01,5.872003719999999705e-01,6.093253900000000084e-02
1.000000000000000000e+02,4.000000000000000000e+02,8.000000000000000444e-01,1.000000000000000056e-01,4.317459276000000234e-01,4.427756584999999884e-02
3.000000000000000000e+02,4.000000000000000000e+02,8.000000000000000444e-01,1.000000000000000056e-01,5.373695254000000476e-01,5.537690161000000111e-02
5.000000000000000000e+02,4.000000000000000000e+02,8.000000000000000444e-01,1.000000000000000056e-01,5.649350340000000026e-01,5.838034705000000324e-02
7.000000000000000000e+02,4.000000000000000000e+02,8.000000000000000444e-01,1.000000000000000056e-01,5.775965457999999719e-01,5.980746200999999956e-02
9.000000000000000000e+02,4.000000000000000000e+02,8.000000000000000444e-01,1.000000000000000056e-01,5.848571248999999694e-01,6.065302622999999699e-02
1.100000000000000000e+03,4.000000000000000000e+02,8.000000000000000444e-01,1.000000000000000056e-01,5.895588878999999949e-01,6.121826922000000309e-02
1.300000000000000000e+03,4.000000000000000000e+02,8.000000000000000444e-01,1.000000000000000056e-01,5.928482888999999645e-01,6.162615362999999957e-02
1.500000000000000000e+03,4.000000000000000000e+02,8.000000000000000444e-01,1.000000000000000056e-01,5.952763454999999704e-01,6.193646767000000192e-02
1.700000000000000000e+03,4.000000000000000000e+02,8.000000000000000444e-01,1.000000000000000056e-01,5.971406821000000420e-01,6.218187495000000037e-02
1.900000000000000000e+03,4.000000000000000000e+02,8.000000000000000444e-01,1.000000000000000056e-01,5.986161188999999938e-01,6.238177827000000036e-02
2.100000000000000000e+03,4.000000000000000000e+02,8.000000000000000444e-01,1.000000000000000056e-01,5.998120601999999968e-01,6.254845561999999859e-02
2.300000000000000000e+03,4.000000000000000000e+02,8.000000000000000444e-01,1.000000000000000056e-01,6.008004582999999510e-01,6.269007104000000330e-02
2.500000000000000000e+03,4.000000000000000000e+02,8.000000000000000444e-01,1.000000000000000056e-01,6.016305660999999860e-01,6.281227403000000375e-02
2.700000000000000000e+03,4.000000000000000000e+02,8.000000000000000444e-01,1.000000000000000056e-01,6.023372276999999775e-01,6.291910460999999843e-02
2.900000000000000000e+03,4.000000000000000000e+02,8.000000000000000444e-01,1.000000000000000056e-01,6.029457838999999764e-01,6.301353245999999353e-02
3.100000000000000000e+03,4.000000000000000000e+02,8.000000000000000444e-01,1.000000000000000056e-01,6.034751022000000020e-01,6.309779218000000078e-02
3.300000000000000000e+03,4.000000000000000000e+02,8.000000000000000444e-01,1.000000000000000056e-01,6.039395179000000002e-01,6.317359944000000560e-02
3.500000000000000000e+03,4.000000000000000000e+02,8.000000000000000444e-01,1.000000000000000056e-01,6.043501158999999845e-01,6.324229482000000291e-02
3.700000000000000000e+03,4.000000000000000000e+02,8.000000000000000444e-01,1.000000000000000056e-01,6.047156017999999467e-01,6.330494200000000293e-02
3.900000000000000000e+03,4.000000000000000000e+02,8.000000000000000444e-01,1.000000000000000056e-01,6.050429064000000245e-01,6.336239657999999386e-02
4.100000000000000000e+03,4.000000000000000000e+02,8.000000000000000444e-01,1.000000000000000056e-01,6.053376160000000228e-01,6.341535517999999372e-02
4.300000000000000000e+03,4.000000000000000000e+02,8.000000000000000444e-01,1.000000000000000056e-01,6.056042821999999548e-01,6.346439114999999354e-02
4.500000000000000000e+03,4.000000000000000000e+02,8.000000000000000444e-01,1.000000000000000056e-01,6.058466510000000138e-01,6.350998110000000141e-02
4.700000000000000000e+03,4.000000000000000000e+02,8.000000000000000444e-01,1.000000000000000056e-01,6.060678326999999754e-01,6.355252470000000153e-02
4.900000000000000000e+03,4.000000000000000000e+02,8.000000000000000444e-01,1.000000000000000056e-01,6.062704314000000316e-01,6.359235987000000367e-02
5.100000000000000000e+03,4.000000000000000000e+02,8.000000000000000444e-01,1.000000000000000056e-01,6.064566435999999561e-01,6.362977444999999566e-02
5.300000000000000000e+03,4.000000000000000000e+02,8.000000000000000444e-01,1.000000000000000056e-01,6.066283344999999771e-01,6.366501524999999828e-02
5.500000000000000000e+03,4.000000000000000000e+02,8.000000000000000444e-01,1.000000000000000056e-01,6.067870985000000106e-01,6.369829528999999824e-02
5.700000000000000000e+03,4.000000000000000000e+02,8.000000000000000444e-01,1.000000000000000056e-01,6.069343061999999955e-01,6.372979942999999758e-02
5.900000000000000000e+03,4.000000000000000000e+02,8.000000000000000444e-01,1.000000000000000056e-01,6.070711424000000411e-01,6.375968900999999522e-02
6.100000000000000000e+03,4.000000000000000000e+02,8.000000000000000444e-01,1.000000000000000056e-01,6.071986364000000469e-01,6.378810551999999912e-02
6.300000000000000000e+03,4.000000000000000000e+02,8.000000000000000444e-01,1.000000000000000056e-01,6.073176866999999701e-01,6.381517360999999777e-02
6.500000000000000000e+03,4.000000000000000000e+02,8.000000000000000444e-01,1.000000000000000056e-01,6.074290809000000291e-01,6.384100360000000141e-02
6.700000000000000000e+03,4.000000000000000000e+02,8.000000000000000444e-01,1.000000000000000056e-01,6.075335124999999836e-01,6.386569349000000007e-02
6.900000000000000000e+03,4.000000000000000000e+02,8.000000000000000444e-01,1.000000000000000056e-01,6.076315943000000219e-01,6.388933071999999824e-02
7.100000000000000000e+03,4.000000000000000000e+02,8.000000000000000444e-01,1.000000000000000056e-01,6.077238698000000383e-01,6.391199352000000167e-02
7.300000000000000000e+03,4.000000000000000000e+02,8.000000000000000444e-01,1.000000000000000056e-01,6.078108227999999835e-01,6.393375215999999583e-02
7.500000000000000000e+03,4.000000000000000000e+02,8.000000000000000444e-01,1.000000000000000056e-01,6.078928853999999715e-01,6.395466997000000264e-02
7.700000000000000000e+03,4.000000000000000000e+02,8.000000000000000444e-01,1.000000000000000056e-01,6.079704444000000318e-01,6.397480415999999559e-02
7.900000000000000000e+03,4.000000000000000000e+02,8.000000000000000444e-01,1.000000000000000056e-01,6.080438473000000510e-01,6.399420658000000428e-02
8.100000000000000000e+03,4.000000000000000000e+02,8.000000000000000444e-01,1.000000000000000056e-01,6.081134071999999557e-01,6.401292433999999920e-02
8.300000000000000000e+03,4.000000000000000000e+02,8.000000000000000444e-01,1.000000000000000056e-01,6.081794068000000442e-01,6.403100038999999521e-02
8.500000000000000000e+03,4.000000000000000000e+02,8.000000000000000444e-01,1.000000000000000056e-01,6.082421019000000539e-01,6.404847389999999974e-02
8.700000000000000000e+03,4.000000000000000000e+02,8.000000000000000444e-01,1.000000000000000056e-01,6.083017247999999988e-01,6.406538076999999942e-02
8.900000000000000000e+03,4.000000000000000000e+02,8.000000000000000444e-01,1.000000000000000056e-01,6.083584868000000423e-01,6.408175389999999638e-02
9.100000000000000000e+03,4.000000000000000000e+02,8.000000000000000444e-01,1.000000000000000056e-01,6.084125801999999972e-01,6.409762355999999717e-02
9.300000000000000000e+03,4.000000000000000000e+02,8.000000000000000444e-01,1.000000000000000056e-01,6.084641809999999928e-01,6.411301762000000404e-02
9.500000000000000000e+03,4.000000000000000000e+02,8.000000000000000444e-01,1.000000000000000056e-01,6.085134501000000196e-01,6.412796178000000624e-02
9.700000000000000000e+03,4.000000000000000000e+02,8.000000000000000444e-01,1.000000000000000056e-01,6.085605348000000525e-01,6.414247985000000318e-02
9.900000000000000000e+03,4.000000000000000000e+02,8.000000000000000444e-01,1.000000000000000056e-01,6.086055707999999953e-01,6.415659381999999633e-02
1.000000000000000000e+03,4.000000000000000000e+02,8.000000000000000444e-01,1.000000000000000056e-01,5.874355463999999527e-01,6.096081761000000238e-02
3.000000000000000000e+03,4.000000000000000000e+02,8.000000000000000444e-01,1.000000000000000056e-01,6.032193631000000167e-01,6.305681590999999420e-02
5.000000000000000000e+03,4.000000000000000000e+02,8.000000000000000444e-01,1.000000000000000056e-01,6.063654622999999910e-01,6.361135344000000413e-02
7.000000000000000000e+03,4.000000000000000000e+02,8.000000000000000444e-01,1.000000000000000056e-01,6.076784263000000186e-01,6.390077935000000597e-02
9.000000000000000000e+03,4.000000000000000000e+02,8.000000000000000444e-01,1.000000000000000056e-01,6.083858557000000333e-01,6.408974987000000401e-02
1.100000000000000000e+04,4.000000000000000000e+02,8.000000000000000444e-01,1.000000000000000056e-01,6.088217575000000048e-01,6.422784236999999619e-02
1.300000000000000000e+04,4.000000000000000000e+02,8.000000000000000444e-01,1.000000000000000056e-01,6.091137036999999532e-01,6.433578845000000046e-02
1.500000000000000000e+04,4.000000000000000000e+02,8.000000000000000444e-01,1.000000000000000056e-01,6.093207031999999801e-01,6.442401352000000359e-02
1.700000000000000000e+04,4.000000000000000000e+02,8.000000000000000444e-01,1.000000000000000056e-01,6.094736890999999934e-01,6.449842739000000158e-02
1.900000000000000000e+04,4.000000000000000000e+02,8.000000000000000444e-01,1.000000000000000056e-01,6.095903819000000334e-01,6.456267524000000591e-02
2.100000000000000000e+04,4.000000000000000000e+02,8.000000000000000444e-01,1.000000000000000056e-01,6.096816312999999710e-01,6.461915118000000069e-02
2.300000000000000000e+04,4.000000000000000000e+02,8.000000000000000444e-01,1.000000000000000056e-01,6.097544327999999680e-01,6.466950591999999498e-02
2.500000000000000000e+04,4.000000000000000000e+02,8.000000000000000444e-01,1.000000000000000056e-01,6.098134879000000064e-01,6.471492248000000613e-02
2.700000000000000000e+04,4.000000000000000000e+02,8.000000000000000444e-01,1.000000000000000056e-01,6.098620657000000111e-01,6.475627589999999323e-02
2.900000000000000000e+04,4.000000000000000000e+02,8.000000000000000444e-01,1.000000000000000056e-01,6.099025044000000451e-01,6.479423056999999986e-02
3.100000000000000000e+04,4.000000000000000000e+02,8.000000000000000444e-01,1.000000000000000056e-01,6.099365172999999807e-01,6.482930218000000633e-02
3.300000000000000000e+04,4.000000000000000000e+02,8.000000000000000444e-01,1.000000000000000056e-01,6.099653860000000538e-01,6.486189869000000274e-02
3.500000000000000000e+04,4.000000000000000000e+02,8.000000000000000444e-01,1.000000000000000056e-01,6.099900863999999645e-01,6.489234806999999439e-02
3.700000000000000000e+04,4.000000000000000000e+02,8.000000000000000444e-01,1.000000000000000056e-01,6.100113734000000010e-01,6.492091781999999311e-02
3.900000000000000000e+04,4.000000000000000000e+02,8.000000000000000444e-01,1.000000000000000056e-01,6.100298389999999626e-01,6.494782881999999757e-02
4.100000000000000000e+04,4.000000000000000000e+02,8.000000000000000444e-01,1.000000000000000056e-01,6.100459531999999907e-01,6.497326553000000449e-02
4.300000000000000000e+04,4.000000000000000000e+02,8.000000000000000444e-01,1.000000000000000056e-01,6.100600934000000031e-01,6.499738349000000470e-02
4.500000000000000000e+04,4.000000000000000000e+02,8.000000000000000444e-01,1.000000000000000056e-01,6.100725654999999970e-01,6.502031506000000016e-02
4.700000000000000000e+04,4.000000000000000000e+02,8.000000000000000444e-01,1.000000000000000056e-01,6.100836198000000321e-01,6.504217377000000300e-02
4.900000000000000000e+04,4.000000000000000000e+02,8.000000000000000444e-01,1.000000000000000056e-01,6.100934627999999860e-01,6.506305768999999517e-02
5.100000000000000000e+04,4.000000000000000000e+02,8.000000000000000444e-01,1.000000000000000056e-01,6.101022657000000349e-01,6.508305211999999840e-02
5.300000000000000000e+04,4.000000000000000000e+02,8.000000000000000444e-01,1.000000000000000056e-01,6.101101720999999589e-01,6.510223170999999975e-02
5.500000000000000000e+04,4.000000000000000000e+02,8.000000000000000444e-01,1.000000000000000056e-01,6.101173026999999749e-01,6.512066213000000658e-02
5.700000000000000000e+04,4.000000000000000000e+02,8.000000000000000444e-01,1.000000000000000056e-01,6.101237594999999736e-01,6.513840146999999581e-02
5.900000000000000000e+04,4.000000000000000000e+02,8.000000000000000444e-01,1.000000000000000056e-01,6.101296295999999453e-01,6.515550134000000493e-02
6.100000000000000000e+04,4.000000000000000000e+02,8.000000000000000444e-01,1.000000000000000056e-01,6.101349873000000423e-01,6.517200780000000082e-02
6.300000000000000000e+04,4.000000000000000000e+02,8.000000000000000444e-01,1.000000000000000056e-01,6.101398963999999925e-01,6.518796215000000061e-02
6.500000000000000000e+04,4.000000000000000000e+02,8.000000000000000444e-01,1.000000000000000056e-01,6.101444120000000249e-01,6.520340151999999556e-02
6.700000000000000000e+04,4.000000000000000000e+02,8.000000000000000444e-01,1.000000000000000056e-01,6.101485816999999701e-01,6.521835942999999747e-02
6.900000000000000000e+04,4.000000000000000000e+02,8.000000000000000444e-01,1.000000000000000056e-01,6.101524470000000422e-01,6.523286625999999422e-02
7.100000000000000000e+04,4.000000000000000000e+02,8.000000000000000444e-01,1.000000000000000056e-01,6.101560441000000168e-01,6.524694959000000571e-02
7.300000000000000000e+04,4.000000000000000000e+02,8.000000000000000444e-01,1.000000000000000056e-01,6.101594044000000494e-01,6.526063458000000428e-02
7.500000000000000000e+04,4.000000000000000000e+02,8.000000000000000444e-01,1.000000000000000056e-01,6.101625558000000060e-01,6.527394419000000225e-02
7.700000000000000000e+04,4.000000000000000000e+02,8.000000000000000444e-01,1.000000000000000056e-01,6.101655227000000181e-01,6.528689948999999437e-02
7.900000000000000000e+04,4.000000000000000000e+02,8.000000000000000444e-01,1.000000000000000056e-01,6.101683263999999607e-01,6.529951978999999629e-02
8.100000000000000000e+04,4.000000000000000000e+02,8.000000000000000444e-01,1.000000000000000056e-01,6.101709861999999873e-01,6.531182290999999751e-02
8.300000000000000000e+04,4.000000000000000000e+02,8.000000000000000444e-01,1.000000000000000056e-01,6.101735188000000365e-01,6.532382524999999496e-02
8.500000000000000000e+04,4.000000000000000000e+02,8.000000000000000444e-01,1.000000000000000056e-01,6.101759391000000088e-01,6.533554199999999645e-02
8.700000000000000000e+04,4.000000000000000000e+02,8.000000000000000444e-01,1.000000000000000056e-01,6.101782606000000220e-01,6.534698721999999960e-02
8.900000000000000000e+04,4.000000000000000000e+02,8.000000000000000444e-01,1.000000000000000056e-01,6.101804950000000449e-01,6.535817395000000085e-02
9.100000000000000000e+04,4.000000000000000000e+02,8.000000000000000444e-01,1.000000000000000056e-01,6.101826528999999555e-01,6.536911433000000549e-02
9.300000000000000000e+04,4.000000000000000000e+02,8.000000000000000444e-01,1.000000000000000056e-01,6.101847438999999929e-01,6.537981966000000478e-02
9.500000000000000000e+04,4.000000000000000000e+02,8.000000000000000444e-01,1.000000000000000056e-01,6.101867763999999639e-01,6.539030047999999651e-02
9.700000000000000000e+04,4.000000000000000000e+02,8.000000000000000444e-01,1.000000000000000056e-01,6.101887580999999505e-01,6.540056663000000381e-02
9.900000000000000000e+04,4.000000000000000000e+02,8.000000000000000444e-01,1.000000000000000056e-01,6.101906956999999521e-01,6.541062733999999934e-02
1.000000000000000000e+04,4.000000000000000000e+02,8.000000000000000444e-01,1.000000000000000056e-01,6.086273599000000534e-01,6.416350571999999974e-02
3.000000000000000000e+04,4.000000000000000000e+02,8.000000000000000444e-01,1.000000000000000056e-01,6.099202256000000322e-01,6.481209910999999324e-02
5.000000000000000000e+04,4.000000000000000000e+02,8.000000000000000444e-01,1.000000000000000056e-01,6.100979846999999845e-01,6.507316119999999315e-02
7.000000000000000000e+04,4.000000000000000000e+02,8.000000000000000444e-01,1.000000000000000056e-01,6.101542770000000226e-01,6.523995923000000530e-02
9.000000000000000000e+04,4.000000000000000000e+02,8.000000000000000444e-01,1.000000000000000056e-01,6.101815829000000191e-01,6.536367421000000011e-02
1.100000000000000000e+05,4.000000000000000000e+02,8.000000000000000444e-01,1.000000000000000056e-01,6.102008116999999565e-01,6.546264948999999667e-02
1.300000000000000000e+05,4.000000000000000000e+02,8.000000000000000444e-01,1.000000000000000056e-01,6.102184080000000455e-01,6.554555756999999594e-02
1.500000000000000000e+05,4.000000000000000000e+02,8.000000000000000444e-01,1.000000000000000056e-01,6.102366459000000409e-01,6.561718669999999642e-02
1.700000000000000000e+05,4.000000000000000000e+02,8.000000000000000444e-01,1.000000000000000056e-01,6.102563442999999754e-01,6.568046043000000389e-02
1.900000000000000000e+05,4.000000000000000000e+02,8.000000000000000444e-01,1.000000000000000056e-01,6.102777557999999880e-01,6.573729505000000528e-02
2.100000000000000000e+05,4.000000000000000000e+02,8.000000000000000444e-01,1.000000000000000056e-01,6.103008997000000102e-01,6.578901485999999466e-02
2.300000000000000000e+05,4.000000000000000000e+02,8.000000000000000444e-01,1.000000000000000056e-01,6.103256996999999462e-01,6.583657335999999749e-02
2.500000000000000000e+05,4.000000000000000000e+02,8.000000000000000444e-01,1.000000000000000056e-01,6.103520434000000439e-01,6.588067988000000097e-02
2.700000000000000000e+05,4.000000000000000000e+02,8.000000000000000444e-01,1.000000000000000056e-01,6.103798091000000037e-01,6.592187647000000150e-02
2.900000000000000000e+05,4.000000000000000000e+02,8.000000000000000444e-01,1.000000000000000056e-01,6.104088778999999798e-01,6.596058667000000153e-02
3.100000000000000000e+05,4.000000000000000000e+02,8.000000000000000444e-01,1.000000000000000056e-01,6.104391389000000112e-01,6.599714769999999453e-02
3.300000000000000000e+05,4.000000000000000000e+02,8.000000000000000444e-01,1.000000000000000056e-01,6.104704907000000347e-01,6.603183246999999589e-02
3.500000000000000000e+05,4.000000000000000000e+02,8.000000000000000444e-01,1.000000000000000056e-01,6.105028418000000290e-01,6.606486494999999626e-02
3.700000000000000000e+05,4.000000000000000000e+02,8.000000000000000444e-01,1.000000000000000056e-01,6.105361097999999487e-01,6.609643119999999983e-02
3.900000000000000000e+05,4.000000000000000000e+02,8.000000000000000444e-01,1.000000000000000056e-01,6.105702212000000406e-01,6.612668750000000317e-02
4.100000000000000000e+05,4.000000000000000000e+02,8.000000000000000444e-01,1.000000000000000056e-01,6.106051100999999592e-01,6.615576636000000676e-02
4.300000000000000000e+05,4.000000000000000000e+02,8.000000000000000444e-01,1.000000000000000056e-01,6.106407173000000244e-01,6.618378112999999396e-02
4.500000000000000000e+05,4.000000000000000000e+02,8.000000000000000444e-01,1.000000000000000056e-01,6.106769896000000530e-01,6.621082949999999856e-02
4.700000000000000000e+05,4.000000000000000000e+02,8.000000000000000444e-01,1.000000000000000056e-01,6.107138795000000009e-01,6.623699629000000255e-02
4.900000000000000000e+05,4.000000000000000000e+02,8.000000000000000444e-01,1.000000000000000056e-01,6.107513436000000517e-01,6.626235561000000385e-02
5.100000000000000000e+05,4.000000000000000000e+02,8.000000000000000444e-01,1.000000000000000056e-01,6.107893432000000011e-01,6.628697256000000426e-02
5.300000000000000000e+05,4.000000000000000000e+02,8.000000000000000444e-01,1.000000000000000056e-01,6.108278430000000370e-01,6.631090468000000460e-02
5.500000000000000000e+05,4.000000000000000000e+02,8.000000000000000444e-01,1.000000000000000056e-01,6.108668108000000485e-01,6.633420302999999685e-02
5.700000000000000000e+05,4.000000000000000000e+02,8.000000000000000444e-01,1.000000000000000056e-01,6.109062174999999595e-01,6.635691318000000449e-02
5.900000000000000000e+05,4.000000000000000000e+02,8.000000000000000444e-01,1.000000000000000056e-01,6.109460365000000115e-01,6.637907592000000245e-02
6.100000000000000000e+05,4.000000000000000000e+02,8.000000000000000444e-01,1.000000000000000056e-01,6.109862433999999620e-01,6.640072795000000194e-02
6.300000000000000000e+05,4.000000000000000000e+02,8.000000000000000444e-01,1.000000000000000056e-01,6.110268156999999478e-01,6.642190236999999386e-02
6.500000000000000000e+05,4.000000000000000000e+02,8.000000000000000444e-01,1.000000000000000056e-01,6.110677329999999463e-01,6.644262917000000324e-02
6.700000000000000000e+05,4.000000000000000000e+02,8.000000000000000444e-01,1.000000000000000056e-01,6.111089763999999480e-01,6.646293557999999324e-02
6.900000000000000000e+05,4.000000000000000000e+02,8.000000000000000444e-01,1.000000000000000056e-01,6.111505283999999483e-01,6.648284642000000522e-02
7.100000000000000000e+05,4.000000000000000000e+02,8.000000000000000444e-01,1.000000000000000056e-01,6.111923728000000500e-01,6.650238435999999975e-02
7.300000000000000000e+05,4.000000000000000000e+02,8.000000000000000444e-01,1.000000000000000056e-01,6.112344947000000195e-01,6.652157018000000310e-02
7.500000000000000000e+05,4.000000000000000000e+02,8.000000000000000444e-01,1.000000000000000056e-01,6.112768803000000473e-01,6.654042295999999801e-02
7.700000000000000000e+05,4.000000000000000000e+02,8.000000000000000444e-01,1.000000000000000056e-01,6.113195165999999459e-01,6.655896025999999410e-02
7.900000000000000000e+05,4.000000000000000000e+02,8.000000000000000444e-01,1.000000000000000056e-01,6.113623916000000547e-01,6.657719827999999951e-02
8.100000000000000000e+05,4.000000000000000000e+02,8.000000000000000444e-01,1.000000000000000056e-01,6.114054942000000104e-01,6.659515201000000550e-02
8.300000000000000000e+05,4.000000000000000000e+02,8.000000000000000444e-01,1.000000000000000056e-01,6.114488138000000461e-01,6.661283531999999397e-02
8.500000000000000000e+05,4.000000000000000000e+02,8.000000000000000444e-01,1.000000000000000056e-01,6.114923407000000255e-01,6.663026110000000446e-02
8.700000000000000000e+05,4.000000000000000000e+02,8.000000000000000444e-01,1.000000000000000056e-01,6.115360657999999727e-01,6.664744134000000209e-02
8.900000000000000000e+05,4.000000000000000000e+02,8.000000000000000444e-01,1.000000000000000056e-01,6.115799803999999451e-01,6.666438718000000652e-02
9.100000000000000000e+05,4.000000000000000000e+02,8.000000000000000444e-01,1.000000000000000056e-01,6.116240765999999551e-01,6.668110904000000561e-02
9.300000000000000000e+05,4.000000000000000000e+02,8.000000000000000444e-01,1.000000000000000056e-01,6.116683466000000235e-01,6.669761666000000033e-02
9.500000000000000000e+05,4.000000000000000000e+02,8.000000000000000444e-01,1.000000000000000056e-01,6.117127834000000153e-01,6.671391912999999341e-02
9.700000000000000000e+05,4.000000000000000000e+02,8.000000000000000444e-01,1.000000000000000056e-01,6.117573802000000338e-01,6.673002498999999754e-02
9.900000000000000000e+05,4.000000000000000000e+02,8.000000000000000444e-01,1.000000000000000056e-01,6.118021307000000020e-01,6.674594224999999548e-02
1.000000000000000000e+05,4.000000000000000000e+02,8.000000000000000444e-01,1.000000000000000056e-01,6.101916499999999743e-01,6.541558338000000306e-02
3.000000000000000000e+05,4.000000000000000000e+02,8.000000000000000444e-01,1.000000000000000056e-01,6.104238659999999816e-01,6.597911747000000104e-02
5.000000000000000000e+05,4.000000000000000000e+02,8.000000000000000444e-01,1.000000000000000056e-01,6.107702788000000105e-01,6.627475312000000174e-02
7.000000000000000000e+05,4.000000000000000000e+02,8.000000000000000444e-01,1.000000000000000056e-01,6.111714150000000512e-01,6.649266065999999420e-02
9.000000000000000000e+05,4.000000000000000000e+02,8.000000000000000444e-01,1.000000000000000056e-01,6.116020062999999451e-01,6.667277549000000247e-02
1.100000000000000000e+06,4.000000000000000000e+02,8.000000000000000444e-01,1.000000000000000056e-01,6.120507536000000526e-01,6.683043112000000563e-02
1.300000000000000000e+06,4.000000000000000000e+02,8.000000000000000444e-01,1.000000000000000056e-01,6.125116852999999972e-01,6.697316412999999857e-02
1.500000000000000000e+06,4.000000000000000000e+02,8.000000000000000444e-01,1.000000000000000056e-01,6.129812701000000308e-01,6.710524280999999314e-02
1.700000000000000000e+06,4.000000000000000000e+02,8.000000000000000444e-01,1.000000000000000056e-01,6.134572481000000188e-01,6.722932077000000339e-02
1.900000000000000000e+06,4.000000000000000000e+02,8.000000000000000444e-01,1.000000000000000056e-01,6.139380866000000436e-01,6.734716121000000610e-02
2.100000000000000000e+06,4.000000000000000000e+02,8.000000000000000444e-01,1.000000000000000056e-01,6.144226986999999918e-01,6.745999558000000118e-02
2.300000000000000000e+06,4.000000000000000000e+02,8.000000000000000444e-01,1.000000000000000056e-01,6.149102855000000423e-01,6.756871812999999671e-02
2.500000000000000000e+06,4.000000000000000000e+02,8.000000000000000444e-01,1.000000000000000056e-01,6.154002430999999662e-01,6.767399883999999921e-02
2.700000000000000000e+06,4.000000000000000000e+02,8.000000000000000444e-01,1.000000000000000056e-01,6.158921038000000348e-01,6.777635266999999797e-02
2.900000000000000000e+06,4.000000000000000000e+02,8.000000000000000444e-01,1.000000000000000056e-01,6.163854981999999927e-01,6.787618403999999550e-02
3.100000000000000000e+06,4.000000000000000000e+02,8.000000000000000444e-01,1.000000000000000056e-01,6.168801294000000324e-01,6.797381637999999615e-02
3.300000000000000000e+06,4.000000000000000000e+02,8.000000000000000444e-01,1.000000000000000056e-01,6.173757555000000119e-01,6.806951242000000568e-02
3.500000000000000000e+06,4.000000000000000000e+02,8.000000000000000444e-01,1.000000000000000056e-01,6.178721766000000448e-01,6.816348850999999487e-02
3.700000000000000000e+06,4.000000000000000000e+02,8.000000000000000444e-01,1.000000000000000056e-01,6.183692258999999858e-01,6.825592493000000316e-02
3.900000000000000000e+06,4.000000000000000000e+02,8.000000000000000444e-01,1.000000000000000056e-01,6.188667624999999450e-01,6.834697351000000587e-02
4.100000000000000000e+06,4.000000000000000000e+02,8.000000000000000444e-01,1.000000000000000056e-01,6.193646668000000188e-01,6.843676333999999806e-02
4.300000000000000000e+06,4.000000000000000000e+02,8.000000000000000444e-01,1.000000000000000056e-01,6.198628360000000281e-01,6.852540507000000336e-02
4.500000000000000000e+06,4.000000000000000000e+02,8.000000000000000444e-01,1.000000000000000056e-01,6.203611814999999696e-01,6.861299429999999366e-02
4.700000000000000000e+06,4.000000000000000000e+02,8.000000000000000444e-01,1.000000000000000056e-01,6.208596261000000061e-01,6.869961418999999403e-02
4.900000000000000000e+06,4.000000000000000000e+02,8.000000000000000444e-01,1.000000000000000056e-01,6.213581025000000091e-01,6.878533750000000169e-02
5.100000000000000000e+06,4.000000000000000000e+02,8.000000000000000444e-01,1.000000000000000056e-01,6.218565513999999572e-01,6.887022832000000427e-02
5.300000000000000000e+06,4.000000000000000000e+02,8.000000000000000444e-01,1.000000000000000056e-01,6.223549204999999640e-01,6.895434336000000330e-02
5.500000000000000000e+06,4.000000000000000000e+02,8.000000000000000444e-01,1.000000000000000056e-01,6.228531634999999733e-01,6.903773303000000638e-02
5.700000000000000000e+06,4.000000000000000000e+02,8.000000000000000444e-01,1.000000000000000056e-01,6.233512387999999849e-01,6.912044239999999562e-02
5.900000000000000000e+06,4.000000000000000000e+02,8.000000000000000444e-01,1.000000000000000056e-01,6.238491096999999597e-01,6.920251187999999776e-02
6.100000000000000000e+06,4.000000000000000000e+02,8.000000000000000444e-01,1.000000000000000056e-01,6.243467429000000291e-01,6.928397784999999753e-02
6.300000000000000000e+06,4.000000000000000000e+02,8.000000000000000444e-01,1.000000000000000056e-01,6.248441085999999478e-01,6.936487320999999706e-02
6.500000000000000000e+06,4.000000000000000000e+02,8.000000000000000444e-01,1.000000000000000056e-01,6.253411799000000437e-01,6.944522779999999507e-02
6.700000000000000000e+06,4.000000000000000000e+02,8.000000000000000444e-01,1.000000000000000056e-01,6.258379322999999550e-01,6.952506874000000114e-02
6.900000000000000000e+06,4.000000000000000000e+02,8.000000000000000444e-01,1.000000000000000056e-01,6.263343438999999790e-01,6.960442079999999698e-02
7.100000000000000000e+06,4.000000000000000000e+02,8.000000000000000444e-01,1.000000000000000056e-01,6.268303944999999988e-01,6.968330664999999868e-02
7.300000000000000000e+06,4.000000000000000000e+02,8.000000000000000444e-01,1.000000000000000056e-01,6.273260657000000462e-01,6.976174706000000392e-02
7.500000000000000000e+06,4.000000000000000000e+02,8.000000000000000444e-01,1.000000000000000056e-01,6.278213407999999607e-01,6.983976115999999956e-02
7.700000000000000000e+06,4.000000000000000000e+02,8.000000000000000444e-01,1.000000000000000056e-01,6.283162045000000306e-01,6.991736657000000021e-02
7.900000000000000000e+06,4.000000000000000000e+02,8.000000000000000444e-01,1.000000000000000056e-01,6.288106427999999859e-01,6.999457957999999369e-02
8.100000000000000000e+06,4.000000000000000000e+02,8.000000000000000444e-01,1.000000000000000056e-01,6.293046427999999803e-01,7.007141527999999342e-02
8.300000000000000000e+06,4.000000000000000000e+02,8.000000000000000444e-01,1.000000000000000056e-01,6.297981926000000286e-01,7.014788765000000426e-02
8.500000000000000000e+06,4.000000000000000000e+02,8.000000000000000444e-01,1.000000000000000056e-01,6.302912813000000058e-01,7.022400970999999326e-02
8.700000000000000000e+06,4.000000000000000000e+02,8.000000000000000444e-01,1.000000000000000056e-01,6.307838988999999730e-01,7.029979356000000401e-02
8.900000000000000000e+06,4.000000000000000000e+02,8.000000000000000444e-01,1.000000000000000056e-01,6.312760361000000486e-01,7.037525052000000170e-02
9.100000000000000000e+06,4.000000000000000000e+02,8.000000000000000444e-01,1.000000000000000056e-01,6.317676843999999736e-01,7.045039113999999880e-02
9.300000000000000000e+06,4.000000000000000000e+02,8.000000000000000444e-01,1.000000000000000056e-01,6.322588357999999742e-01,7.052522531999999567e-02
9.500000000000000000e+06,4.000000000000000000e+02,8.000000000000000444e-01,1.000000000000000056e-01,6.327494830000000015e-01,7.059976230999999436e-02
9.700000000000000000e+06,4.000000000000000000e+02,8.000000000000000444e-01,1.000000000000000056e-01,6.332396192999999451e-01,7.067401081999999390e-02
9.900000000000000000e+06,4.000000000000000000e+02,8.000000000000000444e-01,1.000000000000000056e-01,6.337292383000000529e-01,7.074797904000000581e-02
1.000000000000000000e+06,4.000000000000000000e+02,8.000000000000000444e-01,1.000000000000000056e-01,6.118245617999999997e-01,6.675383252000000045e-02
3.000000000000000000e+06,4.000000000000000000e+02,8.000000000000000444e-01,1.000000000000000056e-01,6.166326753999999966e-01,6.792525743999999754e-02
5.000000000000000000e+06,4.000000000000000000e+02,8.000000000000000444e-01,1.000000000000000056e-01,6.216073337999999948e-01,6.882788327000000095e-02
7.000000000000000000e+06,4.000000000000000000e+02,8.000000000000000444e-01,1.000000000000000056e-01,6.265824155000000450e-01,6.964392065999999715e-02
9.000000000000000000e+06,4.000000000000000000e+02,8.000000000000000444e-01,1.000000000000000056e-01,6.315219219000000050e-01,7.041285974000000003e-02
1.100000000000000000e+07,4.000000000000000000e+02,8.000000000000000444e-01,1.000000000000000056e-01,6.364126566000000151e-01,7.115011704000000214e-02
1.300000000000000000e+07,4.000000000000000000e+02,8.000000000000000444e-01,1.000000000000000056e-01,6.412487862000000316e-01,7.186340086999999655e-02
1.500000000000000000e+07,4.000000000000000000e+02,8.000000000000000444e-01,1.000000000000000056e-01,6.460275782000000078e-01,7.255716809999999961e-02
1.700000000000000000e+07,4.000000000000000000e+02,8.000000000000000444e-01,1.000000000000000056e-01,6.507478250999999547e-01,7.323426129000000506e-02
1.900000000000000000e+07,4.000000000000000000e+02,8.000000000000000444e-01,1.000000000000000056e-01,6.554091488000000076e-01,7.389662837999999567e-02
2.100000000000000000e+07,4.000000000000000000e+02,8.000000000000000444e-01,1.000000000000000056e-01,6.600116543999999807e-01,7.454568035000000426e-02
2.300000000000000000e+07,4.000000000000000000e+02,8.000000000000000444e-01,1.000000000000000056e-01,6.645557424000000379e-01,7.518248553999999639e-02
2.500000000000000000e+07,4.000000000000000000e+02,8.000000000000000444e-01,1.000000000000000056e-01,6.690419995999999925e-01,7.580788269999999551e-02
2.700000000000000000e+07,4.000000000000000000e+02,8.000000000000000444e-01,1.000000000000000056e-01,6.734711324000000054e-01,7.642255059999999989e-02
2.900000000000000000e+07,4.000000000000000000e+02,8.000000000000000444e-01,1.000000000000000056e-01,6.778439242999999559e-01,7.702705260999999359e-02
3.100000000000000000e+07,4.000000000000000000e+02,8.000000000000000444e-01,1.000000000000000056e-01,6.821612078000000023e-01,7.762186661000000654e-02
3.300000000000000000e+07,4.000000000000000000e+02,8.000000000000000444e-01,1.000000000000000056e-01,6.864238455000000183e-01,7.820740538999999825e-02
3.500000000000000000e+07,4.000000000000000000e+02,8.000000000000000444e-01,1.000000000000000056e-01,6.906327169000000543e-01,7.878403125999999812e-02
3.700000000000000000e+07,4.000000000000000000e+02,8.000000000000000444e-01,1.000000000000000056e-01,6.947887092000000209e-01,7.935206646999999613e-02
3.900000000000000000e+07,4.000000000000000000e+02,8.000000000000000444e-01,1.000000000000000056e-01,6.988927105000000140e-01,7.991180102000000618e-02
4.100000000000000000e+07,4.000000000000000000e+02,8.000000000000000444e-01,1.000000000000000056e-01,7.029456054999999592e-01,8.046349849999999415e-02
4.300000000000000000e+07,4.000000000000000000e+02,8.000000000000000444e-01,1.000000000000000056e-01,7.069482713000000418e-01,8.100740056999999883e-02
4.500000000000000000e+07,4.000000000000000000e+02,8.000000000000000444e-01,1.000000000000000056e-01,7.109015753999999854e-01,8.154373041000000100e-02
4.700000000000000000e+07,4.000000000000000000e+02,8.000000000000000444e-01,1.000000000000000056e-01,7.148063736999999973e-01,8.207269551000000163e-02
4.900000000000000000e+07,4.000000000000000000e+02,8.000000000000000444e-01,1.000000000000000056e-01,7.186635095000000195e-01,8.259448983000000633e-02
5.100000000000000000e+07,4.000000000000000000e+02,8.000000000000000444e-01,1.000000000000000056e-01,7.224738118000000320e-01,8.310929557000000523e-02
5.300000000000000000e+07,4.000000000000000000e+02,8.000000000000000444e-01,1.000000000000000056e-01,7.262380954999999583e-01,8.361728460999999502e-02
5.500000000000000000e+07,4.000000000000000000e+02,8.000000000000000444e-01,1.000000000000000056e-01,7.299571604000000269e-01,8.411861971999999577e-02
5.700000000000000000e+07,4.000000000000000000e+02,8.000000000000000444e-01,1.000000000000000056e-01,7.336317913000000024e-01,8.461345551000000464e-02
5.900000000000000000e+07,4.000000000000000000e+02,8.000000000000000444e-01,1.000000000000000056e-01,7.372627575000000322e-01,8.510193928999999768e-02
6.100000000000000000e+07,4.000000000000000000e+02,8.000000000000000444e-01,1.000000000000000056e-01,7.408508134000000300e-01,8.558421176000000075e-02
6.300000000000000000e+07,4.000000000000000000e+02,8.000000000000000444e-01,1.000000000000000056e-01,7.443966977999999513e-01,8.606040764000000287e-02
6.500000000000000000e+07,4.000000000000000000e+02,8.000000000000000444e-01,1.000000000000000056e-01,7.479011344999999533e-01,8.653065611000000656e-02
6.700000000000000000e+07,4.000000000000000000e+02,8.000000000000000444e-01,1.000000000000000056e-01,7.513648322999999518e-01,8.699508133000000143e-02
6.900000000000000000e+07,4.000000000000000000e+02,8.000000000000000444e-01,1.000000000000000056e-01,7.547884852999999783e-01,8.745380280999999478e-02
7.100000000000000000e+07,4.000000000000000000e+02,8.000000000000000444e-01,1.000000000000000056e-01,7.581727731999999831e-01,8.790693569999999402e-02
7.300000000000000000e+07,4.000000000000000000e+02,8.000000000000000444e-01,1.000000000000000056e-01,7.615183611000000408e-01,8.835459116999999640e-02
7.500000000000000000e+07,4.000000000000000000e+02,8.000000000000000444e-01,1.000000000000000056e-01,7.648259001999999640e-01,8.879687661000000565e-02
7.700000000000000000e+07,4.000000000000000000e+02,8.000000000000000444e-01,1.000000000000000056e-01,7.680960279999999862e-01,8.923389589999999871e-02
7.900000000000000000e+07,4.000000000000000000e+02,8.000000000000000444e-01,1.000000000000000056e-01,7.713293685000000011e-01,8.966574958999999623e-02
8.100000000000000000e+07,4.000000000000000000e+02,8.000000000000000444e-01,1.000000000000000056e-01,7.745265326000000394e-01,9.009253512999999824e-02
8.300000000000000000e+07,4.000000000000000000e+02,8.000000000000000444e-01,1.000000000000000056e-01,7.776881180000000393e-01,9.051434702999999748e-02
8.500000000000000000e+07,4.000000000000000000e+02,8.000000000000000444e-01,1.000000000000000056e-01,7.808147100000000229e-01,9.093127698000000314e-02
8.700000000000000000e+07,4.000000000000000000e+02,8.000000000000000444e-01,1.000000000000000056e-01,7.839068814999999857e-01,9.134341406000000274e-02
8.900000000000000000e+07,4.000000000000000000e+02,8.000000000000000444e-01,1.000000000000000056e-01,7.869651934000000404e-01,9.175084479999999487e-02
9.100000000000000000e+07,4.000000000000000000e+02,8.000000000000000444e-01,1.000000000000000056e-01,7.899901947999999896e-01,9.215365334000000241e-02
9.300000000000000000e+07,4.000000000000000000e+02,8.000000000000000444e-01,1.000000000000000056e-01,7.929824232000000084e-01,9.255192152999999755e-02
9.500000000000000000e+07,4.000000000000000000e+02,8.000000000000000444e-01,1.000000000000000056e-01,7.959424050000000195e-01,9.294572903999999414e-02
9.700000000000000000e+07,4.000000000000000000e+02,8.000000000000000444e-01,1.000000000000000056e-01,7.988706555000000264e-01,9.333515343999999880e-02
9.900000000000000000e+07,4.000000000000000000e+02,8.000000000000000444e-01,1.000000000000000056e-01,8.017676795000000523e-01,9.372027030000000536e-02
1.000000000000000000e+07,4.000000000000000000e+02,8.000000000000000444e-01,1.000000000000000056e-01,6.339738520000000044e-01,7.078486046000000143e-02
3.000000000000000000e+07,4.000000000000000000e+02,8.000000000000000444e-01,1.000000000000000056e-01,6.800094512000000035e-01,7.732564347999999754e-02
5.000000000000000000e+07,4.000000000000000000e+02,8.000000000000000444e-01,1.000000000000000056e-01,7.205744634999999843e-01,8.285275530999999805e-02
7.000000000000000000e+07,4.000000000000000000e+02,8.000000000000000444e-01,1.000000000000000056e-01,7.564855080000000287e-01,8.768106079000000108e-02
9.000000000000000000e+07,4.000000000000000000e+02,8.000000000000000444e-01,1.000000000000000056e-01,7.884818241000000061e-01,9.195282167000000395e-02
1.000000000000000000e+08,4.000000000000000000e+02,8.000000000000000444e-01,1.000000000000000056e-01,8.032046363999999494e-01,9.391123647999999324e-02
