# pressure,temperature,f1,f2,molkg1,molkg2
1.000000000000000000e+00,4.000000000000000000e+02,5.999999999999999778e-01,2.999999999999999889e-01,1.114726369000000085e-02,3.440701743000000069e-03
3.000000000000000000e+00,4.000000000000000000e+02,5.999999999999999778e-01,2.999999999999999889e-01,3.205752751999999678e-02,9.896392684999999814e-03
5.000000000000000000e+00,4.000000000000000000e+02,5.999999999999999778e-01,2.999999999999999889e-01,5.130541360000000217e-02,1.584077249999999923e-02
7.000000000000000000e+00,4.000000000000000000e+02,5.999999999999999778e-01,2.999999999999999889e-01,6.908147767000000217e-02,2.133237882999999835e-02
9.000000000000000000e+00,4.000000000000000000e+02,5.999999999999999778e-01,2.999999999999999889e-01,8.554822702999999307e-02,2.642113835000000147e-02
1.100000000000000000e+01,4.000000000000000000e+02,5.999999999999999778e-01,2.999999999999999889e-01,1.008450976999999971e-01,3.114989426999999894e-02
1.300000000000000000e+01,4.000000000000000000e+02,5.999999999999999778e-01,2.999999999999999889e-01,1.150924083999999986e-01,3.555561970999999988e-02
1.500000000000000000e+01,4.000000000000000000e+02,5.999999999999999778e-01,2.999999999999999889e-01,1.283945276000000024e-01,3.967038996999999734e-02
1.700000000000000000e+01,4.000000000000000000e+02,5.999999999999999778e-01,2.999999999999999889e-01,1.408424322999999867e-01,4.352216770000000290e-02
1.900000000000000000e+01,4.000000000000000000e+02,5.999999999999999778e-01,2.999999999999999889e-01,1.525157886000000074e-01,4.713544169000000172e-02
2.100000000000000000e+01,4.000000000000000000e+02,5.999999999999999778e-01,2.999999999999999889e-01,1.634846563000000030e-01,5.053175020000000295e-02
2.300000000000000000e+01,4.000000000000000000e+02,5.999999999999999778e-01,2.999999999999999889e-01,1.738108948000000042e-01,5.373011241999999660e-02
2.500000000000000000e+01,4.000000000000000000e+02,5.999999999999999778e-01,2.999999999999999889e-01,1.835493283000000087e-01,5.674738641000000305e-02
2.700000000000000000e+01,4.000000000000000000e+02,5.999999999999999778e-01,2.999999999999999889e-01,1.927487183999999909e-01,5.959856759999999920e-02
2.900000000000000000e+01,4.000000000000000000e+02,5.999999999999999778e-01,2.999999999999999889e-01,2.014525795000000064e-01,6.229703920000000117e-02
3.100000000000000000e+01,4.000000000000000000e+02,5.999999999999999778e-01,2.999999999999999889e-01,2.096998659000000043e-01,6.485478328999999542e-02
3.300000000000000000e+01,4.000000000000000000e+02,5.999999999999999778e-01,2.999999999999999889e-01,2.175255541999999986e-01,6.728255950000000540e-02
3.500000000000000000e+01,4.000000000000000000e+02,5.999999999999999778e-01,2.999999999999999889e-01,2.249611381000000132e-01,6.959005711000000594e-02
3.700000000000000000e+01,4.000000000000000000e+02,5.999999999999999778e-01,2.999999999999999889e-01,2.320350512000000087e-01,7.178602492999999751e-02
3.900000000000000000e+01,4.000000000000000000e+02,5.999999999999999778e-01,2.999999999999999889e-01,2.387730302999999943e-01,7.387838273999999816e-02
4.100000000000000000e+01,4.000000000000000000e+02,5.999999999999999778e-01,2.999999999999999889e-01,2.451984269999999966e-01,7.587431725000000349e-02
4.300000000000000000e+01,4.000000000000000000e+02,5.999999999999999778e-01,2.999999999999999889e-01,2.513324786000000199e-01,7.778036502000000574e-02
4.500000000000000000e+01,4.000000000000000000e+02,5.999999999999999778e-01,2.999999999999999889e-01,2.571945413000000236e-01,7.960248437000000399e-02
4.700000000000000000e+01,4.000000000000000000e+02,5.999999999999999778e-01,2.999999999999999889e-01,2.628022942000000084e-01,8.134611797999999339e-02
4.900000000000000000e+01,4.000000000000000000e+02,5.999999999999999778e-01,2.999999999999999889e-01,2.681719174000000150e-01,8.301624746999999860e-02
5.100000000000000000e+01,4.000000000000000000e+02,5.999999999999999778e-01,2.999999999999999889e-01,2.733182471000000224e-01,8.461744126999999616e-02
5.300000000000000000e+01,4.000000000000000000e+02,5.999999999999999778e-01,2.999999999999999889e-01,2.782549123999999985e-01,8.615389656999999923e-02
5.500000000000000000e+01,4.000000000000000000e+02,5.999999999999999778e-01,2.999999999999999889e-01,2.829944556999999805e-01,8.762947628999999405e-02
5.700000000000000000e+01,4.000000000000000000e+02,5.999999999999999778e-01,2.999999999999999889e-01,2.875484388999999807e-01,8.904774175000000624e-02
5.900000000000000000e+01,4.000000000000000000e+02,5.999999999999999778e-01,2.999999999999999889e-01,2.919275372999999840e-01,9.041198152000000376e-02
6.100000000000000000e+01,4.000000000000000000e+02,5.999999999999999778e-01,2.999999999999999889e-01,2.961416229000000122e-01,9.172523706000000610e-02
6.300000000000000000e+01,4.000000000000000000e+02,5.999999999999999778e-01,2.999999999999999889e-01,3.001998386999999990e-01,9.299032554000000173e-02
6.500000000000000000e+01,4.000000000000000000e+02,5.999999999999999778e-01,2.999999999999999889e-01,3.041106646999999774e-01,9.420986007999999912e-02
6.700000000000000000e+01,4.000000000000000000e+02,5.999999999999999778e-01,2.999999999999999889e-01,3.078819768000000123e-01,9.538626797999999463e-02
6.900000000000000000e+01,4.000000000000000000e+02,5.999999999999999778e-01,2.999999999999999889e-01,3.115210997999999787e-01,9.652180691999999451e-02
7.100000000000000000e+01,4.000000000000000000e+02,5.999999999999999778e-01,2.999999999999999889e-01,3.150348548999999942e-01,9.761857950999999756e-02
7.300000000000000000e+01,4.000000000000000000e+02,5.999999999999999778e-01,2.999999999999999889e-01,3.184296019000000255e-01,9.867854641999999898e-02
7.500000000000000000e+01,4.000000000000000000e+02,5.999999999999999778e-01,2.999999999999999889e-01,3.217112777999999729e-01,9.970353815000000675e-02
7.700000000000000000e+01,4.000000000000000000e+02,5.999999999999999778e-01,2.999999999999999889e-01,3.248854312000000188e-01,1.006952656000000002e-01
7.900000000000000000e+01,4.000000000000000000e+02,5.999999999999999778e-01,2.999999999999999889e-01,3.279572538000000148e-01,1.016553298999999938e-01
8.100000000000000000e+01,4.000000000000000000e+02,5.999999999999999778e-01,2.999999999999999889e-01,3.309316083000000130e-01,1.025852307999999963e-01
8.300000000000000000e+01,4.000000000000000000e+02,5.999999999999999778e-01,2.999999999999999889e-01,3.338130542000000145e-01,1.034863746000000001e-01
8.500000000000000000e+01,4.000000000000000000e+02,5.999999999999999778e-01,2.999999999999999889e-01,3.366058713000000258e-01,1.043600816000000014e-01
8.700000000000000000e+01,4.000000000000000000e+02,5.999999999999999778e-01,2.999999999999999889e-01,3.393140805000000038e-01,1.052075923999999940e-01
8.900000000000000000e+01,4.000000000000000000e+02,5.999999999999999778e-01,2.999999999999999889e-01,3.419414630000000010e-01,1.060300735999999966e-01
9.100000000000000000e+01,4.000000000000000000e+02,5.999999999999999778e-01,2.999999999999999889e-01,3.444915785000000064e-01,1.068286237000000000e-01
9.300000000000000000e+01,4.000000000000000000e+02,5.999999999999999778e-01,2.999999999999999889e-01,3.469677802999999727e-01,1.076042777000000006e-01
9.500000000000000000e+01,4.000000000000000000e+02,5.999999999999999778e-01,2.999999999999999889e-01,3.493732307999999898e-01,1.083580115000000038e-01
9.700000000000000000e+01,4.000000000000000000e+02,5.999999999999999778e-01,2.999999999999999889e-01,3.517109145999999797e-01,1.090907465999999965e-01
9.900000000000000000e+01,4.000000000000000000e+02,5.999999999999999778e-01,2.999999999999999889e-01,3.539836506999999854e-01,1.098033531000000007e-01
1.000000000000000000e+01,4.000000000000000000e+02,5.999999999999999778e-01,2.999999999999999889e-01,9.333496970999999309e-02,2.882808078000000107e-02
3.000000000000000000e+01,4.000000000000000000e+02,5.999999999999999778e-01,2.999999999999999889e-01,2.056310214000000025e-01,6.359280295999999999e-02
5.000000000000000000e+01,4.000000000000000000e+02,5.999999999999999778e-01,2.999999999999999889e-01,2.707721153000000047e-01,8.382519077000000207e-02
7.000000000000000000e+01,4.000000000000000000e+02,5.999999999999999778e-01,2.999999999999999889e-01,3.132932405000000142e-01,9.707491327999999420e-02
9.000000000000000000e+01,4.000000000000000000e+02,5.999999999999999778e-01,2.999999999999999889e-01,3.432259649000000135e-01,1.064322738999999990e-01
1.100000000000000000e+02,4.000000000000000000e+02,5.999999999999999778e-01,2.999999999999999889e-01,3.654349460999999910e-01,1.133975334000000001e-01
1.300000000000000000e+02,4.000000000000000000e+02,5.999999999999999778e-01,2.999999999999999889e-01,3.825648589999999793e-01,1.187872070000000058e-01
1.500000000000000000e+02,4.000000000000000000e+02,5.999999999999999778e-01,2.999999999999999889e-01,3.961769725000000020e-01,1.230838469000000018e-01
1.700000000000000000e+02,4.000000000000000000e+02,5.999999999999999778e-01,2.999999999999999889e-01,4.072523337000000243e-01,1.265910024999999939e-01
1.900000000000000000e+02,4.000000000000000000e+02,5.999999999999999778e-01,2.999999999999999889e-01,4.164383589999999802e-01,1.295092109000000047e-01
2.100000000000000000e+02,4.000000000000000000e+02,5.999999999999999778e-01,2.999999999999999889e-01,4.241795257000000041e-01,1.319762978000000031e-01
2.300000000000000000e+02,4.000000000000000000e+02,5.999999999999999778e-01,2.999999999999999889e-01,4.307910965000000258e-01,1.340901273000000005e-01
2.500000000000000000e+02,4.000000000000000000e+02,5.999999999999999778e-01,2.999999999999999889e-01,4.365028844000000130e-01,1.359221150999999905e-01
2.700000000000000000e+02,4.000000000000000000e+02,5.999999999999999778e-01,2.999999999999999889e-01,4.414863598000000056e-01,1.375256041000000040e-01
2.900000000000000000e+02,4.000000000000000000e+02,5.999999999999999778e-01,2.999999999999999889e-01,4.458720554999999752e-01,1.389412456999999934e-01
3.100000000000000000e+02,4.000000000000000000e+02,5.999999999999999778e-01,2.999999999999999889e-01,4.497610926000000231e-01,1.402005654000000046e-01
3.300000000000000000e+02,4.000000000000000000e+02,5.999999999999999778e-01,2.999999999999999889e-01,4.532330198999999782e-01,1.413283904000000035e-01
3.500000000000000000e+02,4.000000000000000000e+02,5.999999999999999778e-01,2.999999999999999889e-01,4.563512734999999876e-01,1.423445399000000111e-01
3.700000000000000000e+02,4.000000000000000000e+02,5.999999999999999778e-01,2.999999999999999889e-01,4.591670586000000109e-01,1.432650293999999935e-01
3.900000000000000000e+02,4.000000000000000000e+02,5.999999999999999778e-01,2.999999999999999889e-01,4.617221602000000091e-01,1.441029420000000116e-01
4.100000000000000000e+02,4.000000000000000000e+02,5.999999999999999778e-01,2.999999999999999889e-01,4.640510138000000229e-01,1.448690709000000076e-01
4.300000000000000000e+02,4.000000000000000000e+02,5.999999999999999778e-01,2.999999999999999889e-01,4.661822521999999802e-01,1.455724006000000126e-01
4.500000000000000000e+02,4.000000000000000000e+02,5.999999999999999778e-01,2.999999999999999889e-01,4.681398777999999927e-01,1.462204703999999966e-01
4.700000000000000000e+02,4.000000000000000000e+02,5.999999999999999778e-01,2.999999999999999889e-01,4.699441619999999986e-01,1.468196546999999963e-01
4.900000000000000000e+02,4.000000000000000000e+02,5.999999999999999778e-01,2.999999999999999889e-01,4.716123427999999729e-01,1.473753795999999949e-01
5.100000000000000000e+02,4.000000000000000000e+02,5.999999999999999778e-01,2.999999999999999889e-01,4.731591709999999895e-01,1.478922934999999939e-01
5.300000000000000000e+02,4.000000000000000000e+02,5.999999999999999778e-01,2.999999999999999889e-01,4.745973432999999742e-01,1.483744016999999915e-01
5.500000000000000000e+02,4.000000000000000000e+02,5.999999999999999778e-01,2.999999999999999889e-01,4.759378475000000108e-01,1.488251741000000128e-01
5.700000000000000000e+02,4.000000000000000000e+02,5.999999999999999778e-01,2.999999999999999889e-01,4.771902404999999736e-01,1.492476318000000024e-01
5.900000000000000000e+02,4.000000000000000000e+02,5.999999999999999778e-01,2.999999999999999889e-01,4.783628737000000242e-01,1.496444178999999930e-01
6.100000000000000000e+02,4.000000000000000000e+02,5.999999999999999778e-01,2.999999999999999889e-01,4.794630771000000236e-01,1.500178546000000002e-01
6.300000000000000000e+02,4.000000000000000000e+02,5.999999999999999778e-01,2.999999999999999889e-01,4.804973110999999908e-01,1.503699907000000113e-01
6.500000000000000000e+02,4.000000000000000000e+02,5.999999999999999778e-01,2.999999999999999889e-01,4.814712909000000152e-01,1.507026408000000095e-01
6.700000000000000000e+02,4.000000000000000000e+02,5.999999999999999778e-01,2.999999999999999889e-01,4.823900916000000150e-01,1.510174177999999978e-01
6.900000000000000000e+02,4.000000000000000000e+02,5.999999999999999778e-01,2.999999999999999889e-01,4.832582349999999805e-01,1.513157602999999907e-01
7.100000000000000000e+02,4.000000000000000000e+02,5.999999999999999778e-01,2.999999999999999889e-01,4.840797627999999797e-01,1.515989557000000099e-01
7.300000000000000000e+02,4.000000000000000000e+02,5.999999999999999778e-01,2.999999999999999889e-01,4.848582988999999843e-01,1.518681594000000079e-01
7.500000000000000000e+02,4.000000000000000000e+02,5.999999999999999778e-01,2.999999999999999889e-01,4.855971017999999861e-01,1.521244113000000120e-01
7.700000000000000000e+02,4.000000000000000000e+02,5.999999999999999778e-01,2.999999999999999889e-01,4.862991096000000013e-01,1.523686503999999997e-01
7.900000000000000000e+02,4.000000000000000000e+02,5.999999999999999778e-01,2.999999999999999889e-01,4.869669783000000196e-01,1.526017259999999931e-01
8.100000000000000000e+02,4.000000000000000000e+02,5.999999999999999778e-01,2.999999999999999889e-01,4.876031148000000148e-01,1.528244089999999944e-01
8.300000000000000000e+02,4.000000000000000000e+02,5.999999999999999778e-01,2.999999999999999889e-01,4.882097055999999879e-01,1.530374000999999984e-01
8.500000000000000000e+02,4.000000000000000000e+02,5.999999999999999778e-01,2.999999999999999889e-01,4.887887412999999959e-01,1.532413381000000130e-01
8.700000000000000000e+02,4.000000000000000000e+02,5.999999999999999778e-01,2.999999999999999889e-01,4.893420379999999792e-01,1.534368063999999865e-01
8.900000000000000000e+02,4.000000000000000000e+02,5.999999999999999778e-01,2.999999999999999889e-01,4.898712560999999854e-01,1.536243387000000016e-01
9.100000000000000000e+02,4.000000000000000000e+02,5.999999999999999778e-01,2.999999999999999889e-01,4.903779166000000189e-01,1.538044248999999863e-01
9.300000000000000000e+02,4.000000000000000000e+02,5.999999999999999778e-01,2.999999999999999889e-01,4.908634152999999944e-01,1.539775144999999956e-01
9.500000000000000000e+02,4.000000000000000000e+02,5.999999999999999778e-01,2.999999999999999889e-01,4.913290356000000192e-01,1.541440216999999946e-01
9.700000000000000000e+02,4.000000000000000000e+02,5.999999999999999778e-01,2.999999999999999889e-01,4.917759593000000096e-01,1.543043279999999906e-01
9.900000000000000000e+02,4.000000000000000000e+02,5.999999999999999778e-01,2.999999999999999889e-01,4.922052767999999801e-01,1.544587859999999868e-01
1.000000000000000000e+02,4.000000000000000000e+02,5.999999999999999778e-01,2.999999999999999889e-01,3.550965018999999723e-01,1.101523670000000010e-01
3.000000000000000000e+02,4.000000000000000000e+02,5.999999999999999778e-01,2.999999999999999889e-01,4.478732523000000243e-01,1.395887597999999896e-01
5.000000000000000000e+02,4.000000000000000000e+02,5.999999999999999778e-01,2.999999999999999889e-01,4.724000886999999982e-01,1.476384239000000098e-01
7.000000000000000000e+02,4.000000000000000000e+02,5.999999999999999778e-01,2.999999999999999889e-01,4.836745901999999764e-01,1.514591762999999980e-01
9.000000000000000000e+02,4.000000000000000000e+02,5.999999999999999778e-01,2.999999999999999889e-01,4.901273160999999878e-01,1.537152836000000022e-01
1.100000000000000000e+03,4.000000000000000000e+02,5.999999999999999778e-01,2.999999999999999889e-01,4.942932816999999757e-01,1.552171992999999972e-01
1.300000000000000000e+03,4.000000000000000000e+02,5.999999999999999778e-01,2.999999999999999889e-01,4.971973305999999870e-01,1.562962330000000066e-01
1.500000000000000000e+03,4.000000000000000000e+02,5.999999999999999778e-01,2.999999999999999889e-01,4.993324572000000239e-01,1.571135030999999960e-01
1.700000000000000000e+03,4.000000000000000000e+02,5.999999999999999778e-01,2.999999999999999889e-01,5.009649846000000517e-01,1.577569869999999874e-01
1.900000000000000000e+03,4.000000000000000000e+02,5.999999999999999778e-01,2.999999999999999889e-01,5.022513025999999492e-01,1.582788981000000095e-01
2.100000000000000000e+03,4.000000000000000000e+02,5.999999999999999778e-01,2.999999999999999889e-01,5.032892262999999478e-01,1.587122394000000103e-01
2.300000000000000000e+03,4.000000000000000000e+02,5.999999999999999778e-01,2.999999999999999889e-01,5.041430368999999523e-01,1.590789269000000006e-01
2.500000000000000000e+03,4.000000000000000000e+02,5.999999999999999778e-01,2.999999999999999889e-01,5.048566962999999630e-01,1.593941056000000023e-01
2.700000000000000000e+03,4.000000000000000000e+02,5.999999999999999778e-01,2.999999999999999889e-01,5.054612738000000549e-01,1.596685899999999991e-01
2.900000000000000000e+03,4.000000000000000000e+02,5.999999999999999778e-01,2.999999999999999889e-01,5.059793403000000245e-01,1.599103172000000128e-01
3.100000000000000000e+03,4.000000000000000000e+02,5.999999999999999778e-01,2.999999999999999889e-01,5.064276813000000432e-01,1.601252505999999909e-01
3.300000000000000000e+03,4.000000000000000000e+02,5.999999999999999778e-01,2.999999999999999889e-01,5.068190344999999875e-01,1.603179616000000030e-01
3.500000000000000000e+03,4.000000000000000000e+02,5.999999999999999778e-01,2.999999999999999889e-01,5.071632372000000055e-01,1.604920163999999927e-01
3.700000000000000000e+03,4.000000000000000000e+02,5.999999999999999778e-01,2.999999999999999889e-01,5.074680048999999915e-01,1.606502405000000133e-01
3.900000000000000000e+03,4.000000000000000000e+02,5.999999999999999778e-01,2.999999999999999889e-01,5.077394721000000333e-01,1.607949028000000002e-01
4.100000000000000000e+03,4.000000000000000000e+02,5.999999999999999778e-01,2.999999999999999889e-01,5.079825761999999800e-01,1.609278476999999874e-01
4.300000000000000000e+03,4.000000000000000000e+02,5.999999999999999778e-01,2.999999999999999889e-01,5.082013348999999680e-01,1.610505911000000012e-01
4.500000000000000000e+03,4.000000000000000000e+02,5.999999999999999778e-01,2.999999999999999889e-01,5.083990498999999552e-01,1.611643908000000014e-01
4.700000000000000000e+03,4.000000000000000000e+02,5.999999999999999778e-01,2.999999999999999889e-01,5.085784585999999496e-01,1.612703004000000107e-01
4.900000000000000000e+03,4.000000000000000000e+02,5.999999999999999778e-01,2.999999999999999889e-01,5.087418496000000179e-01,1.613692089000000052e-01
5.100000000000000000e+03,4.000000000000000000e+02,5.999999999999999778e-01,2.999999999999999889e-01,5.088911505000000002e-01,1.614618727000000087e-01
5.300000000000000000e+03,4.000000000000000000e+02,5.999999999999999778e-01,2.999999999999999889e-01,5.090279956000000050e-01,1.615489392999999996e-01
5.500000000000000000e+03,4.000000000000000000e+02,5.999999999999999778e-01,2.999999999999999889e-01,5.091537801000000085e-01,1.616309666999999894e-01
5.700000000000000000e+03,4.000000000000000000e+02,5.999999999999999778e-01,2.999999999999999889e-01,5.092697011000000273e-01,1.617084386000000040e-01
5.900000000000000000e+03,4.000000000000000000e+02,5.999999999999999778e-01,2.999999999999999889e-01,5.093767922999999920e-01,1.617817763000000131e-01
6.100000000000000000e+03,4.000000000000000000e+02,5.999999999999999778e-01,2.999999999999999889e-01,5.094759501000000190e-01,1.618513487999999889e-01
6.300000000000000000e+03,4.000000000000000000e+02,5.999999999999999778e-01,2.999999999999999889e-01,5.095679556000000110e-01,1.619174808000000132e-01
6.500000000000000000e+03,4.000000000000000000e+02,5.999999999999999778e-01,2.999999999999999889e-01,5.096534927000000437e-01,1.619804592999999904e-01
6.700000000000000000e+03,4.000000000000000000e+02,5.999999999999999778e-01,2.999999999999999889e-01,5.097331627000000198e-01,1.620405389000000029e-01
6.900000000000000000e+03,4.000000000000000000e+02,5.999999999999999778e-01,2.999999999999999889e-01,5.098074956999999463e-01,1.620979462000000093e-01
7.100000000000000000e+03,4.000000000000000000e+02,5.999999999999999778e-01,2.999999999999999889e-01,5.098769615999999560e-01,1.621528838999999889e-01
7.300000000000000000e+03,4.000000000000000000e+02,5.999999999999999778e-01,2.999999999999999889e-01,5.099419776000000404e-01,1.622055339000000040e-01
7.500000000000000000e+03,4.000000000000000000e+02,5.999999999999999778e-01,2.999999999999999889e-01,5.100029159000000201e-01,1.622560596000000022e-01
7.700000000000000000e+03,4.000000000000000000e+02,5.999999999999999778e-01,2.999999999999999889e-01,5.100601090999999920e-01,1.623046087999999998e-01
7.900000000000000000e+03,4.000000000000000000e+02,5.999999999999999778e-01,2.999999999999999889e-01,5.101138554999999908e-01,1.623513148999999878e-01
8.100000000000000000e+03,4.000000000000000000e+02,5.999999999999999778e-01,2.999999999999999889e-01,5.101644235000000194e-01,1.623962993999999993e-01
8.300000000000000000e+03,4.000000000000000000e+02,5.999999999999999778e-01,2.999999999999999889e-01,5.102120548999999894e-01,1.624396724000000125e-01
8.500000000000000000e+03,4.000000000000000000e+02,5.999999999999999778e-01,2.999999999999999889e-01,5.102569683000000023e-01,1.624815346000000049e-01
8.700000000000000000e+03,4.000000000000000000e+02,5.999999999999999778e-01,2.999999999999999889e-01,5.102993618000000176e-01,1.625219780999999919e-01
8.900000000000000000e+03,4.000000000000000000e+02,5.999999999999999778e-01,2.999999999999999889e-01,5.103394152000000350e-01,1.625610869999999930e-01
9.100000000000000000e+03,4.000000000000000000e+02,5.999999999999999778e-01,2.999999999999999889e-01,5.103772921000000462e-01,1.625989388000000091e-01
9.300000000000000000e+03,4.000000000000000000e+02,5.999999999999999778e-01,2.999999999999999889e-01,5.104131416999999615e-01,1.626356046999999916e-01
9.500000000000000000e+03,4.000000000000000000e+02,5.999999999999999778e-01,2.999999999999999889e-01,5.104471001999999480e-01,1.626711503000000114e-01
9.700000000000000000e+03,4.000000000000000000e+02,5.999999999999999778e-01,2.999999999999999889e-01,5.104792925000000148e-01,1.627056362000000034e-01
9.900000000000000000e+03,4.000000000000000000e+02,5.999999999999999778e-01,2.999999999999999889e-01,5.105098327999999519e-01,1.627391183999999935e-01
1.000000000000000000e+03,4.000000000000000000e+02,5.999999999999999778e-01,2.999999999999999889e-01,4.924136510000000078e-01,1.545339246000000111e-01
3.000000000000000000e+03,4.000000000000000000e+02,5.999999999999999778e-01,2.999999999999999889e-01,5.062113512000000481e-01,1.600208200000000081e-01
5.000000000000000000e+03,4.000000000000000000e+02,5.999999999999999778e-01,2.999999999999999889e-01,5.088181529999999952e-01,1.614162785999999905e-01
7.000000000000000000e+03,4.000000000000000000e+02,5.999999999999999778e-01,2.999999999999999889e-01,5.098428098999999714e-01,1.621257118999999969e-01
9.000000000000000000e+03,4.000000000000000000e+02,5.999999999999999778e-01,2.999999999999999889e-01,5.103586160999999954e-01,1.625801655000000123e-01
1.100000000000000000e+04,4.000000000000000000e+02,5.999999999999999778e-01,2.999999999999999889e-01,5.106525747000000282e-01,1.629074764000000008e-01
1.300000000000000000e+04,4.000000000000000000e+02,5.999999999999999778e-01,2.999999999999999889e-01,5.108323750000000052e-01,1.631604235999999930e-01
1.500000000000000000e+04,4.000000000000000000e+02,5.999999999999999778e-01,2.999999999999999889e-01,5.109469223999999477e-01,1.633652566999999889e-01
1.700000000000000000e+04,4.000000000000000000e+02,5.999999999999999778e-01,2.999999999999999889e-01,5.110213694999999889e-01,1.635367118000000120e-01
1.900000000000000000e+04,4.000000000000000000e+02,5.999999999999999778e-01,2.999999999999999889e-01,5.110698420000000519e-01,1.636838000999999987e-01
2.100000000000000000e+04,4.000000000000000000e+02,5.999999999999999778e-01,2.999999999999999889e-01,5.111008110000000437e-01,1.638123945000000137e-01
2.300000000000000000e+04,4.000000000000000000e+02,5.999999999999999778e-01,2.999999999999999889e-01,5.111196215000000098e-01,1.639265162000000109e-01
2.500000000000000000e+04,4.000000000000000000e+02,5.999999999999999778e-01,2.999999999999999889e-01,5.111297848000000421e-01,1.640290289999999929e-01
2.700000000000000000e+04,4.000000000000000000e+02,5.999999999999999778e-01,2.999999999999999889e-01,5.111336851000000125e-01,1.641220391999999861e-01
2.900000000000000000e+04,4.000000000000000000e+02,5.999999999999999778e-01,2.999999999999999889e-01,5.111329856999999866e-01,1.642071373000000001e-01
3.100000000000000000e+04,4.000000000000000000e+02,5.999999999999999778e-01,2.999999999999999889e-01,5.111288735000000250e-01,1.642855522999999984e-01
3.300000000000000000e+04,4.000000000000000000e+02,5.999999999999999778e-01,2.999999999999999889e-01,5.111222120999999730e-01,1.643582517999999937e-01
3.500000000000000000e+04,4.000000000000000000e+02,5.999999999999999778e-01,2.999999999999999889e-01,5.111136401000000440e-01,1.644260107000000137e-01
3.700000000000000000e+04,4.000000000000000000e+02,5.999999999999999778e-01,2.999999999999999889e-01,5.111036362999999971e-01,1.644894584000000104e-01
3.900000000000000000e+04,4.000000000000000000e+02,5.999999999999999778e-01,2.999999999999999889e-01,5.110925642000000435e-01,1.645491129999999969e-01
4.100000000000000000e+04,4.000000000000000000e+02,5.999999999999999778e-01,2.999999999999999889e-01,5.110807022000000144e-01,1.646054056000000043e-01
4.300000000000000000e+04,4.000000000000000000e+02,5.999999999999999778e-01,2.999999999999999889e-01,5.110682658999999850e-01,1.646586985999999864e-01
4.500000000000000000e+04,4.000000000000000000e+02,5.999999999999999778e-01,2.999999999999999889e-01,5.110554231999999697e-01,1.647092997000000059e-01
4.700000000000000000e+04,4.000000000000000000e+02,5.999999999999999778e-01,2.999999999999999889e-01,5.110423054999999604e-01,1.647574716999999911e-01
4.900000000000000000e+04,4.000000000000000000e+02,5.999999999999999778e-01,2.999999999999999889e-01,5.110290163999999802e-01,1.648034412999999920e-01
5.100000000000000000e+04,4.000000000000000000e+02,5.999999999999999778e-01,2.999999999999999889e-01,5.110156378000000332e-01,1.648474052999999995e-01
5.300000000000000000e+04,4.000000000000000000e+02,5.999999999999999778e-01,2.999999999999999889e-01,5.110022346000000493e-01,1.648895353000000008e-01
5.500000000000000000e+04,4.000000000000000000e+02,5.999999999999999778e-01,2.999999999999999889e-01,5.109888581999999513e-01,1.649299820000000028e-01
5.700000000000000000e+04,4.000000000000000000e+02,5.999999999999999778e-01,2.999999999999999889e-01,5.109755496000000230e-01,1.649688786000000074e-01
5.900000000000000000e+04,4.000000000000000000e+02,5.999999999999999778e-01,2.999999999999999889e-01,5.109623410000000421e-01,1.650063428999999915e-01
6.100000000000000000e+04,4.000000000000000000e+02,5.999999999999999778e-01,2.999999999999999889e-01,5.109492580000000173e-01,1.650424800999999997e-01
6.300000000000000000e+04,4.000000000000000000e+02,5.999999999999999778e-01,2.999999999999999889e-01,5.109363206000000490e-01,1.650773842999999907e-01
6.500000000000000000e+04,4.000000000000000000e+02,5.999999999999999778e-01,2.999999999999999889e-01,5.109235444999999931e-01,1.651111399000000091e-01
6.700000000000000000e+04,4.000000000000000000e+02,5.999999999999999778e-01,2.999999999999999889e-01,5.109109416999999542e-01,1.651438229999999951e-01
6.900000000000000000e+04,4.000000000000000000e+02,5.999999999999999778e-01,2.999999999999999889e-01,5.108985214000000274e-01,1.651755024999999877e-01
7.100000000000000000e+04,4.000000000000000000e+02,5.999999999999999778e-01,2.999999999999999889e-01,5.108862900999999734e-01,1.652062407999999871e-01
7.300000000000000000e+04,4.000000000000000000e+02,5.999999999999999778e-01,2.999999999999999889e-01,5.108742527999999838e-01,1.652360948000000107e-01
7.500000000000000000e+04,4.000000000000000000e+02,5.999999999999999778e-01,2.999999999999999889e-01,5.108624124999999738e-01,1.652651163999999950e-01
7.700000000000000000e+04,4.000000000000000000e+02,5.999999999999999778e-01,2.999999999999999889e-01,5.108507711999999978e-01,1.652933528999999957e-01
7.900000000000000000e+04,4.000000000000000000e+02,5.999999999999999778e-01,2.999999999999999889e-01,5.108393298000000193e-01,1.653208479999999925e-01
8.100000000000000000e+04,4.000000000000000000e+02,5.999999999999999778e-01,2.999999999999999889e-01,5.108280880000000135e-01,1.653476416000000115e-01
8.300000000000000000e+04,4.000000000000000000e+02,5.999999999999999778e-01,2.999999999999999889e-01,5.108170453000000499e-01,1.653737707000000057e-01
8.500000000000000000e+04,4.000000000000000000e+02,5.999999999999999778e-01,2.999999999999999889e-01,5.108062003000000129e-01,1.653992693000000125e-01
8.700000000000000000e+04,4.000000000000000000e+02,5.999999999999999778e-01,2.999999999999999889e-01,5.107955511999999754e-01,1.654241690000000098e-01
8.900000000000000000e+04,4.000000000000000000e+02,5.999999999999999778e-01,2.999999999999999889e-01,5.107850957999999775e-01,1.654484988999999906e-01
9.100000000000000000e+04,4.000000000000000000e+02,5.999999999999999778e-01,2.999999999999999889e-01,5.107748317000000426e-01,1.654722862000000128e-01
9.300000000000000000e+04,4.000000000000000000e+02,5.999999999999999778e-01,2.999999999999999889e-01,5.107647562999999558e-01,1.654955560999999964e-01
9.500000000000000000e+04,4.000000000000000000e+02,5.999999999999999778e-01,2.999999999999999889e-01,5.107548666000000237e-01,1.655183322999999873e-01
9.700000000000000000e+04,4.000000000000000000e+02,5.999999999999999778e-01,2.999999999999999889e-01,5.107451595999999983e-01,1.655406366999999934e-01
9.900000000000000000e+04,4.000000000000000000e+02,5.999999999999999778e-01,2.999999999999999889e-01,5.107356322999999643e-01,1.655624897999999900e-01
1.000000000000000000e+04,4.000000000000000000e+02,5.999999999999999778e-01,2.999999999999999889e-01,5.105245165999999779e-01,1.627554995999999921e-01
3.000000000000000000e+04,4.000000000000000000e+02,5.999999999999999778e-01,2.999999999999999889e-01,5.111312959999999572e-01,1.642471145999999937e-01
5.000000000000000000e+04,4.000000000000000000e+02,5.999999999999999778e-01,2.999999999999999889e-01,5.110223338999999587e-01,1.648256627999999946e-01
7.000000000000000000e+04,4.000000000000000000e+02,5.999999999999999778e-01,2.999999999999999889e-01,5.108923816999999534e-01,1.651909856999999870e-01
9.000000000000000000e+04,4.000000000000000000e+02,5.999999999999999778e-01,2.999999999999999889e-01,5.107799400000000434e-01,1.654604587000000071e-01
1.100000000000000000e+05,4.000000000000000000e+02,5.999999999999999778e-01,2.999999999999999889e-01,5.106863003999999595e-01,1.656754178000000022e-01
1.300000000000000000e+05,4.000000000000000000e+02,5.999999999999999778e-01,2.999999999999999889e-01,5.106085580000000457e-01,1.658551977999999927e-01
1.500000000000000000e+05,4.000000000000000000e+02,5.999999999999999778e-01,2.999999999999999889e-01,5.105437976000000155e-01,1.660103954000000104e-01
1.700000000000000000e+05,4.000000000000000000e+02,5.999999999999999778e-01,2.999999999999999889e-01,5.104896582000000294e-01,1.661474454999999906e-01
1.900000000000000000e+05,4.000000000000000000e+02,5.999999999999999778e-01,2.999999999999999889e-01,5.104443021000000247e-01,1.662705482000000068e-01
2.100000000000000000e+05,4.000000000000000000e+02,5.999999999999999778e-01,2.999999999999999889e-01,5.104063010999999594e-01,1.663825963999999991e-01
2.300000000000000000e+05,4.000000000000000000e+02,5.999999999999999778e-01,2.999999999999999889e-01,5.103745348999999543e-01,1.664856671999999926e-01
2.500000000000000000e+05,4.000000000000000000e+02,5.999999999999999778e-01,2.999999999999999889e-01,5.103481134999999780e-01,1.665813023999999920e-01
2.700000000000000000e+05,4.000000000000000000e+02,5.999999999999999778e-01,2.999999999999999889e-01,5.103263202000000165e-01,1.666706776999999917e-01
2.900000000000000000e+05,4.000000000000000000e+02,5.999999999999999778e-01,2.999999999999999889e-01,5.103085711000000524e-01,1.667547104999999863e-01
3.100000000000000000e+05,4.000000000000000000e+02,5.999999999999999778e-01,2.999999999999999889e-01,5.102943842999999591e-01,1.668341298000000084e-01
3.300000000000000000e+05,4.000000000000000000e+02,5.999999999999999778e-01,2.999999999999999889e-01,5.102833582000000368e-01,1.669095250000000030e-01
3.500000000000000000e+05,4.000000000000000000e+02,5.999999999999999778e-01,2.999999999999999889e-01,5.102751546999999555e-01,1.669813793999999907e-01
3.700000000000000000e+05,4.000000000000000000e+02,5.999999999999999778e-01,2.999999999999999889e-01,5.102694868999999578e-01,1.670500937999999935e-01
3.900000000000000000e+05,4.000000000000000000e+02,5.999999999999999778e-01,2.999999999999999889e-01,5.102661089000000150e-01,1.671160047999999954e-01
4.100000000000000000e+05,4.000000000000000000e+02,5.999999999999999778e-01,2.999999999999999889e-01,5.102648087000000166e-01,1.671793971999999961e-01
4.300000000000000000e+05,4.000000000000000000e+02,5.999999999999999778e-01,2.999999999999999889e-01,5.102654021000000428e-01,1.672405148999999980e-01
4.500000000000000000e+05,4.000000000000000000e+02,5.999999999999999778e-01,2.999999999999999889e-01,5.102677285000000174e-01,1.672995676000000043e-01
4.700000000000000000e+05,4.000000000000000000e+02,5.999999999999999778e-01,2.999999999999999889e-01,5.102716465000000090e-01,1.673567374999999913e-01
4.900000000000000000e+05,4.000000000000000000e+02,5.999999999999999778e-01,2.999999999999999889e-01,5.102770312000000086e-01,1.674121833999999975e-01
5.100000000000000000e+05,4.000000000000000000e+02,5.999999999999999778e-01,2.999999999999999889e-01,5.102837718999999606e-01,1.674660450999999883e-01
5.300000000000000000e+05,4.000000000000000000e+02,5.999999999999999778e-01,2.999999999999999889e-01,5.102917698000000168e-01,1.675184457999999987e-01
5.500000000000000000e+05,4.000000000000000000e+02,5.999999999999999778e-01,2.999999999999999889e-01,5.103009364999999686e-01,1.675694949000000045e-01
5.700000000000000000e+05,4.000000000000000000e+02,5.999999999999999778e-01,2.999999999999999889e-01,5.103111925000000104e-01,1.676192898999999958e-01
5.900000000000000000e+05,4.000000000000000000e+02,5.999999999999999778e-01,2.999999999999999889e-01,5.103224660999999829e-01,1.676679181999999879e-01
6.100000000000000000e+05,4.000000000000000000e+02,5.999999999999999778e-01,2.999999999999999889e-01,5.103346923999999563e-01,1.677154583000000088e-01
6.300000000000000000e+05,4.000000000000000000e+02,5.999999999999999778e-01,2.999999999999999889e-01,5.103478125000000531e-01,1.677619808999999962e-01
6.500000000000000000e+05,4.000000000000000000e+02,5.999999999999999778e-01,2.999999999999999889e-01,5.103617727999999465e-01,1.678075502999999968e-01
6.700000000000000000e+05,4.000000000000000000e+02,5.999999999999999778e-01,2.999999999999999889e-01,5.103765242000000146e-01,1.678522245000000079e-01
6.900000000000000000e+05,4.000000000000000000e+02,5.999999999999999778e-01,2.999999999999999889e-01,5.103920220000000008e-01,1.678960566999999904e-01
7.100000000000000000e+05,4.000000000000000000e+02,5.999999999999999778e-01,2.999999999999999889e-01,5.104082248000000321e-01,1.679390951999999992e-01
7.300000000000000000e+05,4.000000000000000000e+02,5.999999999999999778e-01,2.999999999999999889e-01,5.104250948999999871e-01,1.679813843999999889e-01
7.500000000000000000e+05,4.000000000000000000e+02,5.999999999999999778e-01,2.999999999999999889e-01,5.104425971999999589e-01,1.680229649999999963e-01
7.700000000000000000e+05,4.000000000000000000e+02,5.999999999999999778e-01,2.999999999999999889e-01,5.104606994000000508e-01,1.680638745999999961e-01
7.900000000000000000e+05,4.000000000000000000e+02,5.999999999999999778e-01,2.999999999999999889e-01,5.104793718000000258e-01,1.681041476000000034e-01
8.100000000000000000e+05,4.000000000000000000e+02,5.999999999999999778e-01,2.999999999999999889e-01,5.104985864000000095e-01,1.681438161000000098e-01
8.300000000000000000e+05,4.000000000000000000e+02,5.999999999999999778e-01,2.999999999999999889e-01,5.105183175999999934e-01,1.681829096999999940e-01
8.500000000000000000e+05,4.000000000000000000e+02,5.999999999999999778e-01,2.999999999999999889e-01,5.105385411999999734e-01,1.682214558000000026e-01
8.700000000000000000e+05,4.000000000000000000e+02,5.999999999999999778e-01,2.999999999999999889e-01,5.105592350000000001e-01,1.682594799000000085e-01
8.900000000000000000e+05,4.000000000000000000e+02,5.999999999999999778e-01,2.999999999999999889e-01,5.105803780000000014e-01,1.682970058999999907e-01
9.100000000000000000e+05,4.000000000000000000e+02,5.999999999999999778e-01,2.999999999999999889e-01,5.106019506000000208e-01,1.683340560000000097e-01
9.300000000000000000e+05,4.000000000000000000e+02,5.999999999999999778e-01,2.999999999999999889e-01,5.106239344999999874e-01,1.683706507999999935e-01
9.500000000000000000e+05,4.000000000000000000e+02,5.999999999999999778e-01,2.999999999999999889e-01,5.106463125000000325e-01,1.684068098000000013e-01
9.700000000000000000e+05,4.000000000000000000e+02,5.999999999999999778e-01,2.999999999999999889e-01,5.106690685000000451e-01,1.684425511000000042e-01
9.900000000000000000e+05,4.000000000000000000e+02,5.999999999999999778e-01,2.999999999999999889e-01,5.106921870999999724e-01,1.684778919000000097e-01
1.000000000000000000e+05,4.000000000000000000e+02,5.999999999999999778e-01,2.999999999999999889e-01,5.107309351000000053e-01,1.655732531000000118e-01
3.000000000000000000e+05,4.000000000000000000e+02,5.999999999999999778e-01,2.999999999999999889e-01,5.103010591000000096e-01,1.667949571000000020e-01
5.000000000000000000e+05,4.000000000000000000e+02,5.999999999999999778e-01,2.999999999999999889e-01,5.102802385000000385e-01,1.674393043000000081e-01
7.000000000000000000e+05,4.000000000000000000e+02,5.999999999999999778e-01,2.999999999999999889e-01,5.104000376999999755e-01,1.679176722999999871e-01
9.000000000000000000e+05,4.000000000000000000e+02,5.999999999999999778e-01,2.999999999999999889e-01,5.105911118000000526e-01,1.683155890999999960e-01
1.100000000000000000e+06,4.000000000000000000e+02,5.999999999999999778e-01,2.999999999999999889e-01,5.108252234000000280e-01,1.686657762999999866e-01
1.300000000000000000e+06,4.000000000000000000e+02,5.999999999999999778e-01,2.999999999999999889e-01,5.110880740000000033e-01,1.689842833999999905e-01
1.500000000000000000e+06,4.000000000000000000e+02,5.999999999999999778e-01,2.999999999999999889e-01,5.113714163000000479e-01,1.692801875999999928e-01
1.700000000000000000e+06,4.000000000000000000e+02,5.999999999999999778e-01,2.999999999999999889e-01,5.116700589999999549e-01,1.695591264000000098e-01
1.900000000000000000e+06,4.000000000000000000e+02,5.999999999999999778e-01,2.999999999999999889e-01,5.119805218999999852e-01,1.698248424999999895e-01
2.100000000000000000e+06,4.000000000000000000e+02,5.999999999999999778e-01,2.999999999999999889e-01,5.123003578999999474e-01,1.700799483999999862e-01
2.300000000000000000e+06,4.000000000000000000e+02,5.999999999999999778e-01,2.999999999999999889e-01,5.126277807000000353e-01,1.703263399999999927e-01
2.500000000000000000e+06,4.000000000000000000e+02,5.999999999999999778e-01,2.999999999999999889e-01,5.129614466999999900e-01,1.705654372000000030e-01
2.700000000000000000e+06,4.000000000000000000e+02,5.999999999999999778e-01,2.999999999999999889e-01,5.133003198000000156e-01,1.707983308999999894e-01
2.900000000000000000e+06,4.000000000000000000e+02,5.999999999999999778e-01,2.999999999999999889e-01,5.136435839999999864e-01,1.710258775999999870e-01
3.100000000000000000e+06,4.000000000000000000e+02,5.999999999999999778e-01,2.999999999999999889e-01,5.139905854999999857e-01,1.712487618999999905e-01
3.300000000000000000e+06,4.000000000000000000e+02,5.999999999999999778e-01,2.999999999999999889e-01,5.143407923999999687e-01,1.714675400000000016e-01
3.500000000000000000e+06,4.000000000000000000e+02,5.999999999999999778e-01,2.999999999999999889e-01,5.146937660999999498e-01,1.716826696000000041e-01
3.700000000000000000e+06,4.000000000000000000e+02,5.999999999999999778e-01,2.999999999999999889e-01,5.150491405999999550e-01,1.718945319999999888e-01
3.900000000000000000e+06,4.000000000000000000e+02,5.999999999999999778e-01,2.999999999999999889e-01,5.154066077000000190e-01,1.721034485000000058e-01
4.100000000000000000e+06,4.000000000000000000e+02,5.999999999999999778e-01,2.999999999999999889e-01,5.157659051999999855e-01,1.723096919000000060e-01
4.300000000000000000e+06,4.000000000000000000e+02,5.999999999999999778e-01,2.999999999999999889e-01,5.161268081000000008e-01,1.725134962000000050e-01
4.500000000000000000e+06,4.000000000000000000e+02,5.999999999999999778e-01,2.999999999999999889e-01,5.164891222999999920e-01,1.727150635999999961e-01
4.700000000000000000e+06,4.000000000000000000e+02,5.999999999999999778e-01,2.999999999999999889e-01,5.168526788999999733e-01,1.729145696999999926e-01
4.900000000000000000e+06,4.000000000000000000e+02,5.999999999999999778e-01,2.999999999999999889e-01,5.172173300000000307e-01,1.731121683999999883e-01
5.100000000000000000e+06,4.000000000000000000e+02,5.999999999999999778e-01,2.999999999999999889e-01,5.175829456999999634e-01,1.733079949999999925e-01
5.300000000000000000e+06,4.000000000000000000e+02,5.999999999999999778e-01,2.999999999999999889e-01,5.179494110000000262e-01,1.735021693999999892e-01
5.500000000000000000e+06,4.000000000000000000e+02,5.999999999999999778e-01,2.999999999999999889e-01,5.183166237999999870e-01,1.736947980000000114e-01
5.700000000000000000e+06,4.000000000000000000e+02,5.999999999999999778e-01,2.999999999999999889e-01,5.186844928999999604e-01,1.738859761999999864e-01
5.900000000000000000e+06,4.000000000000000000e+02,5.999999999999999778e-01,2.999999999999999889e-01,5.190529366999999672e-01,1.740757890999999891e-01
6.100000000000000000e+06,4.000000000000000000e+02,5.999999999999999778e-01,2.999999999999999889e-01,5.194218818000000404e-01,1.742643137999999869e-01
6.300000000000000000e+06,4.000000000000000000e+02,5.999999999999999778e-01,2.999999999999999889e-01,5.197912618000000151e-01,1.744516194999999881e-01
6.500000000000000000e+06,4.000000000000000000e+02,5.999999999999999778e-01,2.999999999999999889e-01,5.201610169999999478e-01,1.746377694000000036e-01
6.700000000000000000e+06,4.000000000000000000e+02,5.999999999999999778e-01,2.999999999999999889e-01,5.205310927999999837e-01,1.748228206999999923e-01
6.900000000000000000e+06,4.000000000000000000e+02,5.999999999999999778e-01,2.999999999999999889e-01,5.209014397000000240e-01,1.750068257999999877e-01
7.100000000000000000e+06,4.000000000000000000e+02,5.999999999999999778e-01,2.999999999999999889e-01,5.212720123999999844e-01,1.751898322999999869e-01
7.300000000000000000e+06,4.000000000000000000e+02,5.999999999999999778e-01,2.999999999999999889e-01,5.216427696000000003e-01,1.753718843000000027e-01
7.500000000000000000e+06,4.000000000000000000e+02,5.999999999999999778e-01,2.999999999999999889e-01,5.220136733000000362e-01,1.755530221000000113e-01
7.700000000000000000e+06,4.000000000000000000e+02,5.999999999999999778e-01,2.999999999999999889e-01,5.223846885999999801e-01,1.757332829000000096e-01
7.900000000000000000e+06,4.000000000000000000e+02,5.999999999999999778e-01,2.999999999999999889e-01,5.227557833000000542e-01,1.759127011000000129e-01
8.100000000000000000e+06,4.000000000000000000e+02,5.999999999999999778e-01,2.999999999999999889e-01,5.231269278000000300e-01,1.760913084999999878e-01
8.300000000000000000e+06,4.000000000000000000e+02,5.999999999999999778e-01,2.999999999999999889e-01,5.234980946999999718e-01,1.762691346999999964e-01
8.500000000000000000e+06,4.000000000000000000e+02,5.999999999999999778e-01,2.999999999999999889e-01,5.238692585999999984e-01,1.764462069999999938e-01
8.700000000000000000e+06,4.000000000000000000e+02,5.999999999999999778e-01,2.999999999999999889e-01,5.242403958000000364e-01,1.766225510999999970e-01
8.900000000000000000e+06,4.000000000000000000e+02,5.999999999999999778e-01,2.999999999999999889e-01,5.246114845999999554e-01,1.767981909000000129e-01
9.100000000000000000e+06,4.000000000000000000e+02,5.999999999999999778e-01,2.999999999999999889e-01,5.249825045999999551e-01,1.769731485999999909e-01
9.300000000000000000e+06,4.000000000000000000e+02,5.999999999999999778e-01,2.999999999999999889e-01,5.253534367000000094e-01,1.771474449999999867e-01
9.500000000000000000e+06,4.000000000000000000e+02,5.999999999999999778e-01,2.999999999999999889e-01,5.257242632999999943e-01,1.773210999000000010e-01
9.700000000000000000e+06,4.000000000000000000e+02,5.999999999999999778e-01,2.999999999999999889e-01,5.260949678999999879e-01,1.774941314000000048e-01
9.900000000000000000e+06,4.000000000000000000e+02,5.999999999999999778e-01,2.999999999999999889e-01,5.264655349000000317e-01,1.776665568999999945e-01
1.000000000000000000e+06,4.000000000000000000e+02,5.999999999999999778e-01,2.999999999999999889e-01,5.107038779999999445e-01,1.684954170999999890e-01
3.000000000000000000e+06,4.000000000000000000e+02,5.999999999999999778e-01,2.999999999999999889e-01,5.138166533000000369e-01,1.711378651999999889e-01
5.000000000000000000e+06,4.000000000000000000e+02,5.999999999999999778e-01,2.999999999999999889e-01,5.174000248000000246e-01,1.732102953999999917e-01
7.000000000000000000e+06,4.000000000000000000e+02,5.999999999999999778e-01,2.999999999999999889e-01,5.210867005000000551e-01,1.750984509999999883e-01
9.000000000000000000e+06,4.000000000000000000e+02,5.999999999999999778e-01,2.999999999999999889e-01,5.247970043999999890e-01,1.768857537000000091e-01
1.100000000000000000e+07,4.000000000000000000e+02,5.999999999999999778e-01,2.999999999999999889e-01,5.285005919999999913e-01,1.786047466000000028e-01
1.300000000000000000e+07,4.000000000000000000e+02,5.999999999999999778e-01,2.999999999999999889e-01,5.321829712000000212e-01,1.802716988999999992e-01
1.500000000000000000e+07,4.000000000000000000e+02,5.999999999999999778e-01,2.999999999999999889e-01,5.358363327999999814e-01,1.818960198000000028e-01
1.700000000000000000e+07,4.000000000000000000e+02,5.999999999999999778e-01,2.999999999999999889e-01,5.394561726000000057e-01,1.834837142000000088e-01
1.900000000000000000e+07,4.000000000000000000e+02,5.999999999999999778e-01,2.999999999999999889e-01,5.430398038999999510e-01,1.850389011999999944e-01
2.100000000000000000e+07,4.000000000000000000e+02,5.999999999999999778e-01,2.999999999999999889e-01,5.465856184999999812e-01,1.865645684999999998e-01
2.300000000000000000e+07,4.000000000000000000e+02,5.999999999999999778e-01,2.999999999999999889e-01,5.500926847999999536e-01,1.880629818000000009e-01
2.500000000000000000e+07,4.000000000000000000e+02,5.999999999999999778e-01,2.999999999999999889e-01,5.535605143999999811e-01,1.895359229999999950e-01
2.700000000000000000e+07,4.000000000000000000e+02,5.999999999999999778e-01,2.999999999999999889e-01,5.569889189000000185e-01,1.909848372999999877e-01
2.900000000000000000e+07,4.000000000000000000e+02,5.999999999999999778e-01,2.999999999999999889e-01,5.603779182000000469e-01,1.924109267999999928e-01
3.100000000000000000e+07,4.000000000000000000e+02,5.999999999999999778e-01,2.999999999999999889e-01,5.637276794000000146e-01,1.938152134999999998e-01
3.300000000000000000e+07,4.000000000000000000e+02,5.999999999999999778e-01,2.999999999999999889e-01,5.670384755999999804e-01,1.951985821999999982e-01
3.500000000000000000e+07,4.000000000000000000e+02,5.999999999999999778e-01,2.999999999999999889e-01,5.703106560999999797e-01,1.965618114000000083e-01
3.700000000000000000e+07,4.000000000000000000e+02,5.999999999999999778e-01,2.999999999999999889e-01,5.735446261000000101e-01,1.979055952000000063e-01
3.900000000000000000e+07,4.000000000000000000e+02,5.999999999999999778e-01,2.999999999999999889e-01,5.767408307000000400e-01,1.992305597000000039e-01
4.100000000000000000e+07,4.000000000000000000e+02,5.999999999999999778e-01,2.999999999999999889e-01,5.798997443000000196e-01,2.005372753000000119e-01
4.300000000000000000e+07,4.000000000000000000e+02,5.999999999999999778e-01,2.999999999999999889e-01,5.830218616000000242e-01,2.018262658999999959e-01
4.500000000000000000e+07,4.000000000000000000e+02,5.999999999999999778e-01,2.999999999999999889e-01,5.861076911999999473e-01,2.030980168000000030e-01
4.700000000000000000e+07,4.000000000000000000e+02,5.999999999999999778e-01,2.999999999999999889e-01,5.891577508999999990e-01,2.043529796999999926e-01
4.900000000000000000e+07,4.000000000000000000e+02,5.999999999999999778e-01,2.999999999999999889e-01,5.921725635000000265e-01,2.055915778999999888e-01
5.100000000000000000e+07,4.000000000000000000e+02,5.999999999999999778e-01,2.999999999999999889e-01,5.951526540999999559e-01,2.068142097000000013e-01
5.300000000000000000e+07,4.000000000000000000e+02,5.999999999999999778e-01,2.999999999999999889e-01,5.980985477000000383e-01,2.080212518000000010e-01
5.500000000000000000e+07,4.000000000000000000e+02,5.999999999999999778e-01,2.999999999999999889e-01,6.010107672000000179e-01,2.092130610999999862e-01
5.700000000000000000e+07,4.000000000000000000e+02,5.999999999999999778e-01,2.999999999999999889e-01,6.038898321000000236e-01,2.103899777000000082e-01
5.900000000000000000e+07,4.000000000000000000e+02,5.999999999999999778e-01,2.999999999999999889e-01,6.067362576000000507e-01,2.115523256999999879e-01
6.100000000000000000e+07,4.000000000000000000e+02,5.999999999999999778e-01,2.999999999999999889e-01,6.095505531999999560e-01,2.127004154000000091e-01
6.300000000000000000e+07,4.000000000000000000e+02,5.999999999999999778e-01,2.999999999999999889e-01,6.123332223999999879e-01,2.138345443999999929e-01
6.500000000000000000e+07,4.000000000000000000e+02,5.999999999999999778e-01,2.999999999999999889e-01,6.150847619999999516e-01,2.149549981999999970e-01
6.700000000000000000e+07,4.000000000000000000e+02,5.999999999999999778e-01,2.999999999999999889e-01,6.178056617999999611e-01,2.160620518999999962e-01
6.900000000000000000e+07,4.000000000000000000e+02,5.999999999999999778e-01,2.999999999999999889e-01,6.204964042999999707e-01,2.171559704000000091e-01
7.100000000000000000e+07,4.000000000000000000e+02,5.999999999999999778e-01,2.999999999999999889e-01,6.231574641999999553e-01,2.182370093000000066e-01
7.300000000000000000e+07,4.000000000000000000e+02,5.999999999999999778e-01,2.999999999999999889e-01,6.257893088000000548e-01,2.193054158999999947e-01
7.500000000000000000e+07,4.000000000000000000e+02,5.999999999999999778e-01,2.999999999999999889e-01,6.283923971000000552e-01,2.203614291000000058e-01
7.700000000000000000e+07,4.000000000000000000e+02,5.999999999999999778e-01,2.999999999999999889e-01,6.309671807000000188e-01,2.214052803000000069e-01
7.900000000000000000e+07,4.000000000000000000e+02,5.999999999999999778e-01,2.999999999999999889e-01,6.335141028999999868e-01,2.224371938999999965e-01
8.100000000000000000e+07,4.000000000000000000e+02,5.999999999999999778e-01,2.999999999999999889e-01,6.360335994000000381e-01,2.234573874000000127e-01
8.300000000000000000e+07,4.000000000000000000e+02,5.999999999999999778e-01,2.999999999999999889e-01,6.385260977000000171e-01,2.244660720999999970e-01
8.500000000000000000e+07,4.000000000000000000e+02,5.999999999999999778e-01,2.999999999999999889e-01,6.409920179000000440e-01,2.254634530999999886e-01
8.700000000000000000e+07,4.000000000000000000e+02,5.999999999999999778e-01,2.999999999999999889e-01,6.434317721000000212e-01,2.264497300999999962e-01
8.900000000000000000e+07,4.000000000000000000e+02,5.999999999999999778e-01,2.999999999999999889e-01,6.458457646999999913e-01,2.274250968000000039e-01
9.100000000000000000e+07,4.000000000000000000e+02,5.999999999999999778e-01,2.999999999999999889e-01,6.482343927000000505e-01,2.283897421999999955e-01
9.300000000000000000e+07,4.000000000000000000e+02,5.999999999999999778e-01,2.999999999999999889e-01,6.505980457000000161e-01,2.293438500999999963e-01
9.500000000000000000e+07,4.000000000000000000e+02,5.999999999999999778e-01,2.999999999999999889e-01,6.529371056999999645e-01,2.302875996000000036e-01
9.700000000000000000e+07,4.000000000000000000e+02,5.999999999999999778e-01,2.999999999999999889e-01,6.552519478999999647e-01,2.312211650999999868e-01
9.900000000000000000e+07,4.000000000000000000e+02,5.999999999999999778e-01,2.999999999999999889e-01,6.575429400000000202e-01,2.321447168999999922e-01
1.000000000000000000e+07,4.000000000000000000e+02,5.999999999999999778e-01,2.999999999999999889e-01,5.266507622999999638e-01,1.777525474999999966e-01
3.000000000000000000e+07,4.000000000000000000e+02,5.999999999999999778e-01,2.999999999999999889e-01,5.620576886000000494e-01,1.931157373999999871e-01
5.000000000000000000e+07,4.000000000000000000e+02,5.999999999999999778e-01,2.999999999999999889e-01,5.936669162000000055e-01,2.062048656000000091e-01
7.000000000000000000e+07,4.000000000000000000e+02,5.999999999999999778e-01,2.999999999999999889e-01,6.218306152000000475e-01,2.176980840999999944e-01
9.000000000000000000e+07,4.000000000000000000e+02,5.999999999999999778e-01,2.999999999999999889e-01,6.470432246999999748e-01,2.279087481000000026e-01
1.000000000000000000e+08,4.000000000000000000e+02,5.999999999999999778e-01,2.999999999999999889e-01,6.586796053000000262e-01,2.326027897000000066e-01
