# pressure,temperature,f1,f2,molkg1,molkg2
1.000000000000000000e+00,4.000000000000000000e+02,1.000000000000000056e-01,8.000000000000000444e-01,2.340764074000000090e-03,9.010727633999999694e-03
3.000000000000000000e+00,4.000000000000000000e+02,1.000000000000000056e-01,8.000000000000000444e-01,6.794449347000000063e-03,2.615830465999999938e-02
5.000000000000000000e+00,4.000000000000000000e+02,1.000000000000000056e-01,8.000000000000000444e-01,1.096816752000000054e-02,4.223197296000000267e-02
7.000000000000000000e+00,4.000000000000000000e+02,1.000000000000000056e-01,8.000000000000000444e-01,1.488746487999999951e-02,5.732960180999999850e-02
9.000000000000000000e+00,4.000000000000000000e+02,1.000000000000000056e-01,8.000000000000000444e-01,1.857487278999999866e-02,7.153751747000000605e-02
1.100000000000000000e+01,4.000000000000000000e+02,1.000000000000000056e-01,8.000000000000000444e-01,2.205033966999999859e-02,8.493215624000000075e-02
1.300000000000000000e+01,4.000000000000000000e+02,1.000000000000000056e-01,8.000000000000000444e-01,2.533159075000000066e-02,9.758144143999999964e-02
1.500000000000000000e+01,4.000000000000000000e+02,1.000000000000000056e-01,8.000000000000000444e-01,2.843442926999999870e-02,1.095459364999999963e-01
1.700000000000000000e+01,4.000000000000000000e+02,1.000000000000000056e-01,8.000000000000000444e-01,3.137299013000000025e-02,1.208798155999999957e-01
1.900000000000000000e+01,4.000000000000000000e+02,1.000000000000000056e-01,8.000000000000000444e-01,3.415995429000000250e-02,1.316316845999999929e-01
2.100000000000000000e+01,4.000000000000000000e+02,1.000000000000000056e-01,8.000000000000000444e-01,3.680673101000000308e-02,1.418452785000000049e-01
2.300000000000000000e+01,4.000000000000000000e+02,1.000000000000000056e-01,8.000000000000000444e-01,3.932361332999999987e-02,1.515600568999999898e-01
2.500000000000000000e+01,4.000000000000000000e+02,1.000000000000000056e-01,8.000000000000000444e-01,4.171991128000000076e-02,1.608117138999999862e-01
2.700000000000000000e+01,4.000000000000000000e+02,1.000000000000000056e-01,8.000000000000000444e-01,4.400406646999999866e-02,1.696326166999999885e-01
2.900000000000000000e+01,4.000000000000000000e+02,1.000000000000000056e-01,8.000000000000000444e-01,4.618375101000000288e-02,1.780521847000000046e-01
3.100000000000000000e+01,4.000000000000000000e+02,1.000000000000000056e-01,8.000000000000000444e-01,4.826595321999999771e-02,1.860972173000000063e-01
3.300000000000000000e+01,4.000000000000000000e+02,1.000000000000000056e-01,8.000000000000000444e-01,5.025705213000000032e-02,1.937921794999999947e-01
3.500000000000000000e+01,4.000000000000000000e+02,1.000000000000000056e-01,8.000000000000000444e-01,5.216288245999999712e-02,2.011594506000000115e-01
3.700000000000000000e+01,4.000000000000000000e+02,1.000000000000000056e-01,8.000000000000000444e-01,5.398879139999999965e-02,2.082195414999999938e-01
3.900000000000000000e+01,4.000000000000000000e+02,1.000000000000000056e-01,8.000000000000000444e-01,5.573968856000000027e-02,2.149912864999999895e-01
4.100000000000000000e+01,4.000000000000000000e+02,1.000000000000000056e-01,8.000000000000000444e-01,5.742008972999999850e-02,2.214920102999999862e-01
4.300000000000000000e+01,4.000000000000000000e+02,1.000000000000000056e-01,8.000000000000000444e-01,5.903415564000000226e-02,2.277376768999999912e-01
4.500000000000000000e+01,4.000000000000000000e+02,1.000000000000000056e-01,8.000000000000000444e-01,6.058572615999999883e-02,2.337430204000000011e-01
4.700000000000000000e+01,4.000000000000000000e+02,1.000000000000000056e-01,8.000000000000000444e-01,6.207835063000000098e-02,2.395216612000000134e-01
4.900000000000000000e+01,4.000000000000000000e+02,1.000000000000000056e-01,8.000000000000000444e-01,6.351531480000000007e-02,2.450862092999999964e-01
5.100000000000000000e+01,4.000000000000000000e+02,1.000000000000000056e-01,8.000000000000000444e-01,6.489966490000000088e-02,2.504483564000000162e-01
5.300000000000000000e+01,4.000000000000000000e+02,1.000000000000000056e-01,8.000000000000000444e-01,6.623422900000000557e-02,2.556189580000000072e-01
5.500000000000000000e+01,4.000000000000000000e+02,1.000000000000000056e-01,8.000000000000000444e-01,6.752163624000000197e-02,2.606081063999999836e-01
5.700000000000000000e+01,4.000000000000000000e+02,1.000000000000000056e-01,8.000000000000000444e-01,6.876433398999999558e-02,2.654251973000000264e-01
5.900000000000000000e+01,4.000000000000000000e+02,1.000000000000000056e-01,8.000000000000000444e-01,6.996460330999999810e-02,2.700789886000000140e-01
6.100000000000000000e+01,4.000000000000000000e+02,1.000000000000000056e-01,8.000000000000000444e-01,7.112457279000000687e-02,2.745776535000000185e-01
6.300000000000000000e+01,4.000000000000000000e+02,1.000000000000000056e-01,8.000000000000000444e-01,7.224623113000000485e-02,2.789288285000000034e-01
6.500000000000000000e+01,4.000000000000000000e+02,1.000000000000000056e-01,8.000000000000000444e-01,7.333143840000000413e-02,2.831396568999999808e-01
6.700000000000000000e+01,4.000000000000000000e+02,1.000000000000000056e-01,8.000000000000000444e-01,7.438193630000000667e-02,2.872168280999999879e-01
6.900000000000000000e+01,4.000000000000000000e+02,1.000000000000000056e-01,8.000000000000000444e-01,7.539935739000000470e-02,2.911666126999999937e-01
7.100000000000000000e+01,4.000000000000000000e+02,1.000000000000000056e-01,8.000000000000000444e-01,7.638523356000000153e-02,2.949948950999999875e-01
7.300000000000000000e+01,4.000000000000000000e+02,1.000000000000000056e-01,8.000000000000000444e-01,7.734100359999999952e-02,2.987072025999999991e-01
7.500000000000000000e+01,4.000000000000000000e+02,1.000000000000000056e-01,8.000000000000000444e-01,7.826802022999999886e-02,3.023087322999999937e-01
7.700000000000000000e+01,4.000000000000000000e+02,1.000000000000000056e-01,8.000000000000000444e-01,7.916755637000000290e-02,3.058043751000000254e-01
7.900000000000000000e+01,4.000000000000000000e+02,1.000000000000000056e-01,8.000000000000000444e-01,8.004081101000000420e-02,3.091987381999999895e-01
8.100000000000000000e+01,4.000000000000000000e+02,1.000000000000000056e-01,8.000000000000000444e-01,8.088891444000000097e-02,3.124961651000000007e-01
8.300000000000000000e+01,4.000000000000000000e+02,1.000000000000000056e-01,8.000000000000000444e-01,8.171293312999999836e-02,3.157007546999999748e-01
8.500000000000000000e+01,4.000000000000000000e+02,1.000000000000000056e-01,8.000000000000000444e-01,8.251387417000000113e-02,3.188163775999999783e-01
8.700000000000000000e+01,4.000000000000000000e+02,1.000000000000000056e-01,8.000000000000000444e-01,8.329268930000000015e-02,3.218466923000000146e-01
8.900000000000000000e+01,4.000000000000000000e+02,1.000000000000000056e-01,8.000000000000000444e-01,8.405027872999999705e-02,3.247951593999999775e-01
9.100000000000000000e+01,4.000000000000000000e+02,1.000000000000000056e-01,8.000000000000000444e-01,8.478749453999999408e-02,3.276650544999999970e-01
9.300000000000000000e+01,4.000000000000000000e+02,1.000000000000000056e-01,8.000000000000000444e-01,8.550514384000000578e-02,3.304594809999999994e-01
9.500000000000000000e+01,4.000000000000000000e+02,1.000000000000000056e-01,8.000000000000000444e-01,8.620399171999999777e-02,3.331813807999999821e-01
9.700000000000000000e+01,4.000000000000000000e+02,1.000000000000000056e-01,8.000000000000000444e-01,8.688476393999999825e-02,3.358335446999999863e-01
9.900000000000000000e+01,4.000000000000000000e+02,1.000000000000000056e-01,8.000000000000000444e-01,8.754814944000000043e-02,3.384186223000000271e-01
1.000000000000000000e+01,4.000000000000000000e+02,1.000000000000000056e-01,8.000000000000000444e-01,2.033794271000000098e-02,7.833206622999999702e-02
3.000000000000000000e+01,4.000000000000000000e+02,1.000000000000000056e-01,8.000000000000000444e-01,4.723662524000000335e-02,1.821199373000000066e-01
5.000000000000000000e+01,4.000000000000000000e+02,1.000000000000000056e-01,8.000000000000000444e-01,6.421388497999999667e-02,2.477918858000000002e-01
7.000000000000000000e+01,4.000000000000000000e+02,1.000000000000000056e-01,8.000000000000000444e-01,7.589614657000000320e-02,2.930955881999999790e-01
9.000000000000000000e+01,4.000000000000000000e+02,1.000000000000000056e-01,8.000000000000000444e-01,8.442138187999999321e-02,3.262397305999999997e-01
1.100000000000000000e+02,4.000000000000000000e+02,1.000000000000000056e-01,8.000000000000000444e-01,9.091366445000000074e-02,3.515438594999999999e-01
1.300000000000000000e+02,4.000000000000000000e+02,1.000000000000000056e-01,8.000000000000000444e-01,9.602037978999999890e-02,3.714978400000000236e-01
1.500000000000000000e+02,4.000000000000000000e+02,1.000000000000000056e-01,8.000000000000000444e-01,1.001406288000000061e-01,3.876379279000000122e-01
1.700000000000000000e+02,4.000000000000000000e+02,1.000000000000000056e-01,8.000000000000000444e-01,1.035338051000000009e-01,4.009634488000000108e-01
1.900000000000000000e+02,4.000000000000000000e+02,1.000000000000000056e-01,8.000000000000000444e-01,1.063757850000000005e-01,4.121525462000000251e-01
2.100000000000000000e+02,4.000000000000000000e+02,1.000000000000000056e-01,8.000000000000000444e-01,1.087900222999999972e-01,4.216816333999999777e-01
2.300000000000000000e+02,4.000000000000000000e+02,1.000000000000000056e-01,8.000000000000000444e-01,1.108657155999999977e-01,4.298952222999999906e-01
2.500000000000000000e+02,4.000000000000000000e+02,1.000000000000000056e-01,8.000000000000000444e-01,1.126689128000000067e-01,4.370486235000000108e-01
2.700000000000000000e+02,4.000000000000000000e+02,1.000000000000000056e-01,8.000000000000000444e-01,1.142495592000000032e-01,4.433350651999999892e-01
2.900000000000000000e+02,4.000000000000000000e+02,1.000000000000000056e-01,8.000000000000000444e-01,1.156461198000000024e-01,4.489034859000000099e-01
3.100000000000000000e+02,4.000000000000000000e+02,1.000000000000000056e-01,8.000000000000000444e-01,1.168886962999999973e-01,4.538705384000000231e-01
3.300000000000000000e+02,4.000000000000000000e+02,1.000000000000000056e-01,8.000000000000000444e-01,1.180011807999999940e-01,4.583288898999999805e-01
3.500000000000000000e+02,4.000000000000000000e+02,1.000000000000000056e-01,8.000000000000000444e-01,1.190027775000000038e-01,4.623530872000000125e-01
3.700000000000000000e+02,4.000000000000000000e+02,1.000000000000000056e-01,8.000000000000000444e-01,1.199090971999999949e-01,4.660037800999999869e-01
3.900000000000000000e+02,4.000000000000000000e+02,1.000000000000000056e-01,8.000000000000000444e-01,1.207329599000000059e-01,4.693308165999999781e-01
4.100000000000000000e+02,4.000000000000000000e+02,1.000000000000000056e-01,8.000000000000000444e-01,1.214849907000000034e-01,4.723755456000000019e-01
4.300000000000000000e+02,4.000000000000000000e+02,1.000000000000000056e-01,8.000000000000000444e-01,1.221740699000000013e-01,4.751725549999999965e-01
4.500000000000000000e+02,4.000000000000000000e+02,1.000000000000000056e-01,8.000000000000000444e-01,1.228076765999999986e-01,4.777509994999999954e-01
4.700000000000000000e+02,4.000000000000000000e+02,1.000000000000000056e-01,8.000000000000000444e-01,1.233921543000000010e-01,4.801356274999999951e-01
4.900000000000000000e+02,4.000000000000000000e+02,1.000000000000000056e-01,8.000000000000000444e-01,1.239329180000000030e-01,4.823475837000000266e-01
5.100000000000000000e+02,4.000000000000000000e+02,1.000000000000000056e-01,8.000000000000000444e-01,1.244346182999999939e-01,4.844050418999999996e-01
5.300000000000000000e+02,4.000000000000000000e+02,1.000000000000000056e-01,8.000000000000000444e-01,1.249012708999999999e-01,4.863237095999999871e-01
5.500000000000000000e+02,4.000000000000000000e+02,1.000000000000000056e-01,8.000000000000000444e-01,1.253363618999999984e-01,4.881172326000000061e-01
5.700000000000000000e+02,4.000000000000000000e+02,1.000000000000000056e-01,8.000000000000000444e-01,1.257429317000000046e-01,4.897975226999999876e-01
5.900000000000000000e+02,4.000000000000000000e+02,1.000000000000000056e-01,8.000000000000000444e-01,1.261236437999999904e-01,4.913750248000000043e-01
6.100000000000000000e+02,4.000000000000000000e+02,1.000000000000000056e-01,8.000000000000000444e-01,1.264808417999999934e-01,4.928589358000000087e-01
6.300000000000000000e+02,4.000000000000000000e+02,1.000000000000000056e-01,8.000000000000000444e-01,1.268165957000000066e-01,4.942573862999999901e-01
6.500000000000000000e+02,4.000000000000000000e+02,1.000000000000000056e-01,8.000000000000000444e-01,1.271327405999999882e-01,4.955775901000000205e-01
6.700000000000000000e+02,4.000000000000000000e+02,1.000000000000000056e-01,8.000000000000000444e-01,1.274309090000000089e-01,4.968259704999999915e-01
6.900000000000000000e+02,4.000000000000000000e+02,1.000000000000000056e-01,8.000000000000000444e-01,1.277125581999999926e-01,4.980082653999999831e-01
7.100000000000000000e+02,4.000000000000000000e+02,1.000000000000000056e-01,8.000000000000000444e-01,1.279789926999999883e-01,4.991296167000000006e-01
7.300000000000000000e+02,4.000000000000000000e+02,1.000000000000000056e-01,8.000000000000000444e-01,1.282313843000000009e-01,5.001946454000000264e-01
7.500000000000000000e+02,4.000000000000000000e+02,1.000000000000000056e-01,8.000000000000000444e-01,1.284707878000000136e-01,5.012075164000000527e-01
7.700000000000000000e+02,4.000000000000000000e+02,1.000000000000000056e-01,8.000000000000000444e-01,1.286981557999999914e-01,5.021719930000000387e-01
7.900000000000000000e+02,4.000000000000000000e+02,1.000000000000000056e-01,8.000000000000000444e-01,1.289143503999999885e-01,5.030914845999999718e-01
8.100000000000000000e+02,4.000000000000000000e+02,1.000000000000000056e-01,8.000000000000000444e-01,1.291201539000000065e-01,5.039690869999999823e-01
8.300000000000000000e+02,4.000000000000000000e+02,1.000000000000000056e-01,8.000000000000000444e-01,1.293162777000000097e-01,5.048076180999999663e-01
8.500000000000000000e+02,4.000000000000000000e+02,1.000000000000000056e-01,8.000000000000000444e-01,1.295033700000000065e-01,5.056096479999999671e-01
8.700000000000000000e+02,4.000000000000000000e+02,1.000000000000000056e-01,8.000000000000000444e-01,1.296820228999999991e-01,5.063775257000000529e-01
8.900000000000000000e+02,4.000000000000000000e+02,1.000000000000000056e-01,8.000000000000000444e-01,1.298527781000000103e-01,5.071134029999999626e-01
9.100000000000000000e+02,4.000000000000000000e+02,1.000000000000000056e-01,8.000000000000000444e-01,1.300161324999999923e-01,5.078192537000000284e-01
9.300000000000000000e+02,4.000000000000000000e+02,1.000000000000000056e-01,8.000000000000000444e-01,1.301725421999999910e-01,5.084968928999999971e-01
9.500000000000000000e+02,4.000000000000000000e+02,1.000000000000000056e-01,8.000000000000000444e-01,1.303224269999999907e-01,5.091479915000000078e-01
9.700000000000000000e+02,4.000000000000000000e+02,1.000000000000000056e-01,8.000000000000000444e-01,1.304661736000000127e-01,5.097740910000000403e-01
9.900000000000000000e+02,4.000000000000000000e+02,1.000000000000000056e-01,8.000000000000000444e-01,1.306041393000000050e-01,5.103766155000000193e-01
1.000000000000000000e+02,4.000000000000000000e+02,1.000000000000000056e-01,8.000000000000000444e-01,8.787352795000000216e-02,3.396867950999999941e-01
3.000000000000000000e+02,4.000000000000000000e+02,1.000000000000000056e-01,8.000000000000000444e-01,1.162850376000000019e-01,4.514559075999999838e-01
5.000000000000000000e+02,4.000000000000000000e+02,1.000000000000000056e-01,8.000000000000000444e-01,1.241883864999999976e-01,4.833945907000000153e-01
7.000000000000000000e+02,4.000000000000000000e+02,1.000000000000000056e-01,8.000000000000000444e-01,1.278476011000000134e-01,4.985762588000000051e-01
9.000000000000000000e+02,4.000000000000000000e+02,1.000000000000000056e-01,8.000000000000000444e-01,1.299353510000000045e-01,5.074699647000000535e-01
1.100000000000000000e+03,4.000000000000000000e+02,1.000000000000000056e-01,8.000000000000000444e-01,1.312732135999999938e-01,5.133234207000000326e-01
1.300000000000000000e+03,4.000000000000000000e+02,1.000000000000000056e-01,8.000000000000000444e-01,1.321966839000000005e-01,5.174746642999999979e-01
1.500000000000000000e+03,4.000000000000000000e+02,1.000000000000000056e-01,8.000000000000000444e-01,1.328679382000000075e-01,5.205761905000000356e-01
1.700000000000000000e+03,4.000000000000000000e+02,1.000000000000000056e-01,8.000000000000000444e-01,1.333747714999999889e-01,5.229843276000000207e-01
1.900000000000000000e+03,4.000000000000000000e+02,1.000000000000000056e-01,8.000000000000000444e-01,1.337687606999999890e-01,5.249102410999999524e-01
2.100000000000000000e+03,4.000000000000000000e+02,1.000000000000000056e-01,8.000000000000000444e-01,1.340821432000000035e-01,5.264870730999999804e-01
2.300000000000000000e+03,4.000000000000000000e+02,1.000000000000000056e-01,8.000000000000000444e-01,1.343360734999999861e-01,5.278029607999999984e-01
2.500000000000000000e+03,4.000000000000000000e+02,1.000000000000000056e-01,8.000000000000000444e-01,1.345449898999999949e-01,5.289185891000000028e-01
2.700000000000000000e+03,4.000000000000000000e+02,1.000000000000000056e-01,8.000000000000000444e-01,1.347190712999999929e-01,5.298771190000000075e-01
2.900000000000000000e+03,4.000000000000000000e+02,1.000000000000000056e-01,8.000000000000000444e-01,1.348656917000000122e-01,5.307100945999999597e-01
3.100000000000000000e+03,4.000000000000000000e+02,1.000000000000000056e-01,8.000000000000000444e-01,1.349903181000000063e-01,5.314411114999999519e-01
3.300000000000000000e+03,4.000000000000000000e+02,1.000000000000000056e-01,8.000000000000000444e-01,1.350970851999999944e-01,5.320881750999999493e-01
3.500000000000000000e+03,4.000000000000000000e+02,1.000000000000000056e-01,8.000000000000000444e-01,1.351891752000000113e-01,5.326652670999999506e-01
3.700000000000000000e+03,4.000000000000000000e+02,1.000000000000000056e-01,8.000000000000000444e-01,1.352690746000000110e-01,5.331834117000000539e-01
3.900000000000000000e+03,4.000000000000000000e+02,1.000000000000000056e-01,8.000000000000000444e-01,1.353387530000000061e-01,5.336514199999999875e-01
4.100000000000000000e+03,4.000000000000000000e+02,1.000000000000000056e-01,8.000000000000000444e-01,1.353997892000000092e-01,5.340764202000000127e-01
4.300000000000000000e+03,4.000000000000000000e+02,1.000000000000000056e-01,8.000000000000000444e-01,1.354534628000000074e-01,5.344642417999999617e-01
4.500000000000000000e+03,4.000000000000000000e+02,1.000000000000000056e-01,8.000000000000000444e-01,1.355008206999999965e-01,5.348196992999999511e-01
4.700000000000000000e+03,4.000000000000000000e+02,1.000000000000000056e-01,8.000000000000000444e-01,1.355427274999999876e-01,5.351468043999999535e-01
4.900000000000000000e+03,4.000000000000000000e+02,1.000000000000000056e-01,8.000000000000000444e-01,1.355799025999999963e-01,5.354489274000000520e-01
5.100000000000000000e+03,4.000000000000000000e+02,1.000000000000000056e-01,8.000000000000000444e-01,1.356129493000000075e-01,5.357289203999999749e-01
5.300000000000000000e+03,4.000000000000000000e+02,1.000000000000000056e-01,8.000000000000000444e-01,1.356423767000000113e-01,5.359892137999999751e-01
5.500000000000000000e+03,4.000000000000000000e+02,1.000000000000000056e-01,8.000000000000000444e-01,1.356686175000000050e-01,5.362318916999999630e-01
5.700000000000000000e+03,4.000000000000000000e+02,1.000000000000000056e-01,8.000000000000000444e-01,1.356920412000000020e-01,5.364587516000000056e-01
5.900000000000000000e+03,4.000000000000000000e+02,1.000000000000000056e-01,8.000000000000000444e-01,1.357129652000000075e-01,5.366713521999999514e-01
6.100000000000000000e+03,4.000000000000000000e+02,1.000000000000000056e-01,8.000000000000000444e-01,1.357316634000000077e-01,5.368710518999999515e-01
6.300000000000000000e+03,4.000000000000000000e+02,1.000000000000000056e-01,8.000000000000000444e-01,1.357483734999999914e-01,5.370590402999999569e-01
6.500000000000000000e+03,4.000000000000000000e+02,1.000000000000000056e-01,8.000000000000000444e-01,1.357633022999999994e-01,5.372363634000000276e-01
6.700000000000000000e+03,4.000000000000000000e+02,1.000000000000000056e-01,8.000000000000000444e-01,1.357766309000000005e-01,5.374039451000000023e-01
6.900000000000000000e+03,4.000000000000000000e+02,1.000000000000000056e-01,8.000000000000000444e-01,1.357885179999999969e-01,5.375626042000000160e-01
7.100000000000000000e+03,4.000000000000000000e+02,1.000000000000000056e-01,8.000000000000000444e-01,1.357991034999999902e-01,5.377130693999999655e-01
7.300000000000000000e+03,4.000000000000000000e+02,1.000000000000000056e-01,8.000000000000000444e-01,1.358085112000000094e-01,5.378559910000000333e-01
7.500000000000000000e+03,4.000000000000000000e+02,1.000000000000000056e-01,8.000000000000000444e-01,1.358168506000000109e-01,5.379919515000000096e-01
7.700000000000000000e+03,4.000000000000000000e+02,1.000000000000000056e-01,8.000000000000000444e-01,1.358242192000000126e-01,5.381214743000000134e-01
7.900000000000000000e+03,4.000000000000000000e+02,1.000000000000000056e-01,8.000000000000000444e-01,1.358307041000000048e-01,5.382450306999999601e-01
8.100000000000000000e+03,4.000000000000000000e+02,1.000000000000000056e-01,8.000000000000000444e-01,1.358363828999999967e-01,5.383630468000000224e-01
8.300000000000000000e+03,4.000000000000000000e+02,1.000000000000000056e-01,8.000000000000000444e-01,1.358413253000000098e-01,5.384759083000000279e-01
8.500000000000000000e+03,4.000000000000000000e+02,1.000000000000000056e-01,8.000000000000000444e-01,1.358455939999999862e-01,5.385839652999999672e-01
8.700000000000000000e+03,4.000000000000000000e+02,1.000000000000000056e-01,8.000000000000000444e-01,1.358492454000000127e-01,5.386875368000000330e-01
8.900000000000000000e+03,4.000000000000000000e+02,1.000000000000000056e-01,8.000000000000000444e-01,1.358523303999999987e-01,5.387869134999999643e-01
9.100000000000000000e+03,4.000000000000000000e+02,1.000000000000000056e-01,8.000000000000000444e-01,1.358548948999999950e-01,5.388823610999999847e-01
9.300000000000000000e+03,4.000000000000000000e+02,1.000000000000000056e-01,8.000000000000000444e-01,1.358569807999999990e-01,5.389741233000000520e-01
9.500000000000000000e+03,4.000000000000000000e+02,1.000000000000000056e-01,8.000000000000000444e-01,1.358586260000000101e-01,5.390624232999999821e-01
9.700000000000000000e+03,4.000000000000000000e+02,1.000000000000000056e-01,8.000000000000000444e-01,1.358598648000000075e-01,5.391474666000000138e-01
9.900000000000000000e+03,4.000000000000000000e+02,1.000000000000000056e-01,8.000000000000000444e-01,1.358607286999999886e-01,5.392294425000000446e-01
1.000000000000000000e+03,4.000000000000000000e+02,1.000000000000000056e-01,8.000000000000000444e-01,1.306710584000000119e-01,5.106694528999999871e-01
3.000000000000000000e+03,4.000000000000000000e+02,1.000000000000000056e-01,8.000000000000000444e-01,1.349304696999999997e-01,5.310871128999999913e-01
5.000000000000000000e+03,4.000000000000000000e+02,1.000000000000000056e-01,8.000000000000000444e-01,1.355969082000000048e-01,5.355915292999999799e-01
7.000000000000000000e+03,4.000000000000000000e+02,1.000000000000000056e-01,8.000000000000000444e-01,1.357939653999999940e-01,5.376388186999999652e-01
9.000000000000000000e+03,4.000000000000000000e+02,1.000000000000000056e-01,8.000000000000000444e-01,1.358536750000000071e-01,5.388351126999999519e-01
1.100000000000000000e+04,4.000000000000000000e+02,1.000000000000000056e-01,8.000000000000000444e-01,1.358599424999999972e-01,5.396326595999999531e-01
1.300000000000000000e+04,4.000000000000000000e+02,1.000000000000000056e-01,8.000000000000000444e-01,1.358423293000000087e-01,5.402096210000000287e-01
1.500000000000000000e+04,4.000000000000000000e+02,1.000000000000000056e-01,8.000000000000000444e-01,1.358133403000000017e-01,5.406508729000000235e-01
1.700000000000000000e+04,4.000000000000000000e+02,1.000000000000000056e-01,8.000000000000000444e-01,1.357789063000000018e-01,5.410022031000000231e-01
1.900000000000000000e+04,4.000000000000000000e+02,1.000000000000000056e-01,8.000000000000000444e-01,1.357420595999999924e-01,5.412905918999999511e-01
2.100000000000000000e+04,4.000000000000000000e+02,1.000000000000000056e-01,8.000000000000000444e-01,1.357044279999999881e-01,5.415330245999999681e-01
2.300000000000000000e+04,4.000000000000000000e+02,1.000000000000000056e-01,8.000000000000000444e-01,1.356669102999999987e-01,5.417407590999999689e-01
2.500000000000000000e+04,4.000000000000000000e+02,1.000000000000000056e-01,8.000000000000000444e-01,1.356300068999999886e-01,5.419215720000000180e-01
2.700000000000000000e+04,4.000000000000000000e+02,1.000000000000000056e-01,8.000000000000000444e-01,1.355939916999999995e-01,5.420810193999999749e-01
2.900000000000000000e+04,4.000000000000000000e+02,1.000000000000000056e-01,8.000000000000000444e-01,1.355590064999999955e-01,5.422231851000000047e-01
3.100000000000000000e+04,4.000000000000000000e+02,1.000000000000000056e-01,8.000000000000000444e-01,1.355251145999999962e-01,5.423511435000000214e-01
3.300000000000000000e+04,4.000000000000000000e+02,1.000000000000000056e-01,8.000000000000000444e-01,1.354923318000000043e-01,5.424672569999999805e-01
3.500000000000000000e+04,4.000000000000000000e+02,1.000000000000000056e-01,8.000000000000000444e-01,1.354606460999999984e-01,5.425733737000000279e-01
3.700000000000000000e+04,4.000000000000000000e+02,1.000000000000000056e-01,8.000000000000000444e-01,1.354300287000000103e-01,5.426709623000000038e-01
3.900000000000000000e+04,4.000000000000000000e+02,1.000000000000000056e-01,8.000000000000000444e-01,1.354004413999999878e-01,5.427612058999999878e-01
4.100000000000000000e+04,4.000000000000000000e+02,1.000000000000000056e-01,8.000000000000000444e-01,1.353718409999999928e-01,5.428450696000000075e-01
4.300000000000000000e+04,4.000000000000000000e+02,1.000000000000000056e-01,8.000000000000000444e-01,1.353441824999999932e-01,5.429233490999999523e-01
4.500000000000000000e+04,4.000000000000000000e+02,1.000000000000000056e-01,8.000000000000000444e-01,1.353174205999999880e-01,5.429967074999999532e-01
4.700000000000000000e+04,4.000000000000000000e+02,1.000000000000000056e-01,8.000000000000000444e-01,1.352915108999999949e-01,5.430657016000000059e-01
4.900000000000000000e+04,4.000000000000000000e+02,1.000000000000000056e-01,8.000000000000000444e-01,1.352664104999999894e-01,5.431308034999999812e-01
5.100000000000000000e+04,4.000000000000000000e+02,1.000000000000000056e-01,8.000000000000000444e-01,1.352420783000000126e-01,5.431924160000000112e-01
5.300000000000000000e+04,4.000000000000000000e+02,1.000000000000000056e-01,8.000000000000000444e-01,1.352184754000000100e-01,5.432508855000000025e-01
5.500000000000000000e+04,4.000000000000000000e+02,1.000000000000000056e-01,8.000000000000000444e-01,1.351955650999999980e-01,5.433065112999999613e-01
5.700000000000000000e+04,4.000000000000000000e+02,1.000000000000000056e-01,8.000000000000000444e-01,1.351733128000000006e-01,5.433595539000000141e-01
5.900000000000000000e+04,4.000000000000000000e+02,1.000000000000000056e-01,8.000000000000000444e-01,1.351516859999999931e-01,5.434102413000000409e-01
6.100000000000000000e+04,4.000000000000000000e+02,1.000000000000000056e-01,8.000000000000000444e-01,1.351306540999999972e-01,5.434587735999999447e-01
6.300000000000000000e+04,4.000000000000000000e+02,1.000000000000000056e-01,8.000000000000000444e-01,1.351101885999999863e-01,5.435053277000000405e-01
6.500000000000000000e+04,4.000000000000000000e+02,1.000000000000000056e-01,8.000000000000000444e-01,1.350902626000000106e-01,5.435500602999999709e-01
6.700000000000000000e+04,4.000000000000000000e+02,1.000000000000000056e-01,8.000000000000000444e-01,1.350708509999999918e-01,5.435931112999999870e-01
6.900000000000000000e+04,4.000000000000000000e+02,1.000000000000000056e-01,8.000000000000000444e-01,1.350519303000000115e-01,5.436346052999999623e-01
7.100000000000000000e+04,4.000000000000000000e+02,1.000000000000000056e-01,8.000000000000000444e-01,1.350334783000000094e-01,5.436746542999999487e-01
7.300000000000000000e+04,4.000000000000000000e+02,1.000000000000000056e-01,8.000000000000000444e-01,1.350154742999999935e-01,5.437133591999999682e-01
7.500000000000000000e+04,4.000000000000000000e+02,1.000000000000000056e-01,8.000000000000000444e-01,1.349978987999999880e-01,5.437508108999999923e-01
7.700000000000000000e+04,4.000000000000000000e+02,1.000000000000000056e-01,8.000000000000000444e-01,1.349807335000000053e-01,5.437870917999999554e-01
7.900000000000000000e+04,4.000000000000000000e+02,1.000000000000000056e-01,8.000000000000000444e-01,1.349639611000000017e-01,5.438222768999999568e-01
8.100000000000000000e+04,4.000000000000000000e+02,1.000000000000000056e-01,8.000000000000000444e-01,1.349475655000000052e-01,5.438564340999999525e-01
8.300000000000000000e+04,4.000000000000000000e+02,1.000000000000000056e-01,8.000000000000000444e-01,1.349315313999999988e-01,5.438896256999999901e-01
8.500000000000000000e+04,4.000000000000000000e+02,1.000000000000000056e-01,8.000000000000000444e-01,1.349158443000000041e-01,5.439219087000000119e-01
8.700000000000000000e+04,4.000000000000000000e+02,1.000000000000000056e-01,8.000000000000000444e-01,1.349004907999999947e-01,5.439533351999999988e-01
8.900000000000000000e+04,4.000000000000000000e+02,1.000000000000000056e-01,8.000000000000000444e-01,1.348854579000000053e-01,5.439839533000000449e-01
9.100000000000000000e+04,4.000000000000000000e+02,1.000000000000000056e-01,8.000000000000000444e-01,1.348707335999999868e-01,5.440138071000000242e-01
9.300000000000000000e+04,4.000000000000000000e+02,1.000000000000000056e-01,8.000000000000000444e-01,1.348563063000000062e-01,5.440429373999999818e-01
9.500000000000000000e+04,4.000000000000000000e+02,1.000000000000000056e-01,8.000000000000000444e-01,1.348421653000000109e-01,5.440713820000000478e-01
9.700000000000000000e+04,4.000000000000000000e+02,1.000000000000000056e-01,8.000000000000000444e-01,1.348283000999999925e-01,5.440991756999999929e-01
9.900000000000000000e+04,4.000000000000000000e+02,1.000000000000000056e-01,8.000000000000000444e-01,1.348147010999999895e-01,5.441263510999999609e-01
1.000000000000000000e+04,4.000000000000000000e+02,1.000000000000000056e-01,8.000000000000000444e-01,1.358610289999999943e-01,5.392693352999999856e-01
3.000000000000000000e+04,4.000000000000000000e+02,1.000000000000000056e-01,8.000000000000000444e-01,1.355419220999999896e-01,5.422887785000000127e-01
5.000000000000000000e+04,4.000000000000000000e+02,1.000000000000000056e-01,8.000000000000000444e-01,1.352541508000000003e-01,5.431620230999999466e-01
7.000000000000000000e+04,4.000000000000000000e+02,1.000000000000000056e-01,8.000000000000000444e-01,1.350426470999999962e-01,5.436548038999999832e-01
9.000000000000000000e+04,4.000000000000000000e+02,1.000000000000000056e-01,8.000000000000000444e-01,1.348780578999999868e-01,5.439989731000000051e-01
1.100000000000000000e+05,4.000000000000000000e+02,1.000000000000000056e-01,8.000000000000000444e-01,1.347442724000000036e-01,5.442660089999999951e-01
1.300000000000000000e+05,4.000000000000000000e+02,1.000000000000000056e-01,8.000000000000000444e-01,1.346321095000000134e-01,5.444864249999999961e-01
1.500000000000000000e+05,4.000000000000000000e+02,1.000000000000000056e-01,8.000000000000000444e-01,1.345359198999999950e-01,5.446758407999999774e-01
1.700000000000000000e+05,4.000000000000000000e+02,1.000000000000000056e-01,8.000000000000000444e-01,1.344519982000000058e-01,5.448432467999999584e-01
1.900000000000000000e+05,4.000000000000000000e+02,1.000000000000000056e-01,8.000000000000000444e-01,1.343777879999999980e-01,5.449942629999999788e-01
2.100000000000000000e+05,4.000000000000000000e+02,1.000000000000000056e-01,8.000000000000000444e-01,1.343114539999999968e-01,5.451326235000000242e-01
2.300000000000000000e+05,4.000000000000000000e+02,1.000000000000000056e-01,8.000000000000000444e-01,1.342516344999999944e-01,5.452609296999999522e-01
2.500000000000000000e+05,4.000000000000000000e+02,1.000000000000000056e-01,8.000000000000000444e-01,1.341972919999999958e-01,5.453810629999999993e-01
2.700000000000000000e+05,4.000000000000000000e+02,1.000000000000000056e-01,8.000000000000000444e-01,1.341476178999999880e-01,5.454944263000000015e-01
2.900000000000000000e+05,4.000000000000000000e+02,1.000000000000000056e-01,8.000000000000000444e-01,1.341019702000000036e-01,5.456020928000000492e-01
3.100000000000000000e+05,4.000000000000000000e+02,1.000000000000000056e-01,8.000000000000000444e-01,1.340598303999999963e-01,5.457049010000000200e-01
3.300000000000000000e+05,4.000000000000000000e+02,1.000000000000000056e-01,8.000000000000000444e-01,1.340207740000000092e-01,5.458035181000000513e-01
3.500000000000000000e+05,4.000000000000000000e+02,1.000000000000000056e-01,8.000000000000000444e-01,1.339844491000000137e-01,5.458984836000000396e-01
3.700000000000000000e+05,4.000000000000000000e+02,1.000000000000000056e-01,8.000000000000000444e-01,1.339505605000000099e-01,5.459902395000000297e-01
3.900000000000000000e+05,4.000000000000000000e+02,1.000000000000000056e-01,8.000000000000000444e-01,1.339188584000000071e-01,5.460791526999999590e-01
4.100000000000000000e+05,4.000000000000000000e+02,1.000000000000000056e-01,8.000000000000000444e-01,1.338891296999999980e-01,5.461655307999999653e-01
4.300000000000000000e+05,4.000000000000000000e+02,1.000000000000000056e-01,8.000000000000000444e-01,1.338611906000000129e-01,5.462496340000000394e-01
4.500000000000000000e+05,4.000000000000000000e+02,1.000000000000000056e-01,8.000000000000000444e-01,1.338348820999999966e-01,5.463316848999999475e-01
4.700000000000000000e+05,4.000000000000000000e+02,1.000000000000000056e-01,8.000000000000000444e-01,1.338100653000000029e-01,5.464118747999999748e-01
4.900000000000000000e+05,4.000000000000000000e+02,1.000000000000000056e-01,8.000000000000000444e-01,1.337866182999999931e-01,5.464903693999999534e-01
5.100000000000000000e+05,4.000000000000000000e+02,1.000000000000000056e-01,8.000000000000000444e-01,1.337644336000000100e-01,5.465673135999999932e-01
5.300000000000000000e+05,4.000000000000000000e+02,1.000000000000000056e-01,8.000000000000000444e-01,1.337434157999999873e-01,5.466428342000000384e-01
5.500000000000000000e+05,4.000000000000000000e+02,1.000000000000000056e-01,8.000000000000000444e-01,1.337234798999999974e-01,5.467170431000000219e-01
5.700000000000000000e+05,4.000000000000000000e+02,1.000000000000000056e-01,8.000000000000000444e-01,1.337045498999999971e-01,5.467900396999999524e-01
5.900000000000000000e+05,4.000000000000000000e+02,1.000000000000000056e-01,8.000000000000000444e-01,1.336865573999999890e-01,5.468619123000000304e-01
6.100000000000000000e+05,4.000000000000000000e+02,1.000000000000000056e-01,8.000000000000000444e-01,1.336694408999999917e-01,5.469327400000000283e-01
6.300000000000000000e+05,4.000000000000000000e+02,1.000000000000000056e-01,8.000000000000000444e-01,1.336531447000000039e-01,5.470025938000000476e-01
6.500000000000000000e+05,4.000000000000000000e+02,1.000000000000000056e-01,8.000000000000000444e-01,1.336376180999999941e-01,5.470715377000000545e-01
6.700000000000000000e+05,4.000000000000000000e+02,1.000000000000000056e-01,8.000000000000000444e-01,1.336228150999999864e-01,5.471396295999999548e-01
6.900000000000000000e+05,4.000000000000000000e+02,1.000000000000000056e-01,8.000000000000000444e-01,1.336086935999999947e-01,5.472069218999999762e-01
7.100000000000000000e+05,4.000000000000000000e+02,1.000000000000000056e-01,8.000000000000000444e-01,1.335952152999999865e-01,5.472734623999999659e-01
7.300000000000000000e+05,4.000000000000000000e+02,1.000000000000000056e-01,8.000000000000000444e-01,1.335823446000000136e-01,5.473392947999999869e-01
7.500000000000000000e+05,4.000000000000000000e+02,1.000000000000000056e-01,8.000000000000000444e-01,1.335700492000000128e-01,5.474044590000000099e-01
7.700000000000000000e+05,4.000000000000000000e+02,1.000000000000000056e-01,8.000000000000000444e-01,1.335582989999999914e-01,5.474689914999999463e-01
7.900000000000000000e+05,4.000000000000000000e+02,1.000000000000000056e-01,8.000000000000000444e-01,1.335470663999999974e-01,5.475329260000000309e-01
8.100000000000000000e+05,4.000000000000000000e+02,1.000000000000000056e-01,8.000000000000000444e-01,1.335363256000000054e-01,5.475962935999999504e-01
8.300000000000000000e+05,4.000000000000000000e+02,1.000000000000000056e-01,8.000000000000000444e-01,1.335260530999999862e-01,5.476591229999999699e-01
8.500000000000000000e+05,4.000000000000000000e+02,1.000000000000000056e-01,8.000000000000000444e-01,1.335162265000000015e-01,5.477214405000000452e-01
8.700000000000000000e+05,4.000000000000000000e+02,1.000000000000000056e-01,8.000000000000000444e-01,1.335068252999999927e-01,5.477832709000000078e-01
8.900000000000000000e+05,4.000000000000000000e+02,1.000000000000000056e-01,8.000000000000000444e-01,1.334978303999999893e-01,5.478446369999999677e-01
9.100000000000000000e+05,4.000000000000000000e+02,1.000000000000000056e-01,8.000000000000000444e-01,1.334892239000000091e-01,5.479055601000000220e-01
9.300000000000000000e+05,4.000000000000000000e+02,1.000000000000000056e-01,8.000000000000000444e-01,1.334809888000000055e-01,5.479660599000000243e-01
9.500000000000000000e+05,4.000000000000000000e+02,1.000000000000000056e-01,8.000000000000000444e-01,1.334731096000000006e-01,5.480261550999999676e-01
9.700000000000000000e+05,4.000000000000000000e+02,1.000000000000000056e-01,8.000000000000000444e-01,1.334655714999999909e-01,5.480858628000000454e-01
9.900000000000000000e+05,4.000000000000000000e+02,1.000000000000000056e-01,8.000000000000000444e-01,1.334583605999999922e-01,5.481451993999999495e-01
1.000000000000000000e+05,4.000000000000000000e+02,1.000000000000000056e-01,8.000000000000000444e-01,1.348079984999999981e-01,5.441397163000000203e-01
3.000000000000000000e+05,4.000000000000000000e+02,1.000000000000000056e-01,8.000000000000000444e-01,1.340804902999999937e-01,5.456540590999999774e-01
5.000000000000000000e+05,4.000000000000000000e+02,1.000000000000000056e-01,8.000000000000000444e-01,1.337753744000000078e-01,5.465290269999999451e-01
7.000000000000000000e+05,4.000000000000000000e+02,1.000000000000000056e-01,8.000000000000000444e-01,1.336018763000000054e-01,5.472402832999999633e-01
9.000000000000000000e+05,4.000000000000000000e+02,1.000000000000000056e-01,8.000000000000000444e-01,1.334934797000000006e-01,5.478751526999999788e-01
1.100000000000000000e+06,4.000000000000000000e+02,1.000000000000000056e-01,8.000000000000000444e-01,1.334240046999999874e-01,5.484655510000000511e-01
1.300000000000000000e+06,4.000000000000000000e+02,1.000000000000000056e-01,8.000000000000000444e-01,1.333804252999999940e-01,5.490267333999999666e-01
1.500000000000000000e+06,4.000000000000000000e+02,1.000000000000000056e-01,8.000000000000000444e-01,1.333553107000000071e-01,5.495671814000000488e-01
1.700000000000000000e+06,4.000000000000000000e+02,1.000000000000000056e-01,8.000000000000000444e-01,1.333440194999999939e-01,5.500920985999999679e-01
1.900000000000000000e+06,4.000000000000000000e+02,1.000000000000000056e-01,8.000000000000000444e-01,1.333434575999999927e-01,5.506049079999999485e-01
2.100000000000000000e+06,4.000000000000000000e+02,1.000000000000000056e-01,8.000000000000000444e-01,1.333514594000000109e-01,5.511079812000000411e-01
2.300000000000000000e+06,4.000000000000000000e+02,1.000000000000000056e-01,8.000000000000000444e-01,1.333664494000000034e-01,5.516030296999999694e-01
2.500000000000000000e+06,4.000000000000000000e+02,1.000000000000000056e-01,8.000000000000000444e-01,1.333872459000000066e-01,5.520913285999999864e-01
2.700000000000000000e+06,4.000000000000000000e+02,1.000000000000000056e-01,8.000000000000000444e-01,1.334129400000000076e-01,5.525738540000000310e-01
2.900000000000000000e+06,4.000000000000000000e+02,1.000000000000000056e-01,8.000000000000000444e-01,1.334428170999999996e-01,5.530513690999999676e-01
3.100000000000000000e+06,4.000000000000000000e+02,1.000000000000000056e-01,8.000000000000000444e-01,1.334763059000000085e-01,5.535244826999999868e-01
3.300000000000000000e+06,4.000000000000000000e+02,1.000000000000000056e-01,8.000000000000000444e-01,1.335129418999999873e-01,5.539936876000000066e-01
3.500000000000000000e+06,4.000000000000000000e+02,1.000000000000000056e-01,8.000000000000000444e-01,1.335523428000000012e-01,5.544593889000000164e-01
3.700000000000000000e+06,4.000000000000000000e+02,1.000000000000000056e-01,8.000000000000000444e-01,1.335941895999999962e-01,5.549219232000000002e-01
3.900000000000000000e+06,4.000000000000000000e+02,1.000000000000000056e-01,8.000000000000000444e-01,1.336382143000000022e-01,5.553815735999999559e-01
4.100000000000000000e+06,4.000000000000000000e+02,1.000000000000000056e-01,8.000000000000000444e-01,1.336841884999999952e-01,5.558385804000000041e-01
4.300000000000000000e+06,4.000000000000000000e+02,1.000000000000000056e-01,8.000000000000000444e-01,1.337319167999999892e-01,5.562931491000000506e-01
4.500000000000000000e+06,4.000000000000000000e+02,1.000000000000000056e-01,8.000000000000000444e-01,1.337812304000000063e-01,5.567454572000000157e-01
4.700000000000000000e+06,4.000000000000000000e+02,1.000000000000000056e-01,8.000000000000000444e-01,1.338319825000000018e-01,5.571956590000000098e-01
4.900000000000000000e+06,4.000000000000000000e+02,1.000000000000000056e-01,8.000000000000000444e-01,1.338840447000000100e-01,5.576438890999999565e-01
5.100000000000000000e+06,4.000000000000000000e+02,1.000000000000000056e-01,8.000000000000000444e-01,1.339373040000000070e-01,5.580902663000000263e-01
5.300000000000000000e+06,4.000000000000000000e+02,1.000000000000000056e-01,8.000000000000000444e-01,1.339916604999999983e-01,5.585348955000000171e-01
5.500000000000000000e+06,4.000000000000000000e+02,1.000000000000000056e-01,8.000000000000000444e-01,1.340470253000000111e-01,5.589778697999999713e-01
5.700000000000000000e+06,4.000000000000000000e+02,1.000000000000000056e-01,8.000000000000000444e-01,1.341033191999999874e-01,5.594192726000000171e-01
5.900000000000000000e+06,4.000000000000000000e+02,1.000000000000000056e-01,8.000000000000000444e-01,1.341604711999999922e-01,5.598591784999999987e-01
6.100000000000000000e+06,4.000000000000000000e+02,1.000000000000000056e-01,8.000000000000000444e-01,1.342184173000000036e-01,5.602976547000000362e-01
6.300000000000000000e+06,4.000000000000000000e+02,1.000000000000000056e-01,8.000000000000000444e-01,1.342770997000000133e-01,5.607347621999999587e-01
6.500000000000000000e+06,4.000000000000000000e+02,1.000000000000000056e-01,8.000000000000000444e-01,1.343364663000000125e-01,5.611705557999999705e-01
6.700000000000000000e+06,4.000000000000000000e+02,1.000000000000000056e-01,8.000000000000000444e-01,1.343964695000000042e-01,5.616050859000000228e-01
6.900000000000000000e+06,4.000000000000000000e+02,1.000000000000000056e-01,8.000000000000000444e-01,1.344570659000000057e-01,5.620383982000000112e-01
7.100000000000000000e+06,4.000000000000000000e+02,1.000000000000000056e-01,8.000000000000000444e-01,1.345182159999999960e-01,5.624705344999999523e-01
7.300000000000000000e+06,4.000000000000000000e+02,1.000000000000000056e-01,8.000000000000000444e-01,1.345798836000000054e-01,5.629015334000000426e-01
7.500000000000000000e+06,4.000000000000000000e+02,1.000000000000000056e-01,8.000000000000000444e-01,1.346420352000000098e-01,5.633314301999999829e-01
7.700000000000000000e+06,4.000000000000000000e+02,1.000000000000000056e-01,8.000000000000000444e-01,1.347046402000000032e-01,5.637602576000000365e-01
7.900000000000000000e+06,4.000000000000000000e+02,1.000000000000000056e-01,8.000000000000000444e-01,1.347676704999999919e-01,5.641880458000000376e-01
8.100000000000000000e+06,4.000000000000000000e+02,1.000000000000000056e-01,8.000000000000000444e-01,1.348310996000000039e-01,5.646148226999999631e-01
8.300000000000000000e+06,4.000000000000000000e+02,1.000000000000000056e-01,8.000000000000000444e-01,1.348949036000000046e-01,5.650406143999999742e-01
8.500000000000000000e+06,4.000000000000000000e+02,1.000000000000000056e-01,8.000000000000000444e-01,1.349590598000000030e-01,5.654654450999999638e-01
8.700000000000000000e+06,4.000000000000000000e+02,1.000000000000000056e-01,8.000000000000000444e-01,1.350235473999999991e-01,5.658893372000000088e-01
8.900000000000000000e+06,4.000000000000000000e+02,1.000000000000000056e-01,8.000000000000000444e-01,1.350883468999999892e-01,5.663123118999999761e-01
9.100000000000000000e+06,4.000000000000000000e+02,1.000000000000000056e-01,8.000000000000000444e-01,1.351534400999999941e-01,5.667343888000000440e-01
9.300000000000000000e+06,4.000000000000000000e+02,1.000000000000000056e-01,8.000000000000000444e-01,1.352188101000000031e-01,5.671555864999999752e-01
9.500000000000000000e+06,4.000000000000000000e+02,1.000000000000000056e-01,8.000000000000000444e-01,1.352844410000000053e-01,5.675759221999999715e-01
9.700000000000000000e+06,4.000000000000000000e+02,1.000000000000000056e-01,8.000000000000000444e-01,1.353503179999999972e-01,5.679954122999999466e-01
9.900000000000000000e+06,4.000000000000000000e+02,1.000000000000000056e-01,8.000000000000000444e-01,1.354164270999999864e-01,5.684140720999999452e-01
1.000000000000000000e+06,4.000000000000000000e+02,1.000000000000000056e-01,8.000000000000000444e-01,1.334548738000000123e-01,5.481747332999999944e-01
3.000000000000000000e+06,4.000000000000000000e+02,1.000000000000000056e-01,8.000000000000000444e-01,1.334591413000000004e-01,5.532884429000000104e-01
5.000000000000000000e+06,4.000000000000000000e+02,1.000000000000000056e-01,8.000000000000000444e-01,1.339105311999999881e-01,5.578673025000000507e-01
7.000000000000000000e+06,4.000000000000000000e+02,1.000000000000000056e-01,8.000000000000000444e-01,1.344875741000000069e-01,5.622546108000000542e-01
9.000000000000000000e+06,4.000000000000000000e+02,1.000000000000000056e-01,8.000000000000000444e-01,1.351208577999999938e-01,5.665234613999999835e-01
1.100000000000000000e+07,4.000000000000000000e+02,1.000000000000000056e-01,8.000000000000000444e-01,1.357836282999999866e-01,5.707024692000000066e-01
1.300000000000000000e+07,4.000000000000000000e+02,1.000000000000000056e-01,8.000000000000000444e-01,1.364627780999999873e-01,5.748061338000000076e-01
1.500000000000000000e+07,4.000000000000000000e+02,1.000000000000000056e-01,8.000000000000000444e-01,1.371509445000000105e-01,5.788430281999999982e-01
1.700000000000000000e+07,4.000000000000000000e+02,1.000000000000000056e-01,8.000000000000000444e-01,1.378436077999999898e-01,5.828187891999999648e-01
1.900000000000000000e+07,4.000000000000000000e+02,1.000000000000000056e-01,8.000000000000000444e-01,1.385378174000000129e-01,5.867374263000000312e-01
2.100000000000000000e+07,4.000000000000000000e+02,1.000000000000000056e-01,8.000000000000000444e-01,1.392315584999999911e-01,5.906019707999999868e-01
2.300000000000000000e+07,4.000000000000000000e+02,1.000000000000000056e-01,8.000000000000000444e-01,1.399234095000000122e-01,5.944148271000000427e-01
2.500000000000000000e+07,4.000000000000000000e+02,1.000000000000000056e-01,8.000000000000000444e-01,1.406123417000000042e-01,5.981779770999999801e-01
2.700000000000000000e+07,4.000000000000000000e+02,1.000000000000000056e-01,8.000000000000000444e-01,1.412975972999999941e-01,6.018931059000000028e-01
2.900000000000000000e+07,4.000000000000000000e+02,1.000000000000000056e-01,8.000000000000000444e-01,1.419786105999999992e-01,6.055616821000000538e-01
3.100000000000000000e+07,4.000000000000000000e+02,1.000000000000000056e-01,8.000000000000000444e-01,1.426549559999999994e-01,6.091850115000000399e-01
3.300000000000000000e+07,4.000000000000000000e+02,1.000000000000000056e-01,8.000000000000000444e-01,1.433263120999999918e-01,6.127642745000000390e-01
3.500000000000000000e+07,4.000000000000000000e+02,1.000000000000000056e-01,8.000000000000000444e-01,1.439924361000000097e-01,6.163005521000000098e-01
3.700000000000000000e+07,4.000000000000000000e+02,1.000000000000000056e-01,8.000000000000000444e-01,1.446531463000000073e-01,6.197948450000000387e-01
3.900000000000000000e+07,4.000000000000000000e+02,1.000000000000000056e-01,8.000000000000000444e-01,1.453083079999999971e-01,6.232480873000000310e-01
4.100000000000000000e+07,4.000000000000000000e+02,1.000000000000000056e-01,8.000000000000000444e-01,1.459578239000000055e-01,6.266611579999999959e-01
4.300000000000000000e+07,4.000000000000000000e+02,1.000000000000000056e-01,8.000000000000000444e-01,1.466016263999999902e-01,6.300348885000000010e-01
4.500000000000000000e+07,4.000000000000000000e+02,1.000000000000000056e-01,8.000000000000000444e-01,1.472396717999999993e-01,6.333700690000000355e-01
4.700000000000000000e+07,4.000000000000000000e+02,1.000000000000000056e-01,8.000000000000000444e-01,1.478719354999999958e-01,6.366674541000000298e-01
4.900000000000000000e+07,4.000000000000000000e+02,1.000000000000000056e-01,8.000000000000000444e-01,1.484984088999999896e-01,6.399277666999999559e-01
5.100000000000000000e+07,4.000000000000000000e+02,1.000000000000000056e-01,8.000000000000000444e-01,1.491190957999999900e-01,6.431517008999999563e-01
5.300000000000000000e+07,4.000000000000000000e+02,1.000000000000000056e-01,8.000000000000000444e-01,1.497340110000000002e-01,6.463399253999999594e-01
5.500000000000000000e+07,4.000000000000000000e+02,1.000000000000000056e-01,8.000000000000000444e-01,1.503431773999999999e-01,6.494930853000000504e-01
5.700000000000000000e+07,4.000000000000000000e+02,1.000000000000000056e-01,8.000000000000000444e-01,1.509466254999999868e-01,6.526118042999999869e-01
5.900000000000000000e+07,4.000000000000000000e+02,1.000000000000000056e-01,8.000000000000000444e-01,1.515443914999999864e-01,6.556966864000000061e-01
6.100000000000000000e+07,4.000000000000000000e+02,1.000000000000000056e-01,8.000000000000000444e-01,1.521365162999999965e-01,6.587483169000000194e-01
6.300000000000000000e+07,4.000000000000000000e+02,1.000000000000000056e-01,8.000000000000000444e-01,1.527230448999999934e-01,6.617672640999999745e-01
6.500000000000000000e+07,4.000000000000000000e+02,1.000000000000000056e-01,8.000000000000000444e-01,1.533040256000000046e-01,6.647540801000000332e-01
6.700000000000000000e+07,4.000000000000000000e+02,1.000000000000000056e-01,8.000000000000000444e-01,1.538795095000000113e-01,6.677093017999999880e-01
6.900000000000000000e+07,4.000000000000000000e+02,1.000000000000000056e-01,8.000000000000000444e-01,1.544495493999999969e-01,6.706334519000000105e-01
7.100000000000000000e+07,4.000000000000000000e+02,1.000000000000000056e-01,8.000000000000000444e-01,1.550142003999999962e-01,6.735270393000000189e-01
7.300000000000000000e+07,4.000000000000000000e+02,1.000000000000000056e-01,8.000000000000000444e-01,1.555735185999999881e-01,6.763905598999999658e-01
7.500000000000000000e+07,4.000000000000000000e+02,1.000000000000000056e-01,8.000000000000000444e-01,1.561275611999999868e-01,6.792244976000000323e-01
7.700000000000000000e+07,4.000000000000000000e+02,1.000000000000000056e-01,8.000000000000000444e-01,1.566763862999999979e-01,6.820293241999999534e-01
7.900000000000000000e+07,4.000000000000000000e+02,1.000000000000000056e-01,8.000000000000000444e-01,1.572200525999999932e-01,6.848055002999999807e-01
8.100000000000000000e+07,4.000000000000000000e+02,1.000000000000000056e-01,8.000000000000000444e-01,1.577586192000000054e-01,6.875534758000000357e-01
8.300000000000000000e+07,4.000000000000000000e+02,1.000000000000000056e-01,8.000000000000000444e-01,1.582921451000000035e-01,6.902736900999999481e-01
8.500000000000000000e+07,4.000000000000000000e+02,1.000000000000000056e-01,8.000000000000000444e-01,1.588206897999999978e-01,6.929665726000000525e-01
8.700000000000000000e+07,4.000000000000000000e+02,1.000000000000000056e-01,8.000000000000000444e-01,1.593443126000000098e-01,6.956325431000000004e-01
8.900000000000000000e+07,4.000000000000000000e+02,1.000000000000000056e-01,8.000000000000000444e-01,1.598630725000000086e-01,6.982720122000000140e-01
9.100000000000000000e+07,4.000000000000000000e+02,1.000000000000000056e-01,8.000000000000000444e-01,1.603770284999999907e-01,7.008853812999999988e-01
9.300000000000000000e+07,4.000000000000000000e+02,1.000000000000000056e-01,8.000000000000000444e-01,1.608862393000000113e-01,7.034730434000000532e-01
9.500000000000000000e+07,4.000000000000000000e+02,1.000000000000000056e-01,8.000000000000000444e-01,1.613907629000000121e-01,7.060353830000000164e-01
9.700000000000000000e+07,4.000000000000000000e+02,1.000000000000000056e-01,8.000000000000000444e-01,1.618906572000000099e-01,7.085727764000000484e-01
9.900000000000000000e+07,4.000000000000000000e+02,1.000000000000000056e-01,8.000000000000000444e-01,1.623859794999999995e-01,7.110855922000000051e-01
1.000000000000000000e+07,4.000000000000000000e+02,1.000000000000000056e-01,8.000000000000000444e-01,1.354495645999999887e-01,5.686230952999999921e-01
3.000000000000000000e+07,4.000000000000000000e+02,1.000000000000000056e-01,8.000000000000000444e-01,1.423173889999999886e-01,6.073789263000000105e-01
5.000000000000000000e+07,4.000000000000000000e+02,1.000000000000000056e-01,8.000000000000000444e-01,1.488094749999999966e-01,6.415442386999999913e-01
7.000000000000000000e+07,4.000000000000000000e+02,1.000000000000000056e-01,8.000000000000000444e-01,1.547325451000000074e-01,6.720840345999999910e-01
9.000000000000000000e+07,4.000000000000000000e+02,1.000000000000000056e-01,8.000000000000000444e-01,1.601206473000000019e-01,6.995819344999999467e-01
1.000000000000000000e+08,4.000000000000000000e+02,1.000000000000000056e-01,8.000000000000000444e-01,1.626319438999999922e-01,7.123328965999999873e-01
