# pressure,temperature,f1,f2,molkg1,molkg2
1.000000000000000000e+00,5.000000000000000000e+02,1.000000000000000056e-01,8.000000000000000444e-01,3.357715081000000023e-05,9.115754184000000025e-05
3.000000000000000000e+00,5.000000000000000000e+02,1.000000000000000056e-01,8.000000000000000444e-01,1.006942897000000003e-04,2.733698787999999788e-04
5.000000000000000000e+00,5.000000000000000000e+02,1.000000000000000056e-01,8.000000000000000444e-01,1.677619243000000044e-04,4.554453483999999991e-04
7.000000000000000000e+00,5.000000000000000000e+02,1.000000000000000056e-01,8.000000000000000444e-01,2.347801098999999876e-04,6.373841043000000144e-04
9.000000000000000000e+00,5.000000000000000000e+02,1.000000000000000056e-01,8.000000000000000444e-01,3.017489016999999976e-04,8.191862997999999974e-04
1.100000000000000000e+01,5.000000000000000000e+02,1.000000000000000056e-01,8.000000000000000444e-01,3.686683547999999823e-04,1.000852088000000074e-03
1.300000000000000000e+01,5.000000000000000000e+02,1.000000000000000056e-01,8.000000000000000444e-01,4.355385239999999829e-04,1.182381623000000040e-03
1.500000000000000000e+01,5.000000000000000000e+02,1.000000000000000056e-01,8.000000000000000444e-01,5.023594644999999524e-04,1.363775056000000006e-03
1.700000000000000000e+01,5.000000000000000000e+02,1.000000000000000056e-01,8.000000000000000444e-01,5.691312309000000303e-04,1.545032540000000013e-03
1.900000000000000000e+01,5.000000000000000000e+02,1.000000000000000056e-01,8.000000000000000444e-01,6.358538780999999649e-04,1.726154227000000103e-03
2.100000000000000000e+01,5.000000000000000000e+02,1.000000000000000056e-01,8.000000000000000444e-01,7.025274606999999498e-04,1.907140271000000095e-03
2.300000000000000000e+01,5.000000000000000000e+02,1.000000000000000056e-01,8.000000000000000444e-01,7.691520334000000484e-04,2.087990820999999827e-03
2.500000000000000000e+01,5.000000000000000000e+02,1.000000000000000056e-01,8.000000000000000444e-01,8.357276504999999788e-04,2.268706029999999988e-03
2.700000000000000000e+01,5.000000000000000000e+02,1.000000000000000056e-01,8.000000000000000444e-01,9.022543666000000431e-04,2.449286049999999972e-03
2.900000000000000000e+01,5.000000000000000000e+02,1.000000000000000056e-01,8.000000000000000444e-01,9.687322358999999813e-04,2.629731031000000045e-03
3.100000000000000000e+01,5.000000000000000000e+02,1.000000000000000056e-01,8.000000000000000444e-01,1.035161312999999987e-03,2.810041125000000035e-03
3.300000000000000000e+01,5.000000000000000000e+02,1.000000000000000056e-01,8.000000000000000444e-01,1.101541651999999932e-03,2.990216482000000210e-03
3.500000000000000000e+01,5.000000000000000000e+02,1.000000000000000056e-01,8.000000000000000444e-01,1.167873305999999906e-03,3.170257252999999966e-03
3.700000000000000000e+01,5.000000000000000000e+02,1.000000000000000056e-01,8.000000000000000444e-01,1.234156329999999907e-03,3.350163587000000009e-03
3.900000000000000000e+01,5.000000000000000000e+02,1.000000000000000056e-01,8.000000000000000444e-01,1.300390778999999932e-03,3.529935635000000169e-03
4.100000000000000000e+01,5.000000000000000000e+02,1.000000000000000056e-01,8.000000000000000444e-01,1.366576704999999991e-03,3.709573546999999846e-03
4.300000000000000000e+01,5.000000000000000000e+02,1.000000000000000056e-01,8.000000000000000444e-01,1.432714162000000083e-03,3.889077473000000177e-03
4.500000000000000000e+01,5.000000000000000000e+02,1.000000000000000056e-01,8.000000000000000444e-01,1.498803203999999993e-03,4.068447561000000136e-03
4.700000000000000000e+01,5.000000000000000000e+02,1.000000000000000056e-01,8.000000000000000444e-01,1.564843885999999936e-03,4.247683961000000424e-03
4.900000000000000000e+01,5.000000000000000000e+02,1.000000000000000056e-01,8.000000000000000444e-01,1.630836258999999924e-03,4.426786821999999580e-03
5.100000000000000000e+01,5.000000000000000000e+02,1.000000000000000056e-01,8.000000000000000444e-01,1.696780378999999950e-03,4.605756291999999613e-03
5.300000000000000000e+01,5.000000000000000000e+02,1.000000000000000056e-01,8.000000000000000444e-01,1.762676298000000023e-03,4.784592520000000362e-03
5.500000000000000000e+01,5.000000000000000000e+02,1.000000000000000056e-01,8.000000000000000444e-01,1.828524068999999933e-03,4.963295654999999931e-03
5.700000000000000000e+01,5.000000000000000000e+02,1.000000000000000056e-01,8.000000000000000444e-01,1.894323745999999895e-03,5.141865843999999901e-03
5.900000000000000000e+01,5.000000000000000000e+02,1.000000000000000056e-01,8.000000000000000444e-01,1.960075382000000133e-03,5.320303234999999679e-03
6.100000000000000000e+01,5.000000000000000000e+02,1.000000000000000056e-01,8.000000000000000444e-01,2.025779029000000005e-03,5.498607974999999981e-03
6.300000000000000000e+01,5.000000000000000000e+02,1.000000000000000056e-01,8.000000000000000444e-01,2.091434742000000159e-03,5.676780212999999777e-03
6.500000000000000000e+01,5.000000000000000000e+02,1.000000000000000056e-01,8.000000000000000444e-01,2.157042572999999953e-03,5.854820095000000217e-03
6.700000000000000000e+01,5.000000000000000000e+02,1.000000000000000056e-01,8.000000000000000444e-01,2.222602574000000046e-03,6.032727768999999844e-03
6.900000000000000000e+01,5.000000000000000000e+02,1.000000000000000056e-01,8.000000000000000444e-01,2.288114798999999790e-03,6.210503380000000247e-03
7.100000000000000000e+01,5.000000000000000000e+02,1.000000000000000056e-01,8.000000000000000444e-01,2.353579299999999843e-03,6.388147075999999966e-03
7.300000000000000000e+01,5.000000000000000000e+02,1.000000000000000056e-01,8.000000000000000444e-01,2.418996129999999994e-03,6.565659003000000153e-03
7.500000000000000000e+01,5.000000000000000000e+02,1.000000000000000056e-01,8.000000000000000444e-01,2.484365341000000036e-03,6.743039305999999795e-03
7.700000000000000000e+01,5.000000000000000000e+02,1.000000000000000056e-01,8.000000000000000444e-01,2.549686985000000194e-03,6.920288133000000036e-03
7.900000000000000000e+01,5.000000000000000000e+02,1.000000000000000056e-01,8.000000000000000444e-01,2.614961115999999818e-03,7.097405626999999870e-03
8.100000000000000000e+01,5.000000000000000000e+02,1.000000000000000056e-01,8.000000000000000444e-01,2.680187786000000003e-03,7.274391935999999573e-03
8.300000000000000000e+01,5.000000000000000000e+02,1.000000000000000056e-01,8.000000000000000444e-01,2.745367046000000109e-03,7.451247204000000304e-03
8.500000000000000000e+01,5.000000000000000000e+02,1.000000000000000056e-01,8.000000000000000444e-01,2.810498947999999931e-03,7.627971576000000184e-03
8.700000000000000000e+01,5.000000000000000000e+02,1.000000000000000056e-01,8.000000000000000444e-01,2.875583546000000119e-03,7.804565196000000371e-03
8.900000000000000000e+01,5.000000000000000000e+02,1.000000000000000056e-01,8.000000000000000444e-01,2.940620891000000035e-03,7.981028210999999845e-03
9.100000000000000000e+01,5.000000000000000000e+02,1.000000000000000056e-01,8.000000000000000444e-01,3.005611033999999911e-03,8.157360763000000639e-03
9.300000000000000000e+01,5.000000000000000000e+02,1.000000000000000056e-01,8.000000000000000444e-01,3.070554027999999967e-03,8.333562996999999140e-03
9.500000000000000000e+01,5.000000000000000000e+02,1.000000000000000056e-01,8.000000000000000444e-01,3.135449923999999999e-03,8.509635056999999975e-03
9.700000000000000000e+01,5.000000000000000000e+02,1.000000000000000056e-01,8.000000000000000444e-01,3.200298773999999801e-03,8.685577087000000834e-03
9.900000000000000000e+01,5.000000000000000000e+02,1.000000000000000056e-01,8.000000000000000444e-01,3.265100630000000032e-03,8.861389230000000714e-03
1.000000000000000000e+01,5.000000000000000000e+02,1.000000000000000056e-01,8.000000000000000444e-01,3.352147920999999772e-04,9.100362353999999748e-04
3.000000000000000000e+01,5.000000000000000000e+02,1.000000000000000056e-01,8.000000000000000444e-01,1.001952869999999957e-03,2.719902929999999924e-03
5.000000000000000000e+01,5.000000000000000000e+02,1.000000000000000056e-01,8.000000000000000444e-01,1.663814347999999915e-03,4.516288220999999797e-03
7.000000000000000000e+01,5.000000000000000000e+02,1.000000000000000056e-01,8.000000000000000444e-01,2.320853011999999844e-03,6.299341707999999741e-03
9.000000000000000000e+01,5.000000000000000000e+02,1.000000000000000056e-01,8.000000000000000444e-01,2.973121859000000047e-03,8.069210785999999733e-03
1.100000000000000000e+02,5.000000000000000000e+02,1.000000000000000056e-01,8.000000000000000444e-01,3.620673112000000020e-03,9.826040685000000593e-03
1.300000000000000000e+02,5.000000000000000000e+02,1.000000000000000056e-01,8.000000000000000444e-01,4.263558229999999706e-03,1.156997451000000079e-02
1.500000000000000000e+02,5.000000000000000000e+02,1.000000000000000056e-01,8.000000000000000444e-01,4.901827927000000293e-03,1.330115330000000012e-02
1.700000000000000000e+02,5.000000000000000000e+02,1.000000000000000056e-01,8.000000000000000444e-01,5.535532182000000266e-03,1.501971600999999976e-02
1.900000000000000000e+02,5.000000000000000000e+02,1.000000000000000056e-01,8.000000000000000444e-01,6.164720252999999692e-03,1.672579961999999879e-02
2.100000000000000000e+02,5.000000000000000000e+02,1.000000000000000056e-01,8.000000000000000444e-01,6.789440691999999722e-03,1.841953911000000083e-02
2.300000000000000000e+02,5.000000000000000000e+02,1.000000000000000056e-01,8.000000000000000444e-01,7.409741352999999961e-03,2.010106755000000064e-02
2.500000000000000000e+02,5.000000000000000000e+02,1.000000000000000056e-01,8.000000000000000444e-01,8.025669411000000558e-03,2.177051607999999985e-02
2.700000000000000000e+02,5.000000000000000000e+02,1.000000000000000056e-01,8.000000000000000444e-01,8.637271368000000449e-03,2.342801397999999882e-02
2.900000000000000000e+02,5.000000000000000000e+02,1.000000000000000056e-01,8.000000000000000444e-01,9.244593068000000330e-03,2.507368869999999916e-02
3.100000000000000000e+02,5.000000000000000000e+02,1.000000000000000056e-01,8.000000000000000444e-01,9.847679708000000448e-03,2.670766587999999844e-02
3.300000000000000000e+02,5.000000000000000000e+02,1.000000000000000056e-01,8.000000000000000444e-01,1.044657585000000055e-02,2.833006936999999878e-02
3.500000000000000000e+02,5.000000000000000000e+02,1.000000000000000056e-01,8.000000000000000444e-01,1.104132543000000029e-02,2.994102130999999958e-02
3.700000000000000000e+02,5.000000000000000000e+02,1.000000000000000056e-01,8.000000000000000444e-01,1.163197177999999998e-02,3.154064211999999673e-02
3.900000000000000000e+02,5.000000000000000000e+02,1.000000000000000056e-01,8.000000000000000444e-01,1.221855760999999985e-02,3.312905052000000156e-02
4.100000000000000000e+02,5.000000000000000000e+02,1.000000000000000056e-01,8.000000000000000444e-01,1.280112505000000067e-02,3.470636359999999809e-02
4.300000000000000000e+02,5.000000000000000000e+02,1.000000000000000056e-01,8.000000000000000444e-01,1.337971565000000036e-02,3.627269681999999856e-02
4.500000000000000000e+02,5.000000000000000000e+02,1.000000000000000056e-01,8.000000000000000444e-01,1.395437037999999914e-02,3.782816405000000159e-02
4.700000000000000000e+02,5.000000000000000000e+02,1.000000000000000056e-01,8.000000000000000444e-01,1.452512966000000030e-02,3.937287756999999916e-02
4.900000000000000000e+02,5.000000000000000000e+02,1.000000000000000056e-01,8.000000000000000444e-01,1.509203333999999987e-02,4.090694814000000318e-02
5.100000000000000000e+02,5.000000000000000000e+02,1.000000000000000056e-01,8.000000000000000444e-01,1.565512074000000031e-02,4.243048500999999778e-02
5.300000000000000000e+02,5.000000000000000000e+02,1.000000000000000056e-01,8.000000000000000444e-01,1.621443063999999934e-02,4.394359593000000258e-02
5.500000000000000000e+02,5.000000000000000000e+02,1.000000000000000056e-01,8.000000000000000444e-01,1.677000130000000019e-02,4.544638717999999883e-02
5.700000000000000000e+02,5.000000000000000000e+02,1.000000000000000056e-01,8.000000000000000444e-01,1.732187045999999953e-02,4.693896362999999683e-02
5.900000000000000000e+02,5.000000000000000000e+02,1.000000000000000056e-01,8.000000000000000444e-01,1.787007536000000119e-02,4.842142868999999711e-02
6.100000000000000000e+02,5.000000000000000000e+02,1.000000000000000056e-01,8.000000000000000444e-01,1.841465272000000070e-02,4.989388443000000034e-02
6.300000000000000000e+02,5.000000000000000000e+02,1.000000000000000056e-01,8.000000000000000444e-01,1.895563880000000062e-02,5.135643152000000239e-02
6.500000000000000000e+02,5.000000000000000000e+02,1.000000000000000056e-01,8.000000000000000444e-01,1.949306934999999949e-02,5.280916927999999844e-02
6.700000000000000000e+02,5.000000000000000000e+02,1.000000000000000056e-01,8.000000000000000444e-01,2.002697965999999941e-02,5.425219574000000183e-02
6.900000000000000000e+02,5.000000000000000000e+02,1.000000000000000056e-01,8.000000000000000444e-01,2.055740454999999828e-02,5.568560760999999998e-02
7.100000000000000000e+02,5.000000000000000000e+02,1.000000000000000056e-01,8.000000000000000444e-01,2.108437838999999842e-02,5.710950030999999844e-02
7.300000000000000000e+02,5.000000000000000000e+02,1.000000000000000056e-01,8.000000000000000444e-01,2.160793508000000140e-02,5.852396801999999731e-02
7.500000000000000000e+02,5.000000000000000000e+02,1.000000000000000056e-01,8.000000000000000444e-01,2.212810809000000101e-02,5.992910367999999821e-02
7.700000000000000000e+02,5.000000000000000000e+02,1.000000000000000056e-01,8.000000000000000444e-01,2.264493044999999968e-02,6.132499900999999892e-02
7.900000000000000000e+02,5.000000000000000000e+02,1.000000000000000056e-01,8.000000000000000444e-01,2.315843475999999901e-02,6.271174454000000287e-02
8.100000000000000000e+02,5.000000000000000000e+02,1.000000000000000056e-01,8.000000000000000444e-01,2.366865320000000050e-02,6.408942960999999827e-02
8.300000000000000000e+02,5.000000000000000000e+02,1.000000000000000056e-01,8.000000000000000444e-01,2.417561752999999869e-02,6.545814240000000228e-02
8.500000000000000000e+02,5.000000000000000000e+02,1.000000000000000056e-01,8.000000000000000444e-01,2.467935909999999927e-02,6.681796998000000265e-02
8.700000000000000000e+02,5.000000000000000000e+02,1.000000000000000056e-01,8.000000000000000444e-01,2.517990886999999997e-02,6.816899825000000135e-02
8.900000000000000000e+02,5.000000000000000000e+02,1.000000000000000056e-01,8.000000000000000444e-01,2.567729737999999845e-02,6.951131205999999674e-02
9.100000000000000000e+02,5.000000000000000000e+02,1.000000000000000056e-01,8.000000000000000444e-01,2.617155481000000075e-02,7.084499513000000470e-02
9.300000000000000000e+02,5.000000000000000000e+02,1.000000000000000056e-01,8.000000000000000444e-01,2.666271092999999981e-02,7.217013012999999588e-02
9.500000000000000000e+02,5.000000000000000000e+02,1.000000000000000056e-01,8.000000000000000444e-01,2.715079513999999958e-02,7.348679868999999365e-02
9.700000000000000000e+02,5.000000000000000000e+02,1.000000000000000056e-01,8.000000000000000444e-01,2.763583648999999934e-02,7.479508138000000306e-02
9.900000000000000000e+02,5.000000000000000000e+02,1.000000000000000056e-01,8.000000000000000444e-01,2.811786362999999997e-02,7.609505777000000193e-02
1.000000000000000000e+02,5.000000000000000000e+02,1.000000000000000056e-01,8.000000000000000444e-01,3.297483951000000028e-03,8.949246638999999726e-03
3.000000000000000000e+02,5.000000000000000000e+02,1.000000000000000056e-01,8.000000000000000444e-01,9.546662971000000053e-03,2.589213170000000119e-02
5.000000000000000000e+02,5.000000000000000000e+02,1.000000000000000056e-01,8.000000000000000444e-01,1.537405164000000060e-02,4.167002652000000029e-02
7.000000000000000000e+02,5.000000000000000000e+02,1.000000000000000056e-01,8.000000000000000444e-01,2.082132072000000139e-02,5.639873793999999885e-02
9.000000000000000000e+02,5.000000000000000000e+02,1.000000000000000056e-01,8.000000000000000444e-01,2.592481560999999879e-02,7.017922724000000279e-02
1.100000000000000000e+03,5.000000000000000000e+02,1.000000000000000056e-01,8.000000000000000444e-01,3.071638133000000048e-02,8.309991445999999338e-02
1.300000000000000000e+03,5.000000000000000000e+02,1.000000000000000056e-01,8.000000000000000444e-01,3.522403880000000292e-02,9.523856643000000455e-02
1.500000000000000000e+03,5.000000000000000000e+02,1.000000000000000056e-01,8.000000000000000444e-01,3.947254260000000042e-02,1.066638537999999997e-01
1.700000000000000000e+03,5.000000000000000000e+02,1.000000000000000056e-01,8.000000000000000444e-01,4.348384386000000296e-02,1.174366426999999963e-01
1.900000000000000000e+03,5.000000000000000000e+02,1.000000000000000056e-01,8.000000000000000444e-01,4.727747659999999991e-02,1.276110725999999862e-01
2.100000000000000000e+03,5.000000000000000000e+02,1.000000000000000056e-01,8.000000000000000444e-01,5.087088177000000100e-02,1.372354601000000118e-01
2.300000000000000000e+03,5.000000000000000000e+02,1.000000000000000056e-01,8.000000000000000444e-01,5.427968061999999955e-02,1.463530610000000065e-01
2.500000000000000000e+03,5.000000000000000000e+02,1.000000000000000056e-01,8.000000000000000444e-01,5.751790621999999797e-02,1.550027160000000126e-01
2.700000000000000000e+03,5.000000000000000000e+02,1.000000000000000056e-01,8.000000000000000444e-01,6.059820046000000127e-02,1.632193993999999926e-01
2.900000000000000000e+03,5.000000000000000000e+02,1.000000000000000056e-01,8.000000000000000444e-01,6.353198253000000295e-02,1.710346885000000039e-01
3.100000000000000000e+03,5.000000000000000000e+02,1.000000000000000056e-01,8.000000000000000444e-01,6.632959337999999594e-02,1.784771662000000092e-01
3.300000000000000000e+03,5.000000000000000000e+02,1.000000000000000056e-01,8.000000000000000444e-01,6.900042019999999554e-02,1.855727674000000049e-01
3.500000000000000000e+03,5.000000000000000000e+02,1.000000000000000056e-01,8.000000000000000444e-01,7.155300405999999447e-02,1.923450784999999885e-01
3.700000000000000000e+03,5.000000000000000000e+02,1.000000000000000056e-01,8.000000000000000444e-01,7.399513320999999422e-02,1.988155974999999964e-01
3.900000000000000000e+03,5.000000000000000000e+02,1.000000000000000056e-01,8.000000000000000444e-01,7.633392438000000113e-02,2.050039599000000046e-01
4.100000000000000000e+03,5.000000000000000000e+02,1.000000000000000056e-01,8.000000000000000444e-01,7.857589370999999712e-02,2.109281359999999883e-01
4.300000000000000000e+03,5.000000000000000000e+02,1.000000000000000056e-01,8.000000000000000444e-01,8.072701885999999938e-02,2.166046034999999925e-01
4.500000000000000000e+03,5.000000000000000000e+02,1.000000000000000056e-01,8.000000000000000444e-01,8.279279364000000085e-02,2.220484997999999932e-01
4.700000000000000000e+03,5.000000000000000000e+02,1.000000000000000056e-01,8.000000000000000444e-01,8.477827598999999881e-02,2.272737546999999969e-01
4.900000000000000000e+03,5.000000000000000000e+02,1.000000000000000056e-01,8.000000000000000444e-01,8.668813046999999938e-02,2.322932091000000088e-01
5.100000000000000000e+03,5.000000000000000000e+02,1.000000000000000056e-01,8.000000000000000444e-01,8.852666584000000449e-02,2.371187190000000056e-01
5.300000000000000000e+03,5.000000000000000000e+02,1.000000000000000056e-01,8.000000000000000444e-01,9.029786835000000456e-02,2.417612480000000119e-01
5.500000000000000000e+03,5.000000000000000000e+02,1.000000000000000056e-01,8.000000000000000444e-01,9.200543147999999671e-02,2.462309500000000040e-01
5.700000000000000000e+03,5.000000000000000000e+02,1.000000000000000056e-01,8.000000000000000444e-01,9.365278230000000093e-02,2.505372419999999933e-01
5.900000000000000000e+03,5.000000000000000000e+02,1.000000000000000056e-01,8.000000000000000444e-01,9.524310515999999394e-02,2.546888704999999975e-01
6.100000000000000000e+03,5.000000000000000000e+02,1.000000000000000056e-01,8.000000000000000444e-01,9.677936280000000446e-02,2.586939694000000012e-01
6.300000000000000000e+03,5.000000000000000000e+02,1.000000000000000056e-01,8.000000000000000444e-01,9.826431536000000688e-02,2.625601129999999839e-01
6.500000000000000000e+03,5.000000000000000000e+02,1.000000000000000056e-01,8.000000000000000444e-01,9.970053741999999886e-02,2.662943630999999867e-01
6.700000000000000000e+03,5.000000000000000000e+02,1.000000000000000056e-01,8.000000000000000444e-01,1.010904333999999988e-01,2.699033118999999981e-01
6.900000000000000000e+03,5.000000000000000000e+02,1.000000000000000056e-01,8.000000000000000444e-01,1.024362511999999947e-01,2.733931202000000060e-01
7.100000000000000000e+03,5.000000000000000000e+02,1.000000000000000056e-01,8.000000000000000444e-01,1.037400953000000015e-01,2.767695519999999743e-01
7.300000000000000000e+03,5.000000000000000000e+02,1.000000000000000056e-01,8.000000000000000444e-01,1.050039373000000026e-01,2.800380060000000060e-01
7.500000000000000000e+03,5.000000000000000000e+02,1.000000000000000056e-01,8.000000000000000444e-01,1.062296268999999987e-01,2.832035440999999820e-01
7.700000000000000000e+03,5.000000000000000000e+02,1.000000000000000056e-01,8.000000000000000444e-01,1.074189007000000001e-01,2.862709172999999829e-01
7.900000000000000000e+03,5.000000000000000000e+02,1.000000000000000056e-01,8.000000000000000444e-01,1.085733911999999940e-01,2.892445888999999881e-01
8.100000000000000000e+03,5.000000000000000000e+02,1.000000000000000056e-01,8.000000000000000444e-01,1.096946342000000019e-01,2.921287564000000225e-01
8.300000000000000000e+03,5.000000000000000000e+02,1.000000000000000056e-01,8.000000000000000444e-01,1.107840756999999982e-01,2.949273707000000244e-01
8.500000000000000000e+03,5.000000000000000000e+02,1.000000000000000056e-01,8.000000000000000444e-01,1.118430789999999980e-01,2.976441537999999776e-01
8.700000000000000000e+03,5.000000000000000000e+02,1.000000000000000056e-01,8.000000000000000444e-01,1.128729299000000019e-01,3.002826152999999998e-01
8.900000000000000000e+03,5.000000000000000000e+02,1.000000000000000056e-01,8.000000000000000444e-01,1.138748425000000036e-01,3.028460675999999907e-01
9.100000000000000000e+03,5.000000000000000000e+02,1.000000000000000056e-01,8.000000000000000444e-01,1.148499639999999988e-01,3.053376389999999940e-01
9.300000000000000000e+03,5.000000000000000000e+02,1.000000000000000056e-01,8.000000000000000444e-01,1.157993791999999966e-01,3.077602866999999964e-01
9.500000000000000000e+03,5.000000000000000000e+02,1.000000000000000056e-01,8.000000000000000444e-01,1.167241150999999977e-01,3.101168080999999743e-01
9.700000000000000000e+03,5.000000000000000000e+02,1.000000000000000056e-01,8.000000000000000444e-01,1.176251440000000009e-01,3.124098517000000186e-01
9.900000000000000000e+03,5.000000000000000000e+02,1.000000000000000056e-01,8.000000000000000444e-01,1.185033877999999985e-01,3.146419265000000021e-01
1.000000000000000000e+03,5.000000000000000000e+02,1.000000000000000056e-01,8.000000000000000444e-01,2.835775572999999980e-02,7.674195569000000217e-02
3.000000000000000000e+03,5.000000000000000000e+02,1.000000000000000056e-01,8.000000000000000444e-01,6.494720163999999352e-02,1.748008496000000023e-01
5.000000000000000000e+03,5.000000000000000000e+02,1.000000000000000056e-01,8.000000000000000444e-01,8.761605671000000095e-02,2.347295020000000065e-01
7.000000000000000000e+03,5.000000000000000000e+02,1.000000000000000056e-01,8.000000000000000444e-01,1.030932937999999993e-01,2.750951625999999983e-01
9.000000000000000000e+03,5.000000000000000000e+02,1.000000000000000056e-01,8.000000000000000444e-01,1.143656829000000014e-01,3.041006498000000113e-01
1.100000000000000000e+04,5.000000000000000000e+02,1.000000000000000056e-01,8.000000000000000444e-01,1.229633769999999987e-01,3.259289629000000077e-01
1.300000000000000000e+04,5.000000000000000000e+02,1.000000000000000056e-01,8.000000000000000444e-01,1.297521831000000014e-01,3.429361468000000079e-01
1.500000000000000000e+04,5.000000000000000000e+02,1.000000000000000056e-01,8.000000000000000444e-01,1.352592291999999974e-01,3.565501084000000098e-01
1.700000000000000000e+04,5.000000000000000000e+02,1.000000000000000056e-01,8.000000000000000444e-01,1.398240534999999896e-01,3.676864414000000081e-01
1.900000000000000000e+04,5.000000000000000000e+02,1.000000000000000056e-01,8.000000000000000444e-01,1.436753789999999920e-01,3.769591346999999759e-01
2.100000000000000000e+04,5.000000000000000000e+02,1.000000000000000056e-01,8.000000000000000444e-01,1.469730025000000051e-01,3.847952221000000006e-01
2.300000000000000000e+04,5.000000000000000000e+02,1.000000000000000056e-01,8.000000000000000444e-01,1.498319998000000042e-01,3.915008472000000017e-01
2.500000000000000000e+04,5.000000000000000000e+02,1.000000000000000056e-01,8.000000000000000444e-01,1.523373882000000068e-01,3.973011744000000123e-01
2.700000000000000000e+04,5.000000000000000000e+02,1.000000000000000056e-01,8.000000000000000444e-01,1.545533678000000077e-01,4.023654751999999890e-01
2.900000000000000000e+04,5.000000000000000000e+02,1.000000000000000056e-01,8.000000000000000444e-01,1.565293457999999971e-01,4.068234370000000100e-01
3.100000000000000000e+04,5.000000000000000000e+02,1.000000000000000056e-01,8.000000000000000444e-01,1.583039801999999996e-01,4.107760802000000044e-01
3.300000000000000000e+04,5.000000000000000000e+02,1.000000000000000056e-01,8.000000000000000444e-01,1.599079636000000082e-01,4.143032534000000155e-01
3.500000000000000000e+04,5.000000000000000000e+02,1.000000000000000056e-01,8.000000000000000444e-01,1.613659823999999965e-01,4.174688951000000148e-01
3.700000000000000000e+04,5.000000000000000000e+02,1.000000000000000056e-01,8.000000000000000444e-01,1.626981241000000078e-01,4.203248016999999725e-01
3.900000000000000000e+04,5.000000000000000000e+02,1.000000000000000056e-01,8.000000000000000444e-01,1.639209054999999915e-01,4.229133746000000027e-01
4.100000000000000000e+04,5.000000000000000000e+02,1.000000000000000056e-01,8.000000000000000444e-01,1.650480366000000032e-01,4.252696532999999945e-01
4.300000000000000000e+04,5.000000000000000000e+02,1.000000000000000056e-01,8.000000000000000444e-01,1.660909952999999883e-01,4.274228439000000157e-01
4.500000000000000000e+04,5.000000000000000000e+02,1.000000000000000056e-01,8.000000000000000444e-01,1.670594666000000117e-01,4.293974816000000194e-01
4.700000000000000000e+04,5.000000000000000000e+02,1.000000000000000056e-01,8.000000000000000444e-01,1.679616818000000122e-01,4.312143270000000084e-01
4.900000000000000000e+04,5.000000000000000000e+02,1.000000000000000056e-01,8.000000000000000444e-01,1.688046826000000056e-01,4.328910629000000121e-01
5.100000000000000000e+04,5.000000000000000000e+02,1.000000000000000056e-01,8.000000000000000444e-01,1.695945302999999904e-01,4.344428429000000147e-01
5.300000000000000000e+04,5.000000000000000000e+02,1.000000000000000056e-01,8.000000000000000444e-01,1.703364716999999917e-01,4.358827270999999781e-01
5.500000000000000000e+04,5.000000000000000000e+02,1.000000000000000056e-01,8.000000000000000444e-01,1.710350724999999961e-01,4.372220303000000086e-01
5.700000000000000000e+04,5.000000000000000000e+02,1.000000000000000056e-01,8.000000000000000444e-01,1.716943250000000087e-01,4.384706032999999836e-01
5.900000000000000000e+04,5.000000000000000000e+02,1.000000000000000056e-01,8.000000000000000444e-01,1.723177361000000074e-01,4.396370616999999981e-01
6.100000000000000000e+04,5.000000000000000000e+02,1.000000000000000056e-01,8.000000000000000444e-01,1.729083996999999928e-01,4.407289728000000073e-01
6.300000000000000000e+04,5.000000000000000000e+02,1.000000000000000056e-01,8.000000000000000444e-01,1.734690560000000104e-01,4.417530101000000098e-01
6.500000000000000000e+04,5.000000000000000000e+02,1.000000000000000056e-01,8.000000000000000444e-01,1.740021412999999961e-01,4.427150809000000020e-01
6.700000000000000000e+04,5.000000000000000000e+02,1.000000000000000056e-01,8.000000000000000444e-01,1.745098288999999969e-01,4.436204323999999866e-01
6.900000000000000000e+04,5.000000000000000000e+02,1.000000000000000056e-01,8.000000000000000444e-01,1.749940647000000071e-01,4.444737420000000050e-01
7.100000000000000000e+04,5.000000000000000000e+02,1.000000000000000056e-01,8.000000000000000444e-01,1.754565958000000037e-01,4.452791911999999797e-01
7.300000000000000000e+04,5.000000000000000000e+02,1.000000000000000056e-01,8.000000000000000444e-01,1.758989960000000019e-01,4.460405303000000155e-01
7.500000000000000000e+04,5.000000000000000000e+02,1.000000000000000056e-01,8.000000000000000444e-01,1.763226864000000116e-01,4.467611317999999887e-01
7.700000000000000000e+04,5.000000000000000000e+02,1.000000000000000056e-01,8.000000000000000444e-01,1.767289542999999907e-01,4.474440369000000084e-01
7.900000000000000000e+04,5.000000000000000000e+02,1.000000000000000056e-01,8.000000000000000444e-01,1.771189685000000014e-01,4.480919946999999959e-01
8.100000000000000000e+04,5.000000000000000000e+02,1.000000000000000056e-01,8.000000000000000444e-01,1.774937924999999972e-01,4.487074965999999776e-01
8.300000000000000000e+04,5.000000000000000000e+02,1.000000000000000056e-01,8.000000000000000444e-01,1.778543965999999921e-01,4.492928057999999725e-01
8.500000000000000000e+04,5.000000000000000000e+02,1.000000000000000056e-01,8.000000000000000444e-01,1.782016678999999992e-01,4.498499820999999899e-01
8.700000000000000000e+04,5.000000000000000000e+02,1.000000000000000056e-01,8.000000000000000444e-01,1.785364191000000100e-01,4.503809047999999815e-01
8.900000000000000000e+04,5.000000000000000000e+02,1.000000000000000056e-01,8.000000000000000444e-01,1.788593961999999926e-01,4.508872916000000175e-01
9.100000000000000000e+04,5.000000000000000000e+02,1.000000000000000056e-01,8.000000000000000444e-01,1.791712852000000022e-01,4.513707155000000193e-01
9.300000000000000000e+04,5.000000000000000000e+02,1.000000000000000056e-01,8.000000000000000444e-01,1.794727184999999892e-01,4.518326200000000181e-01
9.500000000000000000e+04,5.000000000000000000e+02,1.000000000000000056e-01,8.000000000000000444e-01,1.797642795999999932e-01,4.522743314000000070e-01
9.700000000000000000e+04,5.000000000000000000e+02,1.000000000000000056e-01,8.000000000000000444e-01,1.800465081000000023e-01,4.526970712999999757e-01
9.900000000000000000e+04,5.000000000000000000e+02,1.000000000000000056e-01,8.000000000000000444e-01,1.803199034999999895e-01,4.531019659000000144e-01
1.000000000000000000e+04,5.000000000000000000e+02,1.000000000000000056e-01,8.000000000000000444e-01,1.189342401999999993e-01,3.157358489000000046e-01
3.000000000000000000e+04,5.000000000000000000e+02,1.000000000000000056e-01,8.000000000000000444e-01,1.574397522000000049e-01,4.088575071000000172e-01
5.000000000000000000e+04,5.000000000000000000e+02,1.000000000000000056e-01,8.000000000000000444e-01,1.692059052999999869e-01,4.336817115000000111e-01
7.000000000000000000e+04,5.000000000000000000e+02,1.000000000000000056e-01,8.000000000000000444e-01,1.752279411999999870e-01,4.448822052999999999e-01
9.000000000000000000e+04,5.000000000000000000e+02,1.000000000000000056e-01,8.000000000000000444e-01,1.790166860000000082e-01,4.511317807999999929e-01
1.100000000000000000e+05,5.000000000000000000e+02,1.000000000000000056e-01,8.000000000000000444e-01,1.816848430000000125e-01,4.550527026999999780e-01
1.300000000000000000e+05,5.000000000000000000e+02,1.000000000000000056e-01,8.000000000000000444e-01,1.837020696999999980e-01,4.577032390999999922e-01
1.500000000000000000e+05,5.000000000000000000e+02,1.000000000000000056e-01,8.000000000000000444e-01,1.853031772000000021e-01,4.595899520000000238e-01
1.700000000000000000e+05,5.000000000000000000e+02,1.000000000000000056e-01,8.000000000000000444e-01,1.866196398999999950e-01,4.609846577000000223e-01
1.900000000000000000e+05,5.000000000000000000e+02,1.000000000000000056e-01,8.000000000000000444e-01,1.877313227000000084e-01,4.620457176000000166e-01
2.100000000000000000e+05,5.000000000000000000e+02,1.000000000000000056e-01,8.000000000000000444e-01,1.886898224999999929e-01,4.628713210000000022e-01
2.300000000000000000e+05,5.000000000000000000e+02,1.000000000000000056e-01,8.000000000000000444e-01,1.895301219999999953e-01,4.635253946999999819e-01
2.500000000000000000e+05,5.000000000000000000e+02,1.000000000000000056e-01,8.000000000000000444e-01,1.902768783999999880e-01,4.640512293999999871e-01
2.700000000000000000e+05,5.000000000000000000e+02,1.000000000000000056e-01,8.000000000000000444e-01,1.909480355000000018e-01,4.644791065000000163e-01
2.900000000000000000e+05,5.000000000000000000e+02,1.000000000000000056e-01,8.000000000000000444e-01,1.915570054000000078e-01,4.648307902000000102e-01
3.100000000000000000e+05,5.000000000000000000e+02,1.000000000000000056e-01,8.000000000000000444e-01,1.921140429000000038e-01,4.651222884999999807e-01
3.300000000000000000e+05,5.000000000000000000e+02,1.000000000000000056e-01,8.000000000000000444e-01,1.926271431999999895e-01,4.653656113999999899e-01
3.500000000000000000e+05,5.000000000000000000e+02,1.000000000000000056e-01,8.000000000000000444e-01,1.931026469000000079e-01,4.655699259000000145e-01
3.700000000000000000e+05,5.000000000000000000e+02,1.000000000000000056e-01,8.000000000000000444e-01,1.935456567999999933e-01,4.657423360999999873e-01
3.900000000000000000e+05,5.000000000000000000e+02,1.000000000000000056e-01,8.000000000000000444e-01,1.939603346000000061e-01,4.658884211000000053e-01
4.100000000000000000e+05,5.000000000000000000e+02,1.000000000000000056e-01,8.000000000000000444e-01,1.943501136000000129e-01,4.660126148000000024e-01
4.300000000000000000e+05,5.000000000000000000e+02,1.000000000000000056e-01,8.000000000000000444e-01,1.947178568000000054e-01,4.661184789000000217e-01
4.500000000000000000e+05,5.000000000000000000e+02,1.000000000000000056e-01,8.000000000000000444e-01,1.950659731999999924e-01,4.662089017000000113e-01
4.700000000000000000e+05,5.000000000000000000e+02,1.000000000000000056e-01,8.000000000000000444e-01,1.953965081000000048e-01,4.662862456999999905e-01
4.900000000000000000e+05,5.000000000000000000e+02,1.000000000000000056e-01,8.000000000000000444e-01,1.957112108999999878e-01,4.663524587999999804e-01
5.100000000000000000e+05,5.000000000000000000e+02,1.000000000000000056e-01,8.000000000000000444e-01,1.960115885000000002e-01,4.664091584000000235e-01
5.300000000000000000e+05,5.000000000000000000e+02,1.000000000000000056e-01,8.000000000000000444e-01,1.962989478999999926e-01,4.664576964000000103e-01
5.500000000000000000e+05,5.000000000000000000e+02,1.000000000000000056e-01,8.000000000000000444e-01,1.965744288000000062e-01,4.664992094000000034e-01
5.700000000000000000e+05,5.000000000000000000e+02,1.000000000000000056e-01,8.000000000000000444e-01,1.968390309999999976e-01,4.665346584000000241e-01
5.900000000000000000e+05,5.000000000000000000e+02,1.000000000000000056e-01,8.000000000000000444e-01,1.970936356999999917e-01,4.665648598000000091e-01
6.100000000000000000e+05,5.000000000000000000e+02,1.000000000000000056e-01,8.000000000000000444e-01,1.973390235999999964e-01,4.665905108999999773e-01
6.300000000000000000e+05,5.000000000000000000e+02,1.000000000000000056e-01,8.000000000000000444e-01,1.975758890000000045e-01,4.666122093999999776e-01
6.500000000000000000e+05,5.000000000000000000e+02,1.000000000000000056e-01,8.000000000000000444e-01,1.978048523000000003e-01,4.666304696999999946e-01
6.700000000000000000e+05,5.000000000000000000e+02,1.000000000000000056e-01,8.000000000000000444e-01,1.980264693999999881e-01,4.666457365000000190e-01
6.900000000000000000e+05,5.000000000000000000e+02,1.000000000000000056e-01,8.000000000000000444e-01,1.982412410999999930e-01,4.666583952000000202e-01
7.100000000000000000e+05,5.000000000000000000e+02,1.000000000000000056e-01,8.000000000000000444e-01,1.984496189999999938e-01,4.666687810999999853e-01
7.300000000000000000e+05,5.000000000000000000e+02,1.000000000000000056e-01,8.000000000000000444e-01,1.986520126999999913e-01,4.666771867000000240e-01
7.500000000000000000e+05,5.000000000000000000e+02,1.000000000000000056e-01,8.000000000000000444e-01,1.988487938000000066e-01,4.666838677999999851e-01
7.700000000000000000e+05,5.000000000000000000e+02,1.000000000000000056e-01,8.000000000000000444e-01,1.990403011999999916e-01,4.666890486999999976e-01
7.900000000000000000e+05,5.000000000000000000e+02,1.000000000000000056e-01,8.000000000000000444e-01,1.992268443000000111e-01,4.666929269000000269e-01
8.100000000000000000e+05,5.000000000000000000e+02,1.000000000000000056e-01,8.000000000000000444e-01,1.994087065000000047e-01,4.666956758999999955e-01
8.300000000000000000e+05,5.000000000000000000e+02,1.000000000000000056e-01,8.000000000000000444e-01,1.995861479000000105e-01,4.666974492000000030e-01
8.500000000000000000e+05,5.000000000000000000e+02,1.000000000000000056e-01,8.000000000000000444e-01,1.997594077000000024e-01,4.666983825000000086e-01
8.700000000000000000e+05,5.000000000000000000e+02,1.000000000000000056e-01,8.000000000000000444e-01,1.999287066000000057e-01,4.666985960999999739e-01
8.900000000000000000e+05,5.000000000000000000e+02,1.000000000000000056e-01,8.000000000000000444e-01,2.000942484999999882e-01,4.666981964999999954e-01
9.100000000000000000e+05,5.000000000000000000e+02,1.000000000000000056e-01,8.000000000000000444e-01,2.002562217999999949e-01,4.666972785999999873e-01
9.300000000000000000e+05,5.000000000000000000e+02,1.000000000000000056e-01,8.000000000000000444e-01,2.004148017999999865e-01,4.666959267999999939e-01
9.500000000000000000e+05,5.000000000000000000e+02,1.000000000000000056e-01,8.000000000000000444e-01,2.005701508000000133e-01,4.666942161000000033e-01
9.700000000000000000e+05,5.000000000000000000e+02,1.000000000000000056e-01,8.000000000000000444e-01,2.007224200999999930e-01,4.666922136000000165e-01
9.900000000000000000e+05,5.000000000000000000e+02,1.000000000000000056e-01,8.000000000000000444e-01,2.008717506999999902e-01,4.666899791999999936e-01
1.000000000000000000e+05,5.000000000000000000e+02,1.000000000000000056e-01,8.000000000000000444e-01,1.804534351000000036e-01,4.532980493000000055e-01
3.000000000000000000e+05,5.000000000000000000e+02,1.000000000000000056e-01,8.000000000000000444e-01,1.918414712000000022e-01,4.649832340000000230e-01
5.000000000000000000e+05,5.000000000000000000e+02,1.000000000000000056e-01,8.000000000000000444e-01,1.958631043999999877e-01,4.663819076999999869e-01
7.000000000000000000e+05,5.000000000000000000e+02,1.000000000000000056e-01,8.000000000000000444e-01,1.983462027000000016e-01,4.666638530000000173e-01
9.000000000000000000e+05,5.000000000000000000e+02,1.000000000000000056e-01,8.000000000000000444e-01,2.001756700000000000e-01,4.666977969000000170e-01
1.100000000000000000e+06,5.000000000000000000e+02,1.000000000000000056e-01,8.000000000000000444e-01,2.016460146999999870e-01,4.666756671999999773e-01
1.300000000000000000e+06,5.000000000000000000e+02,1.000000000000000056e-01,8.000000000000000444e-01,2.028899228000000110e-01,4.666538320999999989e-01
1.500000000000000000e+06,5.000000000000000000e+02,1.000000000000000056e-01,8.000000000000000444e-01,2.039781803000000060e-01,4.666504258999999988e-01
1.700000000000000000e+06,5.000000000000000000e+02,1.000000000000000056e-01,8.000000000000000444e-01,2.049529053999999961e-01,4.666707137000000172e-01
1.900000000000000000e+06,5.000000000000000000e+02,1.000000000000000056e-01,8.000000000000000444e-01,2.058411555000000115e-01,4.667152285000000234e-01
2.100000000000000000e+06,5.000000000000000000e+02,1.000000000000000056e-01,8.000000000000000444e-01,2.066613295999999989e-01,4.667827407999999845e-01
2.300000000000000000e+06,5.000000000000000000e+02,1.000000000000000056e-01,8.000000000000000444e-01,2.074265006999999883e-01,4.668714301999999927e-01
2.500000000000000000e+06,5.000000000000000000e+02,1.000000000000000056e-01,8.000000000000000444e-01,2.081462877999999961e-01,4.669793651999999962e-01
2.700000000000000000e+06,5.000000000000000000e+02,1.000000000000000056e-01,8.000000000000000444e-01,2.088279731999999889e-01,4.671046983000000097e-01
2.900000000000000000e+06,5.000000000000000000e+02,1.000000000000000056e-01,8.000000000000000444e-01,2.094772015999999959e-01,4.672457372000000109e-01
3.100000000000000000e+06,5.000000000000000000e+02,1.000000000000000056e-01,8.000000000000000444e-01,2.100984368999999907e-01,4.674009637000000050e-01
3.300000000000000000e+06,5.000000000000000000e+02,1.000000000000000056e-01,8.000000000000000444e-01,2.106952696000000125e-01,4.675690281000000059e-01
3.500000000000000000e+06,5.000000000000000000e+02,1.000000000000000056e-01,8.000000000000000444e-01,2.112706309999999865e-01,4.677487355000000124e-01
3.700000000000000000e+06,5.000000000000000000e+02,1.000000000000000056e-01,8.000000000000000444e-01,2.118269452000000053e-01,4.679390284000000122e-01
3.900000000000000000e+06,5.000000000000000000e+02,1.000000000000000056e-01,8.000000000000000444e-01,2.123662394999999981e-01,4.681389707999999983e-01
4.100000000000000000e+06,5.000000000000000000e+02,1.000000000000000056e-01,8.000000000000000444e-01,2.128902266999999904e-01,4.683477315999999835e-01
4.300000000000000000e+06,5.000000000000000000e+02,1.000000000000000056e-01,8.000000000000000444e-01,2.134003671999999963e-01,4.685645717999999960e-01
4.500000000000000000e+06,5.000000000000000000e+02,1.000000000000000056e-01,8.000000000000000444e-01,2.138979159000000130e-01,4.687888319999999887e-01
4.700000000000000000e+06,5.000000000000000000e+02,1.000000000000000056e-01,8.000000000000000444e-01,2.143839593999999904e-01,4.690199220999999863e-01
4.900000000000000000e+06,5.000000000000000000e+02,1.000000000000000056e-01,8.000000000000000444e-01,2.148594447000000129e-01,4.692573125999999761e-01
5.100000000000000000e+06,5.000000000000000000e+02,1.000000000000000056e-01,8.000000000000000444e-01,2.153252019999999933e-01,4.695005266999999760e-01
5.300000000000000000e+06,5.000000000000000000e+02,1.000000000000000056e-01,8.000000000000000444e-01,2.157819635999999874e-01,4.697491341000000209e-01
5.500000000000000000e+06,5.000000000000000000e+02,1.000000000000000056e-01,8.000000000000000444e-01,2.162303784000000062e-01,4.700027449999999996e-01
5.700000000000000000e+06,5.000000000000000000e+02,1.000000000000000056e-01,8.000000000000000444e-01,2.166710240999999981e-01,4.702610054999999956e-01
5.900000000000000000e+06,5.000000000000000000e+02,1.000000000000000056e-01,8.000000000000000444e-01,2.171044175000000076e-01,4.705235937000000201e-01
6.100000000000000000e+06,5.000000000000000000e+02,1.000000000000000056e-01,8.000000000000000444e-01,2.175310226000000124e-01,4.707902153999999895e-01
6.300000000000000000e+06,5.000000000000000000e+02,1.000000000000000056e-01,8.000000000000000444e-01,2.179512576000000035e-01,4.710606017999999784e-01
6.500000000000000000e+06,5.000000000000000000e+02,1.000000000000000056e-01,8.000000000000000444e-01,2.183655009999999896e-01,4.713345063000000112e-01
6.700000000000000000e+06,5.000000000000000000e+02,1.000000000000000056e-01,8.000000000000000444e-01,2.187740960000000012e-01,4.716117021999999825e-01
6.900000000000000000e+06,5.000000000000000000e+02,1.000000000000000056e-01,8.000000000000000444e-01,2.191773553999999957e-01,4.718919807999999994e-01
7.100000000000000000e+06,5.000000000000000000e+02,1.000000000000000056e-01,8.000000000000000444e-01,2.195755642999999979e-01,4.721751495000000021e-01
7.300000000000000000e+06,5.000000000000000000e+02,1.000000000000000056e-01,8.000000000000000444e-01,2.199689841999999951e-01,4.724610302000000206e-01
7.500000000000000000e+06,5.000000000000000000e+02,1.000000000000000056e-01,8.000000000000000444e-01,2.203578546999999943e-01,4.727494580000000113e-01
7.700000000000000000e+06,5.000000000000000000e+02,1.000000000000000056e-01,8.000000000000000444e-01,2.207423966000000015e-01,4.730402797000000104e-01
7.900000000000000000e+06,5.000000000000000000e+02,1.000000000000000056e-01,8.000000000000000444e-01,2.211228132999999985e-01,4.733333531999999733e-01
8.100000000000000000e+06,5.000000000000000000e+02,1.000000000000000056e-01,8.000000000000000444e-01,2.214992929000000055e-01,4.736285458999999753e-01
8.300000000000000000e+06,5.000000000000000000e+02,1.000000000000000056e-01,8.000000000000000444e-01,2.218720094999999948e-01,4.739257344000000205e-01
8.500000000000000000e+06,5.000000000000000000e+02,1.000000000000000056e-01,8.000000000000000444e-01,2.222411246999999868e-01,4.742248032999999974e-01
8.700000000000000000e+06,5.000000000000000000e+02,1.000000000000000056e-01,8.000000000000000444e-01,2.226067887000000023e-01,4.745256447999999794e-01
8.900000000000000000e+06,5.000000000000000000e+02,1.000000000000000056e-01,8.000000000000000444e-01,2.229691416000000037e-01,4.748281578999999919e-01
9.100000000000000000e+06,5.000000000000000000e+02,1.000000000000000056e-01,8.000000000000000444e-01,2.233283138000000112e-01,4.751322479999999793e-01
9.300000000000000000e+06,5.000000000000000000e+02,1.000000000000000056e-01,8.000000000000000444e-01,2.236844272999999883e-01,4.754378262000000244e-01
9.500000000000000000e+06,5.000000000000000000e+02,1.000000000000000056e-01,8.000000000000000444e-01,2.240375964000000109e-01,4.757448088999999825e-01
9.700000000000000000e+06,5.000000000000000000e+02,1.000000000000000056e-01,8.000000000000000444e-01,2.243879279999999865e-01,4.760531175000000115e-01
9.900000000000000000e+06,5.000000000000000000e+02,1.000000000000000056e-01,8.000000000000000444e-01,2.247355225999999873e-01,4.763626779999999838e-01
1.000000000000000000e+06,5.000000000000000000e+02,1.000000000000000056e-01,8.000000000000000444e-01,2.009453555000000058e-01,4.666887919000000107e-01
3.000000000000000000e+06,5.000000000000000000e+02,1.000000000000000056e-01,8.000000000000000444e-01,2.097910763999999983e-01,4.673216652000000138e-01
5.000000000000000000e+06,5.000000000000000000e+02,1.000000000000000056e-01,8.000000000000000444e-01,2.150934915000000114e-01,4.693782195999999796e-01
7.000000000000000000e+06,5.000000000000000000e+02,1.000000000000000056e-01,8.000000000000000444e-01,2.193770743000000023e-01,4.720332152999999753e-01
9.000000000000000000e+06,5.000000000000000000e+02,1.000000000000000056e-01,8.000000000000000444e-01,2.231491174000000133e-01,4.749800115000000211e-01
1.100000000000000000e+07,5.000000000000000000e+02,1.000000000000000056e-01,8.000000000000000444e-01,2.266023225999999891e-01,4.780847060999999787e-01
1.300000000000000000e+07,5.000000000000000000e+02,1.000000000000000056e-01,8.000000000000000444e-01,2.298312693000000018e-01,4.812777293000000123e-01
1.500000000000000000e+07,5.000000000000000000e+02,1.000000000000000056e-01,8.000000000000000444e-01,2.328897362000000026e-01,4.845186866999999786e-01
1.700000000000000000e+07,5.000000000000000000e+02,1.000000000000000056e-01,8.000000000000000444e-01,2.358114339999999864e-01,4.877822941000000134e-01
1.900000000000000000e+07,5.000000000000000000e+02,1.000000000000000056e-01,8.000000000000000444e-01,2.386190307000000121e-01,4.910518627000000080e-01
2.100000000000000000e+07,5.000000000000000000e+02,1.000000000000000056e-01,8.000000000000000444e-01,2.413286052999999987e-01,4.943159457999999895e-01
2.300000000000000000e+07,5.000000000000000000e+02,1.000000000000000056e-01,8.000000000000000444e-01,2.439520547000000039e-01,4.975664691999999723e-01
2.500000000000000000e+07,5.000000000000000000e+02,1.000000000000000056e-01,8.000000000000000444e-01,2.464984889000000068e-01,5.007976223000000227e-01
2.700000000000000000e+07,5.000000000000000000e+02,1.000000000000000056e-01,8.000000000000000444e-01,2.489750863999999897e-01,5.040051656999999796e-01
2.900000000000000000e+07,5.000000000000000000e+02,1.000000000000000056e-01,8.000000000000000444e-01,2.513876415999999892e-01,5.071859827000000376e-01
3.100000000000000000e+07,5.000000000000000000e+02,1.000000000000000056e-01,8.000000000000000444e-01,2.537409293999999815e-01,5.103377762999999900e-01
3.300000000000000000e+07,5.000000000000000000e+02,1.000000000000000056e-01,8.000000000000000444e-01,2.560389557000000149e-01,5.134588607000000193e-01
3.500000000000000000e+07,5.000000000000000000e+02,1.000000000000000056e-01,8.000000000000000444e-01,2.582851333999999777e-01,5.165480126000000505e-01
3.700000000000000000e+07,5.000000000000000000e+02,1.000000000000000056e-01,8.000000000000000444e-01,2.604824108000000082e-01,5.196043635000000549e-01
3.900000000000000000e+07,5.000000000000000000e+02,1.000000000000000056e-01,8.000000000000000444e-01,2.626333648999999992e-01,5.226273209999999780e-01
4.100000000000000000e+07,5.000000000000000000e+02,1.000000000000000056e-01,8.000000000000000444e-01,2.647402724999999846e-01,5.256165083999999599e-01
4.300000000000000000e+07,5.000000000000000000e+02,1.000000000000000056e-01,8.000000000000000444e-01,2.668051640999999918e-01,5.285717197000000533e-01
4.500000000000000000e+07,5.000000000000000000e+02,1.000000000000000056e-01,8.000000000000000444e-01,2.688298653999999788e-01,5.314928847000000012e-01
4.700000000000000000e+07,5.000000000000000000e+02,1.000000000000000056e-01,8.000000000000000444e-01,2.708160306999999878e-01,5.343800413000000527e-01
4.900000000000000000e+07,5.000000000000000000e+02,1.000000000000000056e-01,8.000000000000000444e-01,2.727651685999999964e-01,5.372333145000000032e-01
5.100000000000000000e+07,5.000000000000000000e+02,1.000000000000000056e-01,8.000000000000000444e-01,2.746786630999999979e-01,5.400528988999999669e-01
5.300000000000000000e+07,5.000000000000000000e+02,1.000000000000000056e-01,8.000000000000000444e-01,2.765577906000000197e-01,5.428390451000000283e-01
5.500000000000000000e+07,5.000000000000000000e+02,1.000000000000000056e-01,8.000000000000000444e-01,2.784037340000000138e-01,5.455920485999999903e-01
5.700000000000000000e+07,5.000000000000000000e+02,1.000000000000000056e-01,8.000000000000000444e-01,2.802175941000000226e-01,5.483122407999999615e-01
5.900000000000000000e+07,5.000000000000000000e+02,1.000000000000000056e-01,8.000000000000000444e-01,2.820003994999999986e-01,5.509999818999999910e-01
6.100000000000000000e+07,5.000000000000000000e+02,1.000000000000000056e-01,8.000000000000000444e-01,2.837531142999999978e-01,5.536556543999999747e-01
6.300000000000000000e+07,5.000000000000000000e+02,1.000000000000000056e-01,8.000000000000000444e-01,2.854766455000000147e-01,5.562796586999999571e-01
6.500000000000000000e+07,5.000000000000000000e+02,1.000000000000000056e-01,8.000000000000000444e-01,2.871718483999999849e-01,5.588724082999999565e-01
6.700000000000000000e+07,5.000000000000000000e+02,1.000000000000000056e-01,8.000000000000000444e-01,2.888395317999999934e-01,5.614343269999999553e-01
6.900000000000000000e+07,5.000000000000000000e+02,1.000000000000000056e-01,8.000000000000000444e-01,2.904804623999999724e-01,5.639658456999999681e-01
7.100000000000000000e+07,5.000000000000000000e+02,1.000000000000000056e-01,8.000000000000000444e-01,2.920953682999999912e-01,5.664673999999999543e-01
7.300000000000000000e+07,5.000000000000000000e+02,1.000000000000000056e-01,8.000000000000000444e-01,2.936849428000000151e-01,5.689394287000000272e-01
7.500000000000000000e+07,5.000000000000000000e+02,1.000000000000000056e-01,8.000000000000000444e-01,2.952498465999999766e-01,5.713823714000000331e-01
7.700000000000000000e+07,5.000000000000000000e+02,1.000000000000000056e-01,8.000000000000000444e-01,2.967907109999999848e-01,5.737966675000000238e-01
7.900000000000000000e+07,5.000000000000000000e+02,1.000000000000000056e-01,8.000000000000000444e-01,2.983081396000000218e-01,5.761827553999999685e-01
8.100000000000000000e+07,5.000000000000000000e+02,1.000000000000000056e-01,8.000000000000000444e-01,2.998027106000000219e-01,5.785410707000000485e-01
8.300000000000000000e+07,5.000000000000000000e+02,1.000000000000000056e-01,8.000000000000000444e-01,3.012749786000000207e-01,5.808720461999999918e-01
8.500000000000000000e+07,5.000000000000000000e+02,1.000000000000000056e-01,8.000000000000000444e-01,3.027254762000000099e-01,5.831761104999999556e-01
8.700000000000000000e+07,5.000000000000000000e+02,1.000000000000000056e-01,8.000000000000000444e-01,3.041547150000000199e-01,5.854536881999999887e-01
8.900000000000000000e+07,5.000000000000000000e+02,1.000000000000000056e-01,8.000000000000000444e-01,3.055631878000000246e-01,5.877051988000000504e-01
9.100000000000000000e+07,5.000000000000000000e+02,1.000000000000000056e-01,8.000000000000000444e-01,3.069513688000000129e-01,5.899310567000000116e-01
9.300000000000000000e+07,5.000000000000000000e+02,1.000000000000000056e-01,8.000000000000000444e-01,3.083197153000000190e-01,5.921316706999999457e-01
9.500000000000000000e+07,5.000000000000000000e+02,1.000000000000000056e-01,8.000000000000000444e-01,3.096686685000000216e-01,5.943074439000000098e-01
9.700000000000000000e+07,5.000000000000000000e+02,1.000000000000000056e-01,8.000000000000000444e-01,3.109986545000000269e-01,5.964587734999999835e-01
9.900000000000000000e+07,5.000000000000000000e+02,1.000000000000000056e-01,8.000000000000000444e-01,3.123100847999999985e-01,5.985860504000000137e-01
1.000000000000000000e+07,5.000000000000000000e+02,1.000000000000000056e-01,8.000000000000000444e-01,2.249083232000000099e-01,4.765179057999999745e-01
3.000000000000000000e+07,5.000000000000000000e+02,1.000000000000000056e-01,8.000000000000000444e-01,2.525714278999999785e-01,5.087656251000000074e-01
5.000000000000000000e+07,5.000000000000000000e+02,1.000000000000000056e-01,8.000000000000000444e-01,2.737262891999999725e-01,5.386473033999999993e-01
7.000000000000000000e+07,5.000000000000000000e+02,1.000000000000000056e-01,8.000000000000000444e-01,2.912911242999999817e-01,5.652203409999999595e-01
9.000000000000000000e+07,5.000000000000000000e+02,1.000000000000000056e-01,8.000000000000000444e-01,3.062597858000000173e-01,5.888213087000000456e-01
1.000000000000000000e+08,5.000000000000000000e+02,1.000000000000000056e-01,8.000000000000000444e-01,3.129589664999999910e-01,5.996407896000000015e-01
