     Pressure (Pa)     C7-500 (mol/kg)        3mC6-500 (mol/kg)
    0.1000000000E+01    0.2062310630E-03    0.1483750489E-04
    0.3000000000E+01    0.6182936975E-03    0.4448323800E-04
    0.5000000000E+01    0.1029824537E-02    0.7408999894E-04
    0.7000000000E+01    0.1440824611E-02    0.1036578637E-03
    0.9000000000E+01    0.1851294946E-02    0.1331869079E-03
    0.1100000000E+02    0.2261236568E-02    0.1626772072E-03
    0.1300000000E+02    0.2670650497E-02    0.1921288368E-03
    0.1500000000E+02    0.3079537754E-02    0.2215418720E-03
    0.1700000000E+02    0.3487899354E-02    0.2509163877E-03
    0.1900000000E+02    0.3895736311E-02    0.2802524586E-03
    0.2100000000E+02    0.4303049637E-02    0.3095501593E-03
    0.2300000000E+02    0.4709840340E-02    0.3388095643E-03
    0.2500000000E+02    0.5116109427E-02    0.3680307476E-03
    0.2700000000E+02    0.5521857901E-02    0.3972137832E-03
    0.2900000000E+02    0.5927086762E-02    0.4263587451E-03
    0.3100000000E+02    0.6331797011E-02    0.4554657067E-03
    0.3300000000E+02    0.6735989641E-02    0.4845347415E-03
    0.3500000000E+02    0.7139665647E-02    0.5135659228E-03
    0.3700000000E+02    0.7542826019E-02    0.5425593235E-03
    0.3900000000E+02    0.7945471746E-02    0.5715150166E-03
    0.4100000000E+02    0.8347603813E-02    0.6004330747E-03
    0.4300000000E+02    0.8749223203E-02    0.6293135704E-03
    0.4500000000E+02    0.9150330897E-02    0.6581565758E-03
    0.4700000000E+02    0.9550927874E-02    0.6869621632E-03
    0.4900000000E+02    0.9951015108E-02    0.7157304044E-03
    0.5100000000E+02    0.1035059357E-01    0.7444613712E-03
    0.5300000000E+02    0.1074966424E-01    0.7731551352E-03
    0.5500000000E+02    0.1114822808E-01    0.8018117678E-03
    0.5700000000E+02    0.1154628605E-01    0.8304313401E-03
    0.5900000000E+02    0.1194383912E-01    0.8590139232E-03
    0.6100000000E+02    0.1234088825E-01    0.8875595879E-03
    0.6300000000E+02    0.1273743440E-01    0.9160684049E-03
    0.6500000000E+02    0.1313347853E-01    0.9445404446E-03
    0.6700000000E+02    0.1352902158E-01    0.9729757774E-03
    0.6900000000E+02    0.1392406451E-01    0.1001374473E-02
    0.7100000000E+02    0.1431860828E-01    0.1029736602E-02
    0.7300000000E+02    0.1471265381E-01    0.1058062234E-02
    0.7500000000E+02    0.1510620206E-01    0.1086351439E-02
    0.7700000000E+02    0.1549925398E-01    0.1114604285E-02
    0.7900000000E+02    0.1589181049E-01    0.1142820843E-02
    0.8100000000E+02    0.1628387254E-01    0.1171001180E-02
    0.8300000000E+02    0.1667544106E-01    0.1199145367E-02
    0.8500000000E+02    0.1706651698E-01    0.1227253471E-02
    0.8700000000E+02    0.1745710123E-01    0.1255325562E-02
    0.8900000000E+02    0.1784719475E-01    0.1283361708E-02
    0.9100000000E+02    0.1823679845E-01    0.1311361976E-02
    0.9300000000E+02    0.1862591326E-01    0.1339326435E-02
    0.9500000000E+02    0.1901454009E-01    0.1367255154E-02
    0.9700000000E+02    0.1940267987E-01    0.1395148198E-02
    0.9900000000E+02    0.1979033352E-01    0.1423005637E-02
    0.1000000000E+02    0.2056331783E-02    0.1479368959E-03
    0.3000000000E+02    0.6129506651E-02    0.4409169713E-03
    0.5000000000E+02    0.1015086788E-01    0.7301005426E-03
    0.7000000000E+02    0.1412139873E-01    0.1015560104E-02
    0.9000000000E+02    0.1804205777E-01    0.1297366322E-02
    0.1100000000E+03    0.2191377957E-01    0.1575588091E-02
    0.1300000000E+03    0.2573747552E-01    0.1850292587E-02
    0.1500000000E+03    0.2951403450E-01    0.2121545326E-02
    0.1700000000E+03    0.3324432359E-01    0.2389410209E-02
    0.1900000000E+03    0.3692918872E-01    0.2653949576E-02
    0.2100000000E+03    0.4056945533E-01    0.2915224250E-02
    0.2300000000E+03    0.4416592897E-01    0.3173293584E-02
    0.2500000000E+03    0.4771939590E-01    0.3428215506E-02
    0.2700000000E+03    0.5123062367E-01    0.3680046560E-02
    0.2900000000E+03    0.5470036167E-01    0.3928841949E-02
    0.3100000000E+03    0.5812934165E-01    0.4174655572E-02
    0.3300000000E+03    0.6151827828E-01    0.4417540064E-02
    0.3500000000E+03    0.6486786958E-01    0.4657546831E-02
    0.3700000000E+03    0.6817879745E-01    0.4894726089E-02
    0.3900000000E+03    0.7145172813E-01    0.5129126895E-02
    0.4100000000E+03    0.7468731263E-01    0.5360797180E-02
    0.4300000000E+03    0.7788618715E-01    0.5589783785E-02
    0.4500000000E+03    0.8104897354E-01    0.5816132485E-02
    0.4700000000E+03    0.8417627969E-01    0.6039888029E-02
    0.4900000000E+03    0.8726869987E-01    0.6261094157E-02
    0.5100000000E+03    0.9032681520E-01    0.6479793637E-02
    0.5300000000E+03    0.9335119391E-01    0.6696028290E-02
    0.5500000000E+03    0.9634239179E-01    0.6909839011E-02
    0.5700000000E+03    0.9930095246E-01    0.7121265801E-02
    0.5900000000E+03    0.1022274077E+00    0.7330347788E-02
    0.6100000000E+03    0.1051222779E+00    0.7537123252E-02
    0.6300000000E+03    0.1079860722E+00    0.7741629646E-02
    0.6500000000E+03    0.1108192887E+00    0.7943903619E-02
    0.6700000000E+03    0.1136224152E+00    0.8143981038E-02
    0.6900000000E+03    0.1163959290E+00    0.8341897009E-02
    0.7100000000E+03    0.1191402973E+00    0.8537685896E-02
    0.7300000000E+03    0.1218559777E+00    0.8731381341E-02
    0.7500000000E+03    0.1245434182E+00    0.8923016281E-02
    0.7700000000E+03    0.1272030574E+00    0.9112622972E-02
    0.7900000000E+03    0.1298353250E+00    0.9300232998E-02
    0.8100000000E+03    0.1324406418E+00    0.9485877296E-02
    0.8300000000E+03    0.1350194201E+00    0.9669586169E-02
    0.8500000000E+03    0.1375720638E+00    0.9851389301E-02
    0.8700000000E+03    0.1400989685E+00    0.1003131578E-01
    0.8900000000E+03    0.1426005222E+00    0.1020939409E-01
    0.9100000000E+03    0.1450771048E+00    0.1038565217E-01
    0.9300000000E+03    0.1475290888E+00    0.1056011738E-01
    0.9500000000E+03    0.1499568392E+00    0.1073281654E-01
    0.9700000000E+03    0.1523607141E+00    0.1090377595E-01
    0.9900000000E+03    0.1547410642E+00    0.1107302138E-01
    0.1000000000E+03    0.1998397833E-01    0.1436921025E-02
    0.3000000000E+03    0.5641990135E-01    0.4052118162E-02
    0.5000000000E+03    0.8880200983E-01    0.6370754592E-02
    0.7000000000E+03    0.1177717275E+00    0.8440055219E-02
    0.9000000000E+03    0.1438419114E+00    0.1029774894E-01
    0.1100000000E+04    0.1674275294E+00    0.1197433882E-01
    0.1300000000E+04    0.1888679535E+00    0.1349475109E-01
    0.1500000000E+04    0.2084434255E+00    0.1487955244E-01
    0.1700000000E+04    0.2263873994E+00    0.1614586207E-01
    0.1900000000E+04    0.2428959148E+00    0.1730804400E-01
    0.2100000000E+04    0.2581348044E+00    0.1837823921E-01
    0.2300000000E+04    0.2722452970E+00    0.1936677903E-01
    0.2500000000E+04    0.2853484175E+00    0.2028250967E-01
    0.2700000000E+04    0.2975484758E+00    0.2113304944E-01
    0.2900000000E+04    0.3089358562E+00    0.2192499425E-01
    0.3100000000E+04    0.3195892669E+00    0.2266408331E-01
    0.3300000000E+04    0.3295775661E+00    0.2335533353E-01
    0.3500000000E+04    0.3389612571E+00    0.2400314954E-01
    0.3700000000E+04    0.3477937177E+00    0.2461141408E-01
    0.3900000000E+04    0.3561222197E+00    0.2518356297E-01
    0.4100000000E+04    0.3639887777E+00    0.2572264744E-01
    0.4300000000E+04    0.3714308602E+00    0.2623138638E-01
    0.4500000000E+04    0.3784819888E+00    0.2671221030E-01
    0.4700000000E+04    0.3851722440E+00    0.2716729844E-01
    0.4900000000E+04    0.3915286964E+00    0.2759861040E-01
    0.5100000000E+04    0.3975757737E+00    0.2800791302E-01
    0.5300000000E+04    0.4033355757E+00    0.2839680348E-01
    0.5500000000E+04    0.4088281451E+00    0.2876672911E-01
    0.5700000000E+04    0.4140717018E+00    0.2911900454E-01
    0.5900000000E+04    0.4190828451E+00    0.2945482650E-01
    0.6100000000E+04    0.4238767303E+00    0.2977528673E-01
    0.6300000000E+04    0.4284672223E+00    0.3008138320E-01
    0.6500000000E+04    0.4328670301E+00    0.3037402993E-01
    0.6700000000E+04    0.4370878250E+00    0.3065406564E-01
    0.6900000000E+04    0.4411403442E+00    0.3092226128E-01
    0.7100000000E+04    0.4450344824E+00    0.3117932674E-01
    0.7300000000E+04    0.4487793731E+00    0.3142591676E-01
    0.7500000000E+04    0.4523834604E+00    0.3166263617E-01
    0.7700000000E+04    0.4558545626E+00    0.3189004453E-01
    0.7900000000E+04    0.4591999294E+00    0.3210866025E-01
    0.8100000000E+04    0.4624262925E+00    0.3231896434E-01
    0.8300000000E+04    0.4655399113E+00    0.3252140368E-01
    0.8500000000E+04    0.4685466134E+00    0.3271639398E-01
    0.8700000000E+04    0.4714518313E+00    0.3290432247E-01
    0.8900000000E+04    0.4742606353E+00    0.3308555024E-01
    0.9100000000E+04    0.4769777631E+00    0.3326041444E-01
    0.9300000000E+04    0.4796076471E+00    0.3342923022E-01
    0.9500000000E+04    0.4821544379E+00    0.3359229246E-01
    0.9700000000E+04    0.4846220270E+00    0.3374987741E-01
    0.9900000000E+04    0.4870140662E+00    0.3390224409E-01
    0.1000000000E+04    0.1559225252E+00    0.1115700927E-01
    0.3000000000E+04    0.3143497922E+00    0.2230081666E-01
    0.5000000000E+04    0.3945894745E+00    0.2780590932E-01
    0.7000000000E+04    0.4431066231E+00    0.3105214313E-01
    0.9000000000E+04    0.4756303748E+00    0.3317375759E-01
    0.1100000000E+05    0.4989633513E+00    0.3465714708E-01
    0.1300000000E+05    0.5165279156E+00    0.3574496463E-01
    0.1500000000E+05    0.5302340593E+00    0.3657150302E-01
    0.1700000000E+05    0.5412318611E+00    0.3721695102E-01
    0.1900000000E+05    0.5502553114E+00    0.3773205881E-01
    0.2100000000E+05    0.5577949288E+00    0.3815045870E-01
    0.2300000000E+05    0.5641910151E+00    0.3849528780E-01
    0.2500000000E+05    0.5696870912E+00    0.3878296375E-01
    0.2700000000E+05    0.5744620327E+00    0.3902544413E-01
    0.2900000000E+05    0.5786501966E+00    0.3923163430E-01
    0.3100000000E+05    0.5823544669E+00    0.3940829545E-01
    0.3300000000E+05    0.5856549655E+00    0.3956064781E-01
    0.3500000000E+05    0.5886150215E+00    0.3969278201E-01
    0.3700000000E+05    0.5912853541E+00    0.3980794580E-01
    0.3900000000E+05    0.5937070652E+00    0.3990874821E-01
    0.4100000000E+05    0.5959138170E+00    0.3999730730E-01
    0.4300000000E+05    0.5979334441E+00    0.4007535905E-01
    0.4500000000E+05    0.5997891631E+00    0.4014433862E-01
    0.4700000000E+05    0.6015004936E+00    0.4020544186E-01
    0.4900000000E+05    0.6030839658E+00    0.4025967242E-01
    0.5100000000E+05    0.6045536730E+00    0.4030787826E-01
    0.5300000000E+05    0.6059217049E+00    0.4035078018E-01
    0.5500000000E+05    0.6071984916E+00    0.4038899436E-01
    0.5700000000E+05    0.6083930797E+00    0.4042305032E-01
    0.5900000000E+05    0.6095133543E+00    0.4045340533E-01
    0.6100000000E+05    0.6105662199E+00    0.4048045605E-01
    0.6300000000E+05    0.6115577486E+00    0.4050454803E-01
    0.6500000000E+05    0.6124933018E+00    0.4052598350E-01
    0.6700000000E+05    0.6133776316E+00    0.4054502779E-01
    0.6900000000E+05    0.6142149648E+00    0.4056191463E-01
    0.7100000000E+05    0.6150090740E+00    0.4057685061E-01
    0.7300000000E+05    0.6157633369E+00    0.4059001891E-01
    0.7500000000E+05    0.6164807867E+00    0.4060158238E-01
    0.7700000000E+05    0.6171641550E+00    0.4061168627E-01
    0.7900000000E+05    0.6178159087E+00    0.4062046039E-01
    0.8100000000E+05    0.6184382810E+00    0.4062802111E-01
    0.8300000000E+05    0.6190332988E+00    0.4063447297E-01
    0.8500000000E+05    0.6196028057E+00    0.4063991008E-01
    0.8700000000E+05    0.6201484826E+00    0.4064441735E-01
    0.8900000000E+05    0.6206718651E+00    0.4064807156E-01
    0.9100000000E+05    0.6211743591E+00    0.4065094226E-01
    0.9300000000E+05    0.6216572539E+00    0.4065309257E-01
    0.9500000000E+05    0.6221217345E+00    0.4065457985E-01
    0.9700000000E+05    0.6225688917E+00    0.4065545636E-01
    0.9900000000E+05    0.6229997312E+00    0.4065576975E-01
    0.1000000000E+05    0.4881828349E+00    0.3397654714E-01
    0.3000000000E+05    0.5805573579E+00    0.3932329918E-01
    0.5000000000E+05    0.6038322419E+00    0.4028448069E-01
    0.7000000000E+05    0.6146172027E+00    0.4056961452E-01
    0.9000000000E+05    0.6209256400E+00    0.4064960077E-01
    0.1100000000E+06    0.6251159002E+00    0.4064919908E-01
    0.1300000000E+06    0.6281339175E+00    0.4061322292E-01
    0.1500000000E+06    0.6304337218E+00    0.4056076180E-01
    0.1700000000E+06    0.6322607717E+00    0.4050086191E-01
    0.1900000000E+06    0.6337595669E+00    0.4043811475E-01
    0.2100000000E+06    0.6350208151E+00    0.4037495041E-01
    0.2300000000E+06    0.6361043895E+00    0.4031267944E-01
    0.2500000000E+06    0.6370514406E+00    0.4025200403E-01
    0.2700000000E+06    0.6378912067E+00    0.4019328402E-01
    0.2900000000E+06    0.6386450485E+00    0.4013668212E-01
    0.3100000000E+06    0.6393289451E+00    0.4008224611E-01
    0.3300000000E+06    0.6399550960E+00    0.4002995672E-01
    0.3500000000E+06    0.6405329811E+00    0.3997975619E-01
    0.3700000000E+06    0.6410700826E+00    0.3993156558E-01
    0.3900000000E+06    0.6415723879E+00    0.3988529534E-01
    0.4100000000E+06    0.6420447471E+00    0.3984085181E-01
    0.4300000000E+06    0.6424911327E+00    0.3979814117E-01
    0.4500000000E+06    0.6429148305E+00    0.3975707183E-01
    0.4700000000E+06    0.6433185834E+00    0.3971755578E-01
    0.4900000000E+06    0.6437046994E+00    0.3967950935E-01
    0.5100000000E+06    0.6440751356E+00    0.3964285352E-01
    0.5300000000E+06    0.6444315625E+00    0.3960751401E-01
    0.5500000000E+06    0.6447754157E+00    0.3957342124E-01
    0.5700000000E+06    0.6451079354E+00    0.3954051010E-01
    0.5900000000E+06    0.6454301997E+00    0.3950871974E-01
    0.6100000000E+06    0.6457431497E+00    0.3947799336E-01
    0.6300000000E+06    0.6460476113E+00    0.3944827791E-01
    0.6500000000E+06    0.6463443124E+00    0.3941952384E-01
    0.6700000000E+06    0.6466338971E+00    0.3939168486E-01
    0.6900000000E+06    0.6469169375E+00    0.3936471770E-01
    0.7100000000E+06    0.6471939438E+00    0.3933858186E-01
    0.7300000000E+06    0.6474653724E+00    0.3931323944E-01
    0.7500000000E+06    0.6477316328E+00    0.3928865492E-01
    0.7700000000E+06    0.6479930938E+00    0.3926479498E-01
    0.7900000000E+06    0.6482500884E+00    0.3924162835E-01
    0.8100000000E+06    0.6485029181E+00    0.3921912565E-01
    0.8300000000E+06    0.6487518563E+00    0.3919725924E-01
    0.8500000000E+06    0.6489971520E+00    0.3917600310E-01
    0.8700000000E+06    0.6492390325E+00    0.3915533271E-01
    0.8900000000E+06    0.6494777051E+00    0.3913522495E-01
    0.9100000000E+06    0.6497133600E+00    0.3911565799E-01
    0.9300000000E+06    0.6499461718E+00    0.3909661121E-01
    0.9500000000E+06    0.6501763011E+00    0.3907806510E-01
    0.9700000000E+06    0.6504038957E+00    0.3906000119E-01
    0.9900000000E+06    0.6506290923E+00    0.3904240200E-01
    0.1000000000E+06    0.6232093249E+00    0.4065572904E-01
    0.3000000000E+06    0.6389949034E+00    0.4010919342E-01
    0.5000000000E+06    0.6438917670E+00    0.3966101236E-01
    0.7000000000E+06    0.6470561653E+00    0.3935154829E-01
    0.9000000000E+06    0.6495958985E+00    0.3912537518E-01
    0.1100000000E+07    0.6518300100E+00    0.3895321283E-01
    0.1300000000E+07    0.6538870555E+00    0.3881861276E-01
    0.1500000000E+07    0.6558296303E+00    0.3871153911E-01
    0.1700000000E+07    0.6576922192E+00    0.3862544918E-01
    0.1900000000E+07    0.6594955583E+00    0.3855585124E-01
    0.2100000000E+07    0.6612529607E+00    0.3849953276E-01
    0.2300000000E+07    0.6629734208E+00    0.3845411896E-01
    0.2500000000E+07    0.6646632693E+00    0.3841780595E-01
    0.2700000000E+07    0.6663271140E+00    0.3838919205E-01
    0.2900000000E+07    0.6679684044E+00    0.3836716695E-01
    0.3100000000E+07    0.6695897855E+00    0.3835083652E-01
    0.3300000000E+07    0.6711933279E+00    0.3833947030E-01
    0.3500000000E+07    0.6727806816E+00    0.3833246405E-01
    0.3700000000E+07    0.6743531829E+00    0.3832931238E-01
    0.3900000000E+07    0.6759119294E+00    0.3832958842E-01
    0.4100000000E+07    0.6774578341E+00    0.3833292842E-01
    0.4300000000E+07    0.6789916652E+00    0.3833901998E-01
    0.4500000000E+07    0.6805140760E+00    0.3834759287E-01
    0.4700000000E+07    0.6820256272E+00    0.3835841185E-01
    0.4900000000E+07    0.6835268045E+00    0.3837127085E-01
    0.5100000000E+07    0.6850180320E+00    0.3838598848E-01
    0.5300000000E+07    0.6864996826E+00    0.3840240418E-01
    0.5500000000E+07    0.6879720867E+00    0.3842037525E-01
    0.5700000000E+07    0.6894355391E+00    0.3843977428E-01
    0.5900000000E+07    0.6908903039E+00    0.3846048709E-01
    0.6100000000E+07    0.6923366195E+00    0.3848241096E-01
    0.6300000000E+07    0.6937747023E+00    0.3850545319E-01
    0.6500000000E+07    0.6952047494E+00    0.3852952985E-01
    0.6700000000E+07    0.6966269413E+00    0.3855456470E-01
    0.6900000000E+07    0.6980414441E+00    0.3858048835E-01
    0.7100000000E+07    0.6994484113E+00    0.3860723741E-01
    0.7300000000E+07    0.7008479851E+00    0.3863475389E-01
    0.7500000000E+07    0.7022402980E+00    0.3866298456E-01
    0.7700000000E+07    0.7036254739E+00    0.3869188052E-01
    0.7900000000E+07    0.7050036285E+00    0.3872139670E-01
    0.8100000000E+07    0.7063748711E+00    0.3875149149E-01
    0.8300000000E+07    0.7077393044E+00    0.3878212643E-01
    0.8500000000E+07    0.7090970256E+00    0.3881326589E-01
    0.8700000000E+07    0.7104481268E+00    0.3884487680E-01
    0.8900000000E+07    0.7117926958E+00    0.3887692843E-01
    0.9100000000E+07    0.7131308158E+00    0.3890939219E-01
    0.9300000000E+07    0.7144625665E+00    0.3894224141E-01
    0.9500000000E+07    0.7157880241E+00    0.3897545123E-01
    0.9700000000E+07    0.7171072616E+00    0.3900899838E-01
    0.9900000000E+07    0.7184203492E+00    0.3904286112E-01
    0.1000000000E+07    0.6507408311E+00    0.3903377146E-01
    0.3000000000E+07    0.6687814428E+00    0.3835833889E-01
    0.5000000000E+07    0.6842736376E+00    0.3837840782E-01
    0.7000000000E+07    0.6987458605E+00    0.3859376345E-01
    0.9000000000E+07    0.7124625568E+00    0.3889311051E-01
    0.1100000000E+08    0.7255352961E+00    0.3923389714E-01
    0.1300000000E+08    0.7380315399E+00    0.3959571995E-01
    0.1500000000E+08    0.7500002979E+00    0.3996748176E-01
    0.1700000000E+08    0.7614808494E+00    0.4034265810E-01
    0.1900000000E+08    0.7725064443E+00    0.4071721728E-01
    0.2100000000E+08    0.7831061434E+00    0.4108859022E-01
    0.2300000000E+08    0.7933058527E+00    0.4145511394E-01
    0.2500000000E+08    0.8031289639E+00    0.4181571021E-01
    0.2700000000E+08    0.8125967853E+00    0.4216969025E-01
    0.2900000000E+08    0.8217288503E+00    0.4251663088E-01
    0.3100000000E+08    0.8305431502E+00    0.4285629334E-01
    0.3300000000E+08    0.8390563177E+00    0.4318856863E-01
    0.3500000000E+08    0.8472837753E+00    0.4351343971E-01
    0.3700000000E+08    0.8552398596E+00    0.4383095500E-01
    0.3900000000E+08    0.8629379256E+00    0.4414120944E-01
    0.4100000000E+08    0.8703904377E+00    0.4444433074E-01
    0.4300000000E+08    0.8776090480E+00    0.4474046938E-01
    0.4500000000E+08    0.8846046661E+00    0.4502979120E-01
    0.4700000000E+08    0.8913875200E+00    0.4531247193E-01
    0.4900000000E+08    0.8979672111E+00    0.4558869306E-01
    0.5100000000E+08    0.9043527633E+00    0.4585863883E-01
    0.5300000000E+08    0.9105526672E+00    0.4612249392E-01
    0.5500000000E+08    0.9165749198E+00    0.4638044179E-01
    0.5700000000E+08    0.9224270610E+00    0.4663266340E-01
    0.5900000000E+08    0.9281162062E+00    0.4687933630E-01
    0.6100000000E+08    0.9336490767E+00    0.4712063399E-01
    0.6300000000E+08    0.9390320265E+00    0.4735672546E-01
    0.6500000000E+08    0.9442710679E+00    0.4758777485E-01
    0.6700000000E+08    0.9493718942E+00    0.4781394131E-01
    0.6900000000E+08    0.9543399008E+00    0.4803537888E-01
    0.7100000000E+08    0.9591802049E+00    0.4825223645E-01
    0.7300000000E+08    0.9638976629E+00    0.4846465778E-01
    0.7500000000E+08    0.9684968874E+00    0.4867278161E-01
    0.7700000000E+08    0.9729822621E+00    0.4887674168E-01
    0.7900000000E+08    0.9773579562E+00    0.4907666689E-01
    0.8100000000E+08    0.9816279370E+00    0.4927268141E-01
    0.8300000000E+08    0.9857959825E+00    0.4946490484E-01
    0.8500000000E+08    0.9898656925E+00    0.4965345235E-01
    0.8700000000E+08    0.9938404988E+00    0.4983843479E-01
    0.8900000000E+08    0.9977236752E+00    0.5001995891E-01
    0.9100000000E+08    0.1001518346E+01    0.5019812746E-01
    0.9300000000E+08    0.1005227496E+01    0.5037303939E-01
    0.9500000000E+08    0.1008853976E+01    0.5054478992E-01
    0.9700000000E+08    0.1012400511E+01    0.5071347079E-01
    0.9900000000E+08    0.1015869710E+01    0.5087917030E-01
    0.1000000000E+08    0.7190746079E+00    0.3905990442E-01
    0.3000000000E+08    0.8261746514E+00    0.4268738123E-01
    0.5000000000E+08    0.9011837119E+00    0.4572443881E-01
    0.7000000000E+08    0.9567757062E+00    0.4814437106E-01
    0.9000000000E+08    0.9996318842E+00    0.5010945636E-01
    0.1100000000E+09    0.1033674236E+01    0.5174087502E-01
    0.1300000000E+09    0.1061362655E+01    0.5312215518E-01
    0.1500000000E+09    0.1084319313E+01    0.5431138442E-01
    0.1700000000E+09    0.1103657569E+01    0.5534989300E-01
    0.1900000000E+09    0.1120167029E+01    0.5626780704E-01
    0.2100000000E+09    0.1134423266E+01    0.5708758558E-01
    0.2300000000E+09    0.1146855738E+01    0.5782631439E-01
    0.2500000000E+09    0.1157791381E+01    0.5849722813E-01
    0.2700000000E+09    0.1167483472E+01    0.5911074430E-01
    0.2900000000E+09    0.1176131263E+01    0.5967518124E-01
    0.3100000000E+09    0.1183893648E+01    0.6019726680E-01
    0.3300000000E+09    0.1190898889E+01    0.6068250563E-01
    0.3500000000E+09    0.1197251653E+01    0.6113544865E-01
    0.3700000000E+09    0.1203038194E+01    0.6155989405E-01
    0.3900000000E+09    0.1208330233E+01    0.6195903917E-01
    0.4100000000E+09    0.1213187892E+01    0.6233559680E-01
    0.4300000000E+09    0.1217661944E+01    0.6269188525E-01
    0.4500000000E+09    0.1221795565E+01    0.6302989892E-01
    0.4700000000E+09    0.1225625699E+01    0.6335136414E-01
    0.4900000000E+09    0.1229184145E+01    0.6365778363E-01
    0.5100000000E+09    0.1232498419E+01    0.6395047245E-01
    0.5300000000E+09    0.1235592453E+01    0.6423058704E-01
    0.5500000000E+09    0.1238487161E+01    0.6449914903E-01
    0.5700000000E+09    0.1241200895E+01    0.6475706483E-01
    0.5900000000E+09    0.1243749829E+01    0.6500514186E-01
    0.6100000000E+09    0.1246148274E+01    0.6524410204E-01
    0.6300000000E+09    0.1248408932E+01    0.6547459317E-01
    0.6500000000E+09    0.1250543123E+01    0.6569719845E-01
    0.6700000000E+09    0.1252560963E+01    0.6591244459E-01
    0.6900000000E+09    0.1254471520E+01    0.6612080872E-01
    0.7100000000E+09    0.1256282951E+01    0.6632272422E-01
    0.7300000000E+09    0.1258002605E+01    0.6651858583E-01
    0.7500000000E+09    0.1259637128E+01    0.6670875400E-01
    0.7700000000E+09    0.1261192543E+01    0.6689355864E-01
    0.7900000000E+09    0.1262674317E+01    0.6707330242E-01
    0.8100000000E+09    0.1264087431E+01    0.6724826361E-01
    0.8300000000E+09    0.1265436425E+01    0.6741869860E-01
    0.8500000000E+09    0.1266725452E+01    0.6758484406E-01
    0.8700000000E+09    0.1267958315E+01    0.6774691891E-01
    0.8900000000E+09    0.1269138503E+01    0.6790512597E-01
    0.9100000000E+09    0.1270269225E+01    0.6805965353E-01
    0.9300000000E+09    0.1271353435E+01    0.6821067661E-01
    0.9500000000E+09    0.1272393856E+01    0.6835835824E-01
    0.9700000000E+09    0.1273393007E+01    0.6850285042E-01
    0.9900000000E+09    0.1274353217E+01    0.6864429516E-01
    0.1000000000E+09    0.1017576091E+01    0.5096092876E-01
