# pressure,temperature,f1,f2,molkg1,molkg2
1.000000000000000000e+00,5.000000000000000000e+02,9.000000000000000222e-01,0.000000000000000000e+00,2.206167294000000107e-04,8.478474480000000824e-06
3.000000000000000000e+00,5.000000000000000000e+02,9.000000000000000222e-01,0.000000000000000000e+00,6.614075719000000455e-04,2.541809662000000150e-05
5.000000000000000000e+00,5.000000000000000000e+02,9.000000000000000222e-01,0.000000000000000000e+00,1.101609246000000023e-03,4.233465519999999986e-05
7.000000000000000000e+00,5.000000000000000000e+02,9.000000000000000222e-01,0.000000000000000000e+00,1.541222932000000040e-03,5.922819673999999947e-05
9.000000000000000000e+00,5.000000000000000000e+02,9.000000000000000222e-01,0.000000000000000000e+00,1.980249808000000139e-03,7.609876761999999622e-05
1.100000000000000000e+01,5.000000000000000000e+02,9.000000000000000222e-01,0.000000000000000000e+00,2.418691049999999957e-03,9.294641413000000109e-05
1.300000000000000000e+01,5.000000000000000000e+02,9.000000000000000222e-01,0.000000000000000000e+00,2.856547827999999806e-03,1.097711824000000008e-04
1.500000000000000000e+01,5.000000000000000000e+02,9.000000000000000222e-01,0.000000000000000000e+00,3.293821310999999787e-03,1.265731185000000102e-04
1.700000000000000000e+01,5.000000000000000000e+02,9.000000000000000222e-01,0.000000000000000000e+00,3.730512665000000009e-03,1.433522681999999885e-04
1.900000000000000000e+01,5.000000000000000000e+02,9.000000000000000222e-01,0.000000000000000000e+00,4.166623050999999738e-03,1.601086775000000093e-04
2.100000000000000000e+01,5.000000000000000000e+02,9.000000000000000222e-01,0.000000000000000000e+00,4.602153630000000405e-03,1.768423917999999942e-04
2.300000000000000000e+01,5.000000000000000000e+02,9.000000000000000222e-01,0.000000000000000000e+00,5.037105555999999568e-03,1.935534568999999934e-04
2.500000000000000000e+01,5.000000000000000000e+02,9.000000000000000222e-01,0.000000000000000000e+00,5.471479983999999984e-03,2.102419179999999996e-04
2.700000000000000000e+01,5.000000000000000000e+02,9.000000000000000222e-01,0.000000000000000000e+00,5.905278063000000098e-03,2.269078204000000109e-04
2.900000000000000000e+01,5.000000000000000000e+02,9.000000000000000222e-01,0.000000000000000000e+00,6.338500938999999668e-03,2.435512093999999978e-04
3.100000000000000000e+01,5.000000000000000000e+02,9.000000000000000222e-01,0.000000000000000000e+00,6.771149758000000185e-03,2.601721299999999975e-04
3.300000000000000000e+01,5.000000000000000000e+02,9.000000000000000222e-01,0.000000000000000000e+00,7.203225659000000135e-03,2.767706270999999879e-04
3.500000000000000000e+01,5.000000000000000000e+02,9.000000000000000222e-01,0.000000000000000000e+00,7.634729780999999736e-03,2.933467455999999736e-04
3.700000000000000000e+01,5.000000000000000000e+02,9.000000000000000222e-01,0.000000000000000000e+00,8.065663258000000529e-03,3.099005301000000261e-04
3.900000000000000000e+01,5.000000000000000000e+02,9.000000000000000222e-01,0.000000000000000000e+00,8.496027221999999726e-03,3.264320251000000215e-04
4.100000000000000000e+01,5.000000000000000000e+02,9.000000000000000222e-01,0.000000000000000000e+00,8.925822801999999320e-03,3.429412753000000091e-04
4.300000000000000000e+01,5.000000000000000000e+02,9.000000000000000222e-01,0.000000000000000000e+00,9.355051123000000454e-03,3.594283248000000076e-04
4.500000000000000000e+01,5.000000000000000000e+02,9.000000000000000222e-01,0.000000000000000000e+00,9.783713310000000801e-03,3.758932180000000242e-04
4.700000000000000000e+01,5.000000000000000000e+02,9.000000000000000222e-01,0.000000000000000000e+00,1.021181047999999980e-02,3.923359988000000133e-04
4.900000000000000000e+01,5.000000000000000000e+02,9.000000000000000222e-01,0.000000000000000000e+00,1.063934375000000036e-02,4.087567114000000262e-04
5.100000000000000000e+01,5.000000000000000000e+02,9.000000000000000222e-01,0.000000000000000000e+00,1.106631423999999975e-02,4.251553995999999853e-04
5.300000000000000000e+01,5.000000000000000000e+02,9.000000000000000222e-01,0.000000000000000000e+00,1.149272305999999959e-02,4.415321070999999979e-04
5.500000000000000000e+01,5.000000000000000000e+02,9.000000000000000222e-01,0.000000000000000000e+00,1.191857131000000070e-02,4.578868774999999766e-04
5.700000000000000000e+01,5.000000000000000000e+02,9.000000000000000222e-01,0.000000000000000000e+00,1.234386009000000041e-02,4.742197544999999744e-04
5.900000000000000000e+01,5.000000000000000000e+02,9.000000000000000222e-01,0.000000000000000000e+00,1.276859053000000029e-02,4.905307814000000243e-04
6.100000000000000000e+01,5.000000000000000000e+02,9.000000000000000222e-01,0.000000000000000000e+00,1.319276370000000038e-02,5.068200015000000509e-04
6.300000000000000000e+01,5.000000000000000000e+02,9.000000000000000222e-01,0.000000000000000000e+00,1.361638071000000061e-02,5.230874579000000229e-04
6.500000000000000000e+01,5.000000000000000000e+02,9.000000000000000222e-01,0.000000000000000000e+00,1.403944264999999920e-02,5.393331939000000274e-04
6.700000000000000000e+01,5.000000000000000000e+02,9.000000000000000222e-01,0.000000000000000000e+00,1.446195062000000045e-02,5.555572521999999590e-04
6.900000000000000000e+01,5.000000000000000000e+02,9.000000000000000222e-01,0.000000000000000000e+00,1.488390570000000003e-02,5.717596757999999710e-04
7.100000000000000000e+01,5.000000000000000000e+02,9.000000000000000222e-01,0.000000000000000000e+00,1.530530897000000057e-02,5.879405073999999579e-04
7.300000000000000000e+01,5.000000000000000000e+02,9.000000000000000222e-01,0.000000000000000000e+00,1.572616152000000031e-02,6.040997896000000530e-04
7.500000000000000000e+01,5.000000000000000000e+02,9.000000000000000222e-01,0.000000000000000000e+00,1.614646443000000015e-02,6.202375648999999781e-04
7.700000000000000000e+01,5.000000000000000000e+02,9.000000000000000222e-01,0.000000000000000000e+00,1.656621876999999840e-02,6.363538757000000191e-04
7.900000000000000000e+01,5.000000000000000000e+02,9.000000000000000222e-01,0.000000000000000000e+00,1.698542562000000117e-02,6.524487643000000505e-04
8.100000000000000000e+01,5.000000000000000000e+02,9.000000000000000222e-01,0.000000000000000000e+00,1.740408604999999984e-02,6.685222727999999906e-04
8.300000000000000000e+01,5.000000000000000000e+02,9.000000000000000222e-01,0.000000000000000000e+00,1.782220112999999967e-02,6.845744433999999528e-04
8.500000000000000000e+01,5.000000000000000000e+02,9.000000000000000222e-01,0.000000000000000000e+00,1.823977192000000164e-02,7.006053179000000302e-04
8.700000000000000000e+01,5.000000000000000000e+02,9.000000000000000222e-01,0.000000000000000000e+00,1.865679947999999977e-02,7.166149381999999688e-04
8.900000000000000000e+01,5.000000000000000000e+02,9.000000000000000222e-01,0.000000000000000000e+00,1.907328487999999933e-02,7.326033460999999700e-04
9.100000000000000000e+01,5.000000000000000000e+02,9.000000000000000222e-01,0.000000000000000000e+00,1.948922918000000129e-02,7.485705831999999544e-04
9.300000000000000000e+01,5.000000000000000000e+02,9.000000000000000222e-01,0.000000000000000000e+00,1.990463342000000149e-02,7.645166909999999731e-04
9.500000000000000000e+01,5.000000000000000000e+02,9.000000000000000222e-01,0.000000000000000000e+00,2.031949865000000008e-02,7.804417108999999906e-04
9.700000000000000000e+01,5.000000000000000000e+02,9.000000000000000222e-01,0.000000000000000000e+00,2.073382593999999884e-02,7.963456841000000159e-04
9.900000000000000000e+01,5.000000000000000000e+02,9.000000000000000222e-01,0.000000000000000000e+00,2.114761631999999975e-02,8.122286520000000136e-04
1.000000000000000000e+01,5.000000000000000000e+02,9.000000000000000222e-01,0.000000000000000000e+00,2.199543559999999915e-03,8.452545352999999459e-05
3.000000000000000000e+01,5.000000000000000000e+02,9.000000000000000222e-01,0.000000000000000000e+00,6.554897034000000365e-03,2.518644755000000240e-04
5.000000000000000000e+01,5.000000000000000000e+02,9.000000000000000222e-01,0.000000000000000000e+00,1.085289927999999980e-02,4.169588058000000099e-04
7.000000000000000000e+01,5.000000000000000000e+02,9.000000000000000222e-01,0.000000000000000000e+00,1.509467624000000036e-02,5.798527880000000538e-04
9.000000000000000000e+01,5.000000000000000000e+02,9.000000000000000222e-01,0.000000000000000000e+00,1.928132460000000006e-02,7.405896084000000235e-04
1.100000000000000000e+02,5.000000000000000000e+02,9.000000000000000222e-01,0.000000000000000000e+00,2.341391269000000011e-02,8.992113343000000293e-04
1.300000000000000000e+02,5.000000000000000000e+02,9.000000000000000222e-01,0.000000000000000000e+00,2.749348140999999940e-02,1.055758949000000068e-03
1.500000000000000000e+02,5.000000000000000000e+02,9.000000000000000222e-01,0.000000000000000000e+00,3.152104509999999887e-02,1.210272387000000055e-03
1.700000000000000000e+02,5.000000000000000000e+02,9.000000000000000222e-01,0.000000000000000000e+00,3.549759238999999900e-02,1.362790567999999907e-03
1.900000000000000000e+02,5.000000000000000000e+02,9.000000000000000222e-01,0.000000000000000000e+00,3.942408701999999820e-02,1.513351427000000048e-03
2.100000000000000000e+02,5.000000000000000000e+02,9.000000000000000222e-01,0.000000000000000000e+00,4.330146859000000292e-02,1.661991946999999935e-03
2.300000000000000000e+02,5.000000000000000000e+02,9.000000000000000222e-01,0.000000000000000000e+00,4.713065333000000107e-02,1.808748187999999896e-03
2.500000000000000000e+02,5.000000000000000000e+02,9.000000000000000222e-01,0.000000000000000000e+00,5.091253479999999915e-02,1.953655315999999927e-03
2.700000000000000000e+02,5.000000000000000000e+02,9.000000000000000222e-01,0.000000000000000000e+00,5.464798464000000106e-02,2.096747628000000026e-03
2.900000000000000000e+02,5.000000000000000000e+02,9.000000000000000222e-01,0.000000000000000000e+00,5.833785318000000303e-02,2.238058583000000074e-03
3.100000000000000000e+02,5.000000000000000000e+02,9.000000000000000222e-01,0.000000000000000000e+00,6.198297009999999968e-02,2.377620825000000167e-03
3.300000000000000000e+02,5.000000000000000000e+02,9.000000000000000222e-01,0.000000000000000000e+00,6.558414509000000392e-02,2.515466206000000100e-03
3.500000000000000000e+02,5.000000000000000000e+02,9.000000000000000222e-01,0.000000000000000000e+00,6.914216839999999531e-02,2.651625813000000123e-03
3.700000000000000000e+02,5.000000000000000000e+02,9.000000000000000222e-01,0.000000000000000000e+00,7.265781145999999913e-02,2.786129989999999983e-03
3.900000000000000000e+02,5.000000000000000000e+02,9.000000000000000222e-01,0.000000000000000000e+00,7.613182739000000365e-02,2.919008357000000154e-03
4.100000000000000000e+02,5.000000000000000000e+02,9.000000000000000222e-01,0.000000000000000000e+00,7.956495161000000371e-02,3.050289835999999994e-03
4.300000000000000000e+02,5.000000000000000000e+02,9.000000000000000222e-01,0.000000000000000000e+00,8.295790226999999462e-02,3.180002668999999844e-03
4.500000000000000000e+02,5.000000000000000000e+02,9.000000000000000222e-01,0.000000000000000000e+00,8.631138083999999322e-02,3.308174437000000086e-03
4.700000000000000000e+02,5.000000000000000000e+02,9.000000000000000222e-01,0.000000000000000000e+00,8.962607252000000246e-02,3.434832082000000182e-03
4.900000000000000000e+02,5.000000000000000000e+02,9.000000000000000222e-01,0.000000000000000000e+00,9.290264674999999805e-02,3.560001921999999923e-03
5.100000000000000000e+02,5.000000000000000000e+02,9.000000000000000222e-01,0.000000000000000000e+00,9.614175765999999346e-02,3.683709672000000206e-03
5.300000000000000000e+02,5.000000000000000000e+02,9.000000000000000222e-01,0.000000000000000000e+00,9.934404450000000608e-02,3.805980458999999941e-03
5.500000000000000000e+02,5.000000000000000000e+02,9.000000000000000222e-01,0.000000000000000000e+00,1.025101320000000038e-01,3.926838838999999887e-03
5.700000000000000000e+02,5.000000000000000000e+02,9.000000000000000222e-01,0.000000000000000000e+00,1.056406309999999987e-01,4.046308814999999975e-03
5.900000000000000000e+02,5.000000000000000000e+02,9.000000000000000222e-01,0.000000000000000000e+00,1.087361384000000014e-01,4.164413849999999695e-03
6.100000000000000000e+02,5.000000000000000000e+02,9.000000000000000222e-01,0.000000000000000000e+00,1.117972379999999932e-01,4.281176884000000189e-03
6.300000000000000000e+02,5.000000000000000000e+02,9.000000000000000222e-01,0.000000000000000000e+00,1.148245008000000067e-01,4.396620345999999874e-03
6.500000000000000000e+02,5.000000000000000000e+02,9.000000000000000222e-01,0.000000000000000000e+00,1.178184849000000062e-01,4.510766171000000005e-03
6.700000000000000000e+02,5.000000000000000000e+02,9.000000000000000222e-01,0.000000000000000000e+00,1.207797366000000067e-01,4.623635812000000296e-03
6.900000000000000000e+02,5.000000000000000000e+02,9.000000000000000222e-01,0.000000000000000000e+00,1.237087899000000046e-01,4.735250253999999728e-03
7.100000000000000000e+02,5.000000000000000000e+02,9.000000000000000222e-01,0.000000000000000000e+00,1.266061675000000053e-01,4.845630023999999980e-03
7.300000000000000000e+02,5.000000000000000000e+02,9.000000000000000222e-01,0.000000000000000000e+00,1.294723808999999892e-01,4.954795207000000160e-03
7.500000000000000000e+02,5.000000000000000000e+02,9.000000000000000222e-01,0.000000000000000000e+00,1.323079302999999873e-01,5.062765456999999795e-03
7.700000000000000000e+02,5.000000000000000000e+02,9.000000000000000222e-01,0.000000000000000000e+00,1.351133056999999915e-01,5.169560006999999666e-03
7.900000000000000000e+02,5.000000000000000000e+02,9.000000000000000222e-01,0.000000000000000000e+00,1.378889862999999882e-01,5.275197679000000021e-03
8.100000000000000000e+02,5.000000000000000000e+02,9.000000000000000222e-01,0.000000000000000000e+00,1.406354415999999941e-01,5.379696899999999657e-03
8.300000000000000000e+02,5.000000000000000000e+02,9.000000000000000222e-01,0.000000000000000000e+00,1.433531308000000060e-01,5.483075708000000222e-03
8.500000000000000000e+02,5.000000000000000000e+02,9.000000000000000222e-01,0.000000000000000000e+00,1.460425039999999897e-01,5.585351762000000109e-03
8.700000000000000000e+02,5.000000000000000000e+02,9.000000000000000222e-01,0.000000000000000000e+00,1.487040017000000047e-01,5.686542355000000042e-03
8.900000000000000000e+02,5.000000000000000000e+02,9.000000000000000222e-01,0.000000000000000000e+00,1.513380551999999879e-01,5.786664421000000010e-03
9.100000000000000000e+02,5.000000000000000000e+02,9.000000000000000222e-01,0.000000000000000000e+00,1.539450871999999970e-01,5.885734543999999666e-03
9.300000000000000000e+02,5.000000000000000000e+02,9.000000000000000222e-01,0.000000000000000000e+00,1.565255117000000085e-01,5.983768970000000013e-03
9.500000000000000000e+02,5.000000000000000000e+02,9.000000000000000222e-01,0.000000000000000000e+00,1.590797341000000087e-01,6.080783612000000352e-03
9.700000000000000000e+02,5.000000000000000000e+02,9.000000000000000222e-01,0.000000000000000000e+00,1.616081518999999966e-01,6.176794059000000406e-03
9.900000000000000000e+02,5.000000000000000000e+02,9.000000000000000222e-01,0.000000000000000000e+00,1.641111543000000061e-01,6.271815588000000281e-03
1.000000000000000000e+02,5.000000000000000000e+02,9.000000000000000222e-01,0.000000000000000000e+00,2.135431049000000026e-02,8.201622716999999946e-04
3.000000000000000000e+02,5.000000000000000000e+02,9.000000000000000222e-01,0.000000000000000000e+00,6.016595452000000205e-02,2.308056283999999903e-03
5.000000000000000000e+02,5.000000000000000000e+02,9.000000000000000222e-01,0.000000000000000000e+00,9.452684482999999804e-02,3.622036974999999926e-03
7.000000000000000000e+02,5.000000000000000000e+02,9.000000000000000222e-01,0.000000000000000000e+00,1.251614060000000028e-01,4.790593206999999715e-03
9.000000000000000000e+02,5.000000000000000000e+02,9.000000000000000222e-01,0.000000000000000000e+00,1.526449227999999991e-01,5.836329952000000008e-03
1.100000000000000000e+03,5.000000000000000000e+02,9.000000000000000222e-01,0.000000000000000000e+00,1.774400432999999888e-01,6.777411161000000336e-03
1.300000000000000000e+03,5.000000000000000000e+02,9.000000000000000222e-01,0.000000000000000000e+00,1.999230602000000023e-01,7.628598111000000313e-03
1.500000000000000000e+03,5.000000000000000000e+02,9.000000000000000222e-01,0.000000000000000000e+00,2.204031617999999970e-01,8.402009596999999996e-03
1.700000000000000000e+03,5.000000000000000000e+02,9.000000000000000222e-01,0.000000000000000000e+00,2.391367528999999992e-01,9.107687157999999963e-03
1.900000000000000000e+03,5.000000000000000000e+02,9.000000000000000222e-01,0.000000000000000000e+00,2.563382580999999938e-01,9.754021264000000552e-03
2.100000000000000000e+03,5.000000000000000000e+02,9.000000000000000222e-01,0.000000000000000000e+00,2.721883756999999848e-01,1.034807677999999981e-02
2.300000000000000000e+03,5.000000000000000000e+02,9.000000000000000222e-01,0.000000000000000000e+00,2.868404587000000228e-01,1.089584440000000015e-02
2.500000000000000000e+03,5.000000000000000000e+02,9.000000000000000222e-01,0.000000000000000000e+00,3.004254986000000072e-01,1.140243703999999948e-02
2.700000000000000000e+03,5.000000000000000000e+02,9.000000000000000222e-01,0.000000000000000000e+00,3.130560587999999811e-01,1.187224461000000071e-02
2.900000000000000000e+03,5.000000000000000000e+02,9.000000000000000222e-01,0.000000000000000000e+00,3.248294049000000072e-01,1.230905726000000068e-02
3.100000000000000000e+03,5.000000000000000000e+02,9.000000000000000222e-01,0.000000000000000000e+00,3.358300186000000020e-01,1.271616423000000023e-02
3.300000000000000000e+03,5.000000000000000000e+02,9.000000000000000222e-01,0.000000000000000000e+00,3.461316311000000034e-01,1.309643379000000052e-02
3.500000000000000000e+03,5.000000000000000000e+02,9.000000000000000222e-01,0.000000000000000000e+00,3.557988805999999782e-01,1.345237837999999943e-02
3.700000000000000000e+03,5.000000000000000000e+02,9.000000000000000222e-01,0.000000000000000000e+00,3.648886721999999860e-01,1.378620799000000036e-02
3.900000000000000000e+03,5.000000000000000000e+02,9.000000000000000222e-01,0.000000000000000000e+00,3.734513011000000215e-01,1.409987428000000070e-02
4.100000000000000000e+03,5.000000000000000000e+02,9.000000000000000222e-01,0.000000000000000000e+00,3.815313851000000089e-01,1.439510714000000018e-02
4.300000000000000000e+03,5.000000000000000000e+02,9.000000000000000222e-01,0.000000000000000000e+00,3.891686436999999832e-01,1.467344527000000003e-02
4.500000000000000000e+03,5.000000000000000000e+02,9.000000000000000222e-01,0.000000000000000000e+00,3.963985526000000092e-01,1.493626179000000047e-02
4.700000000000000000e+03,5.000000000000000000e+02,9.000000000000000222e-01,0.000000000000000000e+00,4.032528959000000190e-01,1.518478590999999996e-02
4.900000000000000000e+03,5.000000000000000000e+02,9.000000000000000222e-01,0.000000000000000000e+00,4.097602337999999844e-01,1.542012125000000004e-02
5.100000000000000000e+03,5.000000000000000000e+02,9.000000000000000222e-01,0.000000000000000000e+00,4.159463015000000041e-01,1.564326140000000046e-02
5.300000000000000000e+03,5.000000000000000000e+02,9.000000000000000222e-01,0.000000000000000000e+00,4.218343500999999773e-01,1.585510331000000023e-02
5.500000000000000000e+03,5.000000000000000000e+02,9.000000000000000222e-01,0.000000000000000000e+00,4.274454391999999991e-01,1.605645870000000155e-02
5.700000000000000000e+03,5.000000000000000000e+02,9.000000000000000222e-01,0.000000000000000000e+00,4.327986893999999918e-01,1.624806390999999905e-02
5.900000000000000000e+03,5.000000000000000000e+02,9.000000000000000222e-01,0.000000000000000000e+00,4.379115001000000174e-01,1.643058848000000099e-02
6.100000000000000000e+03,5.000000000000000000e+02,9.000000000000000222e-01,0.000000000000000000e+00,4.427997392999999948e-01,1.660464244999999839e-02
6.300000000000000000e+03,5.000000000000000000e+02,9.000000000000000222e-01,0.000000000000000000e+00,4.474779081999999963e-01,1.677078288999999875e-02
6.500000000000000000e+03,5.000000000000000000e+02,9.000000000000000222e-01,0.000000000000000000e+00,4.519592855999999825e-01,1.692951946000000041e-02
6.700000000000000000e+03,5.000000000000000000e+02,9.000000000000000222e-01,0.000000000000000000e+00,4.562560535999999889e-01,1.708131931999999978e-02
6.900000000000000000e+03,5.000000000000000000e+02,9.000000000000000222e-01,0.000000000000000000e+00,4.603794090000000172e-01,1.722661150999999988e-02
7.100000000000000000e+03,5.000000000000000000e+02,9.000000000000000222e-01,0.000000000000000000e+00,4.643396606999999898e-01,1.736579069000000058e-02
7.300000000000000000e+03,5.000000000000000000e+02,9.000000000000000222e-01,0.000000000000000000e+00,4.681463160000000068e-01,1.749922054999999976e-02
7.500000000000000000e+03,5.000000000000000000e+02,9.000000000000000222e-01,0.000000000000000000e+00,4.718081572999999751e-01,1.762723673999999977e-02
7.700000000000000000e+03,5.000000000000000000e+02,9.000000000000000222e-01,0.000000000000000000e+00,4.753333095000000230e-01,1.775014952999999854e-02
7.900000000000000000e+03,5.000000000000000000e+02,9.000000000000000222e-01,0.000000000000000000e+00,4.787293007999999794e-01,1.786824614999999936e-02
8.100000000000000000e+03,5.000000000000000000e+02,9.000000000000000222e-01,0.000000000000000000e+00,4.820031162000000258e-01,1.798179290999999888e-02
8.300000000000000000e+03,5.000000000000000000e+02,9.000000000000000222e-01,0.000000000000000000e+00,4.851612457999999739e-01,1.809103701999999897e-02
8.500000000000000000e+03,5.000000000000000000e+02,9.000000000000000222e-01,0.000000000000000000e+00,4.882097279000000012e-01,1.819620825999999914e-02
8.700000000000000000e+03,5.000000000000000000e+02,9.000000000000000222e-01,0.000000000000000000e+00,4.911541876000000140e-01,1.829752055999999891e-02
8.900000000000000000e+03,5.000000000000000000e+02,9.000000000000000222e-01,0.000000000000000000e+00,4.939998713000000041e-01,1.839517323999999981e-02
9.100000000000000000e+03,5.000000000000000000e+02,9.000000000000000222e-01,0.000000000000000000e+00,4.967516786000000240e-01,1.848935229000000027e-02
9.300000000000000000e+03,5.000000000000000000e+02,9.000000000000000222e-01,0.000000000000000000e+00,4.994141899999999801e-01,1.858023145000000168e-02
9.500000000000000000e+03,5.000000000000000000e+02,9.000000000000000222e-01,0.000000000000000000e+00,5.019916926999999918e-01,1.866797318999999927e-02
9.700000000000000000e+03,5.000000000000000000e+02,9.000000000000000222e-01,0.000000000000000000e+00,5.044882036000000181e-01,1.875272961000000113e-02
9.900000000000000000e+03,5.000000000000000000e+02,9.000000000000000222e-01,0.000000000000000000e+00,5.069074904999999465e-01,1.883464325999999883e-02
1.000000000000000000e+03,5.000000000000000000e+02,9.000000000000000222e-01,0.000000000000000000e+00,1.653532443000000074e-01,6.318960196999999848e-03
3.000000000000000000e+03,5.000000000000000000e+02,9.000000000000000222e-01,0.000000000000000000e+00,3.304214642000000146e-01,1.251613564999999942e-02
5.000000000000000000e+03,5.000000000000000000e+02,9.000000000000000222e-01,0.000000000000000000e+00,4.128919187000000268e-01,1.553315754000000014e-02
7.000000000000000000e+03,5.000000000000000000e+02,9.000000000000000222e-01,0.000000000000000000e+00,4.623793107999999985e-01,1.729694181000000081e-02
9.000000000000000000e+03,5.000000000000000000e+02,9.000000000000000222e-01,0.000000000000000000e+00,4.953872161000000274e-01,1.844268582999999961e-02
1.100000000000000000e+04,5.000000000000000000e+02,9.000000000000000222e-01,0.000000000000000000e+00,5.189810983000000544e-01,1.923993991000000001e-02
1.300000000000000000e+04,5.000000000000000000e+02,9.000000000000000222e-01,0.000000000000000000e+00,5.366916200000000359e-01,1.982222835999999933e-02
1.500000000000000000e+04,5.000000000000000000e+02,9.000000000000000222e-01,0.000000000000000000e+00,5.504796240999999535e-01,2.026306442000000083e-02
1.700000000000000000e+04,5.000000000000000000e+02,9.000000000000000222e-01,0.000000000000000000e+00,5.615214231999999805e-01,2.060616669000000026e-02
1.900000000000000000e+04,5.000000000000000000e+02,9.000000000000000222e-01,0.000000000000000000e+00,5.705655364999999701e-01,2.087911309000000173e-02
2.100000000000000000e+04,5.000000000000000000e+02,9.000000000000000222e-01,0.000000000000000000e+00,5.781109848000000051e-01,2.110012927000000024e-02
2.300000000000000000e+04,5.000000000000000000e+02,9.000000000000000222e-01,0.000000000000000000e+00,5.845032678999999565e-01,2.128172374000000117e-02
2.500000000000000000e+04,5.000000000000000000e+02,9.000000000000000222e-01,0.000000000000000000e+00,5.899891983999999701e-01,2.143275378999999828e-02
2.700000000000000000e+04,5.000000000000000000e+02,9.000000000000000222e-01,0.000000000000000000e+00,5.947497974000000021e-01,2.155965849999999864e-02
2.900000000000000000e+04,5.000000000000000000e+02,9.000000000000000222e-01,0.000000000000000000e+00,5.989208533000000001e-01,2.166722525999999899e-02
3.100000000000000000e+04,5.000000000000000000e+02,9.000000000000000222e-01,0.000000000000000000e+00,6.026062228999999881e-01,2.175908308999999902e-02
3.300000000000000000e+04,5.000000000000000000e+02,9.000000000000000222e-01,0.000000000000000000e+00,6.058867000000000003e-01,2.183802989999999999e-02
3.500000000000000000e+04,5.000000000000000000e+02,9.000000000000000222e-01,0.000000000000000000e+00,6.088260827000000486e-01,2.190625515000000148e-02
3.700000000000000000e+04,5.000000000000000000e+02,9.000000000000000222e-01,0.000000000000000000e+00,6.114754206000000414e-01,2.196549495000000088e-02
3.900000000000000000e+04,5.000000000000000000e+02,9.000000000000000222e-01,0.000000000000000000e+00,6.138760492000000513e-01,2.201714223999999900e-02
4.100000000000000000e+04,5.000000000000000000e+02,9.000000000000000222e-01,0.000000000000000000e+00,6.160617966000000445e-01,2.206232653999999974e-02
4.300000000000000000e+04,5.000000000000000000e+02,9.000000000000000222e-01,0.000000000000000000e+00,6.180606144000000413e-01,2.210197252999999973e-02
4.500000000000000000e+04,5.000000000000000000e+02,9.000000000000000222e-01,0.000000000000000000e+00,6.198958014000000016e-01,2.213684382999999908e-02
4.700000000000000000e+04,5.000000000000000000e+02,9.000000000000000222e-01,0.000000000000000000e+00,6.215869336999999550e-01,2.216757604000000118e-02
4.900000000000000000e+04,5.000000000000000000e+02,9.000000000000000222e-01,0.000000000000000000e+00,6.231505800000000095e-01,2.219470204000000002e-02
5.100000000000000000e+04,5.000000000000000000e+02,9.000000000000000222e-01,0.000000000000000000e+00,6.246008577999999645e-01,2.221867157999999828e-02
5.300000000000000000e+04,5.000000000000000000e+02,9.000000000000000222e-01,0.000000000000000000e+00,6.259498713000000159e-01,2.223986659000000074e-02
5.500000000000000000e+04,5.000000000000000000e+02,9.000000000000000222e-01,0.000000000000000000e+00,6.272080579000000045e-01,2.225861322000000087e-02
5.700000000000000000e+04,5.000000000000000000e+02,9.000000000000000222e-01,0.000000000000000000e+00,6.283844655000000445e-01,2.227519148999999865e-02
5.900000000000000000e+04,5.000000000000000000e+02,9.000000000000000222e-01,0.000000000000000000e+00,6.294869771000000114e-01,2.228984294999999949e-02
6.100000000000000000e+04,5.000000000000000000e+02,9.000000000000000222e-01,0.000000000000000000e+00,6.305224918999999817e-01,2.230277694000000130e-02
6.300000000000000000e+04,5.000000000000000000e+02,9.000000000000000222e-01,0.000000000000000000e+00,6.314970747000000495e-01,2.231417565000000033e-02
6.500000000000000000e+04,5.000000000000000000e+02,9.000000000000000222e-01,0.000000000000000000e+00,6.324160779999999926e-01,2.232419827999999884e-02
6.700000000000000000e+04,5.000000000000000000e+02,9.000000000000000222e-01,0.000000000000000000e+00,6.332842440999999489e-01,2.233298442000000023e-02
6.900000000000000000e+04,5.000000000000000000e+02,9.000000000000000222e-01,0.000000000000000000e+00,6.341057896999999777e-01,2.234065694999999921e-02
7.100000000000000000e+04,5.000000000000000000e+02,9.000000000000000222e-01,0.000000000000000000e+00,6.348844763000000002e-01,2.234732437000000113e-02
7.300000000000000000e+04,5.000000000000000000e+02,9.000000000000000222e-01,0.000000000000000000e+00,6.356236708000000402e-01,2.235308277999999843e-02
7.500000000000000000e+04,5.000000000000000000e+02,9.000000000000000222e-01,0.000000000000000000e+00,6.363263953000000139e-01,2.235801751999999878e-02
7.700000000000000000e+04,5.000000000000000000e+02,9.000000000000000222e-01,0.000000000000000000e+00,6.369953707000000076e-01,2.236220464999999838e-02
7.900000000000000000e+04,5.000000000000000000e+02,9.000000000000000222e-01,0.000000000000000000e+00,6.376330529000000524e-01,2.236571207000000172e-02
8.100000000000000000e+04,5.000000000000000000e+02,9.000000000000000222e-01,0.000000000000000000e+00,6.382416647999999970e-01,2.236860057999999832e-02
8.300000000000000000e+04,5.000000000000000000e+02,9.000000000000000222e-01,0.000000000000000000e+00,6.388232229000000428e-01,2.237092474999999997e-02
8.500000000000000000e+04,5.000000000000000000e+02,9.000000000000000222e-01,0.000000000000000000e+00,6.393795610000000407e-01,2.237273365000000055e-02
8.700000000000000000e+04,5.000000000000000000e+02,9.000000000000000222e-01,0.000000000000000000e+00,6.399123503000000435e-01,2.237407152000000024e-02
8.900000000000000000e+04,5.000000000000000000e+02,9.000000000000000222e-01,0.000000000000000000e+00,6.404231172000000027e-01,2.237497830000000076e-02
9.100000000000000000e+04,5.000000000000000000e+02,9.000000000000000222e-01,0.000000000000000000e+00,6.409132584000000188e-01,2.237549013000000170e-02
9.300000000000000000e+04,5.000000000000000000e+02,9.000000000000000222e-01,0.000000000000000000e+00,6.413840548999999447e-01,2.237563978999999870e-02
9.500000000000000000e+04,5.000000000000000000e+02,9.000000000000000222e-01,0.000000000000000000e+00,6.418366831999999800e-01,2.237545704000000121e-02
9.700000000000000000e+04,5.000000000000000000e+02,9.000000000000000222e-01,0.000000000000000000e+00,6.422722260000000016e-01,2.237496894000000000e-02
9.900000000000000000e+04,5.000000000000000000e+02,9.000000000000000222e-01,0.000000000000000000e+00,6.426916815000000005e-01,2.237420014000000151e-02
1.000000000000000000e+04,5.000000000000000000e+02,9.000000000000000222e-01,0.000000000000000000e+00,5.080892888000000385e-01,1.887457615999999991e-02
3.000000000000000000e+04,5.000000000000000000e+02,9.000000000000000222e-01,0.000000000000000000e+00,6.008187405999999564e-01,2.171492645000000152e-02
5.000000000000000000e+04,5.000000000000000000e+02,9.000000000000000222e-01,0.000000000000000000e+00,6.238890906999999819e-01,2.220705606000000082e-02
7.000000000000000000e+04,5.000000000000000000e+02,9.000000000000000222e-01,0.000000000000000000e+00,6.345002712999999739e-01,2.234411002999999937e-02
9.000000000000000000e+04,5.000000000000000000e+02,9.000000000000000222e-01,0.000000000000000000e+00,6.406706833999999962e-01,2.237528146000000023e-02
1.100000000000000000e+05,5.000000000000000000e+02,9.000000000000000222e-01,0.000000000000000000e+00,6.447490417000000251e-01,2.236586876000000099e-02
1.300000000000000000e+05,5.000000000000000000e+02,9.000000000000000222e-01,0.000000000000000000e+00,6.476741017999999572e-01,2.233906093999999884e-02
1.500000000000000000e+05,5.000000000000000000e+02,9.000000000000000222e-01,0.000000000000000000e+00,6.498950935999999734e-01,2.230460635999999969e-02
1.700000000000000000e+05,5.000000000000000000e+02,9.000000000000000222e-01,0.000000000000000000e+00,6.516542194000000121e-01,2.226705010999999873e-02
1.900000000000000000e+05,5.000000000000000000e+02,9.000000000000000222e-01,0.000000000000000000e+00,6.530936989000000192e-01,2.222865100999999941e-02
2.100000000000000000e+05,5.000000000000000000e+02,9.000000000000000222e-01,0.000000000000000000e+00,6.543025922999999855e-01,2.219057053999999932e-02
2.300000000000000000e+05,5.000000000000000000e+02,9.000000000000000222e-01,0.000000000000000000e+00,6.553395485999999881e-01,2.215340915000000091e-02
2.500000000000000000e+05,5.000000000000000000e+02,9.000000000000000222e-01,0.000000000000000000e+00,6.562447856999999996e-01,2.211746709999999963e-02
2.700000000000000000e+05,5.000000000000000000e+02,9.000000000000000222e-01,0.000000000000000000e+00,6.570468163999999556e-01,2.208287906000000120e-02
2.900000000000000000e+05,5.000000000000000000e+02,9.000000000000000222e-01,0.000000000000000000e+00,6.577664264999999455e-01,2.204968681000000000e-02
3.100000000000000000e+05,5.000000000000000000e+02,9.000000000000000222e-01,0.000000000000000000e+00,6.584191324999999484e-01,2.201787977999999923e-02
3.300000000000000000e+05,5.000000000000000000e+02,9.000000000000000222e-01,0.000000000000000000e+00,6.590167555999999482e-01,2.198741842000000168e-02
3.500000000000000000e+05,5.000000000000000000e+02,9.000000000000000222e-01,0.000000000000000000e+00,6.595684636999999961e-01,2.195824785999999848e-02
3.700000000000000000e+05,5.000000000000000000e+02,9.000000000000000222e-01,0.000000000000000000e+00,6.600814776000000217e-01,2.193030593999999861e-02
3.900000000000000000e+05,5.000000000000000000e+02,9.000000000000000222e-01,0.000000000000000000e+00,6.605615645000000313e-01,2.190352803999999834e-02
4.100000000000000000e+05,5.000000000000000000e+02,9.000000000000000222e-01,0.000000000000000000e+00,6.610133865999999747e-01,2.187784988999999861e-02
4.300000000000000000e+05,5.000000000000000000e+02,9.000000000000000222e-01,0.000000000000000000e+00,6.614407554000000244e-01,2.185320920999999847e-02
4.500000000000000000e+05,5.000000000000000000e+02,9.000000000000000222e-01,0.000000000000000000e+00,6.618468174999999620e-01,2.182954658000000117e-02
4.700000000000000000e+05,5.000000000000000000e+02,9.000000000000000222e-01,0.000000000000000000e+00,6.622341943999999758e-01,2.180680590000000016e-02
4.900000000000000000e+05,5.000000000000000000e+02,9.000000000000000222e-01,0.000000000000000000e+00,6.626050880999999615e-01,2.178493453000000107e-02
5.100000000000000000e+05,5.000000000000000000e+02,9.000000000000000222e-01,0.000000000000000000e+00,6.629613621000000068e-01,2.176388329000000094e-02
5.300000000000000000e+05,5.000000000000000000e+02,9.000000000000000222e-01,0.000000000000000000e+00,6.633046044999999502e-01,2.174360636000000069e-02
5.500000000000000000e+05,5.000000000000000000e+02,9.000000000000000222e-01,0.000000000000000000e+00,6.636361769999999938e-01,2.172406111000000153e-02
5.700000000000000000e+05,5.000000000000000000e+02,9.000000000000000222e-01,0.000000000000000000e+00,6.639572545999999909e-01,2.170520789999999881e-02
5.900000000000000000e+05,5.000000000000000000e+02,9.000000000000000222e-01,0.000000000000000000e+00,6.642688561999999797e-01,2.168700989000000093e-02
6.100000000000000000e+05,5.000000000000000000e+02,9.000000000000000222e-01,0.000000000000000000e+00,6.645718700999999617e-01,2.166943282000000082e-02
6.300000000000000000e+05,5.000000000000000000e+02,9.000000000000000222e-01,0.000000000000000000e+00,6.648670743000000272e-01,2.165244483999999997e-02
6.500000000000000000e+05,5.000000000000000000e+02,9.000000000000000222e-01,0.000000000000000000e+00,6.651551533999999766e-01,2.163601630000000151e-02
6.700000000000000000e+05,5.000000000000000000e+02,9.000000000000000222e-01,0.000000000000000000e+00,6.654367120999999941e-01,2.162011957999999956e-02
6.900000000000000000e+05,5.000000000000000000e+02,9.000000000000000222e-01,0.000000000000000000e+00,6.657122866000000361e-01,2.160472894999999893e-02
7.100000000000000000e+05,5.000000000000000000e+02,9.000000000000000222e-01,0.000000000000000000e+00,6.659823542999999679e-01,2.158982036999999854e-02
7.300000000000000000e+05,5.000000000000000000e+02,9.000000000000000222e-01,0.000000000000000000e+00,6.662473414999999788e-01,2.157537140000000131e-02
7.500000000000000000e+05,5.000000000000000000e+02,9.000000000000000222e-01,0.000000000000000000e+00,6.665076301000000258e-01,2.156136106999999996e-02
7.700000000000000000e+05,5.000000000000000000e+02,9.000000000000000222e-01,0.000000000000000000e+00,6.667635634999999894e-01,2.154776971999999846e-02
7.900000000000000000e+05,5.000000000000000000e+02,9.000000000000000222e-01,0.000000000000000000e+00,6.670154511000000452e-01,2.153457895000000094e-02
8.100000000000000000e+05,5.000000000000000000e+02,9.000000000000000222e-01,0.000000000000000000e+00,6.672635727000000294e-01,2.152177148000000012e-02
8.300000000000000000e+05,5.000000000000000000e+02,9.000000000000000222e-01,0.000000000000000000e+00,6.675081818000000444e-01,2.150933109000000010e-02
8.500000000000000000e+05,5.000000000000000000e+02,9.000000000000000222e-01,0.000000000000000000e+00,6.677495087000000495e-01,2.149724255000000014e-02
8.700000000000000000e+05,5.000000000000000000e+02,9.000000000000000222e-01,0.000000000000000000e+00,6.679877629999999566e-01,2.148549149000000130e-02
8.900000000000000000e+05,5.000000000000000000e+02,9.000000000000000222e-01,0.000000000000000000e+00,6.682231362999999646e-01,2.147406439999999944e-02
9.100000000000000000e+05,5.000000000000000000e+02,9.000000000000000222e-01,0.000000000000000000e+00,6.684558035000000009e-01,2.146294853999999863e-02
9.300000000000000000e+05,5.000000000000000000e+02,9.000000000000000222e-01,0.000000000000000000e+00,6.686859252000000309e-01,2.145213186999999841e-02
9.500000000000000000e+05,5.000000000000000000e+02,9.000000000000000222e-01,0.000000000000000000e+00,6.689136486000000215e-01,2.144160302999999906e-02
9.700000000000000000e+05,5.000000000000000000e+02,9.000000000000000222e-01,0.000000000000000000e+00,6.691391093999999873e-01,2.143135126999999931e-02
9.900000000000000000e+05,5.000000000000000000e+02,9.000000000000000222e-01,0.000000000000000000e+00,6.693624325999999458e-01,2.142136639999999911e-02
1.000000000000000000e+05,5.000000000000000000e+02,9.000000000000000222e-01,0.000000000000000000e+00,6.428956673000000288e-01,2.237371759000000154e-02
3.000000000000000000e+05,5.000000000000000000e+02,9.000000000000000222e-01,0.000000000000000000e+00,6.581003313000000077e-01,2.203361213000000138e-02
5.000000000000000000e+05,5.000000000000000000e+02,9.000000000000000222e-01,0.000000000000000000e+00,6.627849475000000545e-01,2.177430933000000166e-02
7.000000000000000000e+05,5.000000000000000000e+02,9.000000000000000222e-01,0.000000000000000000e+00,6.658479810999999859e-01,2.159721583999999958e-02
9.000000000000000000e+05,5.000000000000000000e+02,9.000000000000000222e-01,0.000000000000000000e+00,6.683397977999999684e-01,2.146846834000000134e-02
1.100000000000000000e+06,5.000000000000000000e+02,9.000000000000000222e-01,0.000000000000000000e+00,6.705572453000000488e-01,2.137081369000000050e-02
1.300000000000000000e+06,5.000000000000000000e+02,9.000000000000000222e-01,0.000000000000000000e+00,6.726179754000000122e-01,2.129468330999999964e-02
1.500000000000000000e+06,5.000000000000000000e+02,9.000000000000000222e-01,0.000000000000000000e+00,6.745784237999999933e-01,2.123427845999999869e-02
1.700000000000000000e+06,5.000000000000000000e+02,9.000000000000000222e-01,0.000000000000000000e+00,6.764692584999999481e-01,2.118583481000000171e-02
1.900000000000000000e+06,5.000000000000000000e+02,9.000000000000000222e-01,0.000000000000000000e+00,6.783086897000000226e-01,2.114677570999999937e-02
2.100000000000000000e+06,5.000000000000000000e+02,9.000000000000000222e-01,0.000000000000000000e+00,6.801082732000000020e-01,2.111526235000000043e-02
2.300000000000000000e+06,5.000000000000000000e+02,9.000000000000000222e-01,0.000000000000000000e+00,6.818757334999999697e-01,2.108993774999999918e-02
2.500000000000000000e+06,5.000000000000000000e+02,9.000000000000000222e-01,0.000000000000000000e+00,6.836164538000000235e-01,2.106977257999999992e-02
2.700000000000000000e+06,5.000000000000000000e+02,9.000000000000000222e-01,0.000000000000000000e+00,6.853343173999999483e-01,2.105396793000000044e-02
2.900000000000000000e+06,5.000000000000000000e+02,9.000000000000000222e-01,0.000000000000000000e+00,6.870322080999999859e-01,2.104189155000000047e-02
3.100000000000000000e+06,5.000000000000000000e+02,9.000000000000000222e-01,0.000000000000000000e+00,6.887123206999999914e-01,2.103303474000000131e-02
3.300000000000000000e+06,5.000000000000000000e+02,9.000000000000000222e-01,0.000000000000000000e+00,6.903763623999999988e-01,2.102698220999999965e-02
3.500000000000000000e+06,5.000000000000000000e+02,9.000000000000000222e-01,0.000000000000000000e+00,6.920256860000000287e-01,2.102339065000000118e-02
3.700000000000000000e+06,5.000000000000000000e+02,9.000000000000000222e-01,0.000000000000000000e+00,6.936613818000000320e-01,2.102197311000000152e-02
3.900000000000000000e+06,5.000000000000000000e+02,9.000000000000000222e-01,0.000000000000000000e+00,6.952843417999999831e-01,2.102248732000000161e-02
4.100000000000000000e+06,5.000000000000000000e+02,9.000000000000000222e-01,0.000000000000000000e+00,6.968953055000000063e-01,2.102472696000000016e-02
4.300000000000000000e+06,5.000000000000000000e+02,9.000000000000000222e-01,0.000000000000000000e+00,6.984948937999999607e-01,2.102851489999999976e-02
4.500000000000000000e+06,5.000000000000000000e+02,9.000000000000000222e-01,0.000000000000000000e+00,7.000836337000000409e-01,2.103369799999999998e-02
4.700000000000000000e+06,5.000000000000000000e+02,9.000000000000000222e-01,0.000000000000000000e+00,7.016619774000000254e-01,2.104014300000000073e-02
4.900000000000000000e+06,5.000000000000000000e+02,9.000000000000000222e-01,0.000000000000000000e+00,7.032303165000000078e-01,2.104773321999999988e-02
5.100000000000000000e+06,5.000000000000000000e+02,9.000000000000000222e-01,0.000000000000000000e+00,7.047889928999999665e-01,2.105636597000000096e-02
5.300000000000000000e+06,5.000000000000000000e+02,9.000000000000000222e-01,0.000000000000000000e+00,7.063383081999999868e-01,2.106595042000000001e-02
5.500000000000000000e+06,5.000000000000000000e+02,9.000000000000000222e-01,0.000000000000000000e+00,7.078785297999999893e-01,2.107640582999999873e-02
5.700000000000000000e+06,5.000000000000000000e+02,9.000000000000000222e-01,0.000000000000000000e+00,7.094098969000000032e-01,2.108766017999999867e-02
5.900000000000000000e+06,5.000000000000000000e+02,9.000000000000000222e-01,0.000000000000000000e+00,7.109326246999999599e-01,2.109964891000000106e-02
6.100000000000000000e+06,5.000000000000000000e+02,9.000000000000000222e-01,0.000000000000000000e+00,7.124469084000000230e-01,2.111231398999999925e-02
6.300000000000000000e+06,5.000000000000000000e+02,9.000000000000000222e-01,0.000000000000000000e+00,7.139529253999999936e-01,2.112560306999999860e-02
6.500000000000000000e+06,5.000000000000000000e+02,9.000000000000000222e-01,0.000000000000000000e+00,7.154508385000000192e-01,2.113946872999999949e-02
6.700000000000000000e+06,5.000000000000000000e+02,9.000000000000000222e-01,0.000000000000000000e+00,7.169407974999999489e-01,2.115386795999999944e-02
6.900000000000000000e+06,5.000000000000000000e+02,9.000000000000000222e-01,0.000000000000000000e+00,7.184229410000000371e-01,2.116876159000000146e-02
7.100000000000000000e+06,5.000000000000000000e+02,9.000000000000000222e-01,0.000000000000000000e+00,7.198973977000000524e-01,2.118411387000000007e-02
7.300000000000000000e+06,5.000000000000000000e+02,9.000000000000000222e-01,0.000000000000000000e+00,7.213642879999999646e-01,2.119989208999999847e-02
7.500000000000000000e+06,5.000000000000000000e+02,9.000000000000000222e-01,0.000000000000000000e+00,7.228237241999999618e-01,2.121606624999999857e-02
7.700000000000000000e+06,5.000000000000000000e+02,9.000000000000000222e-01,0.000000000000000000e+00,7.242758124999999492e-01,2.123260880000000031e-02
7.900000000000000000e+06,5.000000000000000000e+02,9.000000000000000222e-01,0.000000000000000000e+00,7.257206525999999602e-01,2.124949433000000026e-02
8.100000000000000000e+06,5.000000000000000000e+02,9.000000000000000222e-01,0.000000000000000000e+00,7.271583391000000507e-01,2.126669942000000008e-02
8.300000000000000000e+06,5.000000000000000000e+02,9.000000000000000222e-01,0.000000000000000000e+00,7.285889617999999901e-01,2.128420242999999948e-02
8.500000000000000000e+06,5.000000000000000000e+02,9.000000000000000222e-01,0.000000000000000000e+00,7.300126060999999611e-01,2.130198328999999974e-02
8.700000000000000000e+06,5.000000000000000000e+02,9.000000000000000222e-01,0.000000000000000000e+00,7.314293537999999595e-01,2.132002342000000050e-02
8.900000000000000000e+06,5.000000000000000000e+02,9.000000000000000222e-01,0.000000000000000000e+00,7.328392826999999832e-01,2.133830551999999978e-02
9.100000000000000000e+06,5.000000000000000000e+02,9.000000000000000222e-01,0.000000000000000000e+00,7.342424679000000287e-01,2.135681352000000019e-02
9.300000000000000000e+06,5.000000000000000000e+02,9.000000000000000222e-01,0.000000000000000000e+00,7.356389812000000417e-01,2.137553245999999907e-02
9.500000000000000000e+06,5.000000000000000000e+02,9.000000000000000222e-01,0.000000000000000000e+00,7.370288919999999910e-01,2.139444834000000031e-02
9.700000000000000000e+06,5.000000000000000000e+02,9.000000000000000222e-01,0.000000000000000000e+00,7.384122669999999555e-01,2.141354813000000135e-02
9.900000000000000000e+06,5.000000000000000000e+02,9.000000000000000222e-01,0.000000000000000000e+00,7.397891708999999594e-01,2.143281961000000069e-02
1.000000000000000000e+06,5.000000000000000000e+02,9.000000000000000222e-01,0.000000000000000000e+00,6.694733288999999976e-01,2.141647102000000108e-02
3.000000000000000000e+06,5.000000000000000000e+02,9.000000000000000222e-01,0.000000000000000000e+00,6.878743702999999821e-01,2.103708856000000016e-02
5.000000000000000000e+06,5.000000000000000000e+02,9.000000000000000222e-01,0.000000000000000000e+00,7.040108428000000362e-01,2.105192521999999997e-02
7.000000000000000000e+06,5.000000000000000000e+02,9.000000000000000222e-01,0.000000000000000000e+00,7.191611224999999719e-01,2.117638251000000110e-02
9.000000000000000000e+06,5.000000000000000000e+02,9.000000000000000222e-01,0.000000000000000000e+00,7.335417136999999865e-01,2.134753224000000144e-02
1.100000000000000000e+07,5.000000000000000000e+02,9.000000000000000222e-01,0.000000000000000000e+00,7.472491732999999581e-01,2.154140502999999859e-02
1.300000000000000000e+07,5.000000000000000000e+02,9.000000000000000222e-01,0.000000000000000000e+00,7.603459774999999921e-01,2.174655328000000068e-02
1.500000000000000000e+07,5.000000000000000000e+02,9.000000000000000222e-01,0.000000000000000000e+00,7.728800569999999537e-01,2.195678036000000069e-02
1.700000000000000000e+07,5.000000000000000000e+02,9.000000000000000222e-01,0.000000000000000000e+00,7.848913227999999576e-01,2.216846449999999857e-02
1.900000000000000000e+07,5.000000000000000000e+02,9.000000000000000222e-01,0.000000000000000000e+00,7.964144386000000519e-01,2.237938425999999939e-02
2.100000000000000000e+07,5.000000000000000000e+02,9.000000000000000222e-01,0.000000000000000000e+00,8.074802222000000418e-01,2.258813762000000044e-02
2.300000000000000000e+07,5.000000000000000000e+02,9.000000000000000222e-01,0.000000000000000000e+00,8.181164583000000157e-01,2.279382844000000033e-02
2.500000000000000000e+07,5.000000000000000000e+02,9.000000000000000222e-01,0.000000000000000000e+00,8.283484248000000383e-01,2.299588585999999893e-02
2.700000000000000000e+07,5.000000000000000000e+02,9.000000000000000222e-01,0.000000000000000000e+00,8.381992618000000395e-01,2.319395453999999884e-02
2.900000000000000000e+07,5.000000000000000000e+02,9.000000000000000222e-01,0.000000000000000000e+00,8.476902491000000150e-01,2.338782538000000119e-02
3.100000000000000000e+07,5.000000000000000000e+02,9.000000000000000222e-01,0.000000000000000000e+00,8.568410244999999925e-01,2.357739010999999885e-02
3.300000000000000000e+07,5.000000000000000000e+02,9.000000000000000222e-01,0.000000000000000000e+00,8.656697615999999762e-01,2.376261082999999927e-02
3.500000000000000000e+07,5.000000000000000000e+02,9.000000000000000222e-01,0.000000000000000000e+00,8.741933188999999604e-01,2.394349900000000003e-02
3.700000000000000000e+07,5.000000000000000000e+02,9.000000000000000222e-01,0.000000000000000000e+00,8.824273666999999932e-01,2.412010083000000124e-02
3.900000000000000000e+07,5.000000000000000000e+02,9.000000000000000222e-01,0.000000000000000000e+00,8.903864970999999517e-01,2.429248678000000064e-02
4.100000000000000000e+07,5.000000000000000000e+02,9.000000000000000222e-01,0.000000000000000000e+00,8.980843200000000470e-01,2.446074406000000104e-02
4.300000000000000000e+07,5.000000000000000000e+02,9.000000000000000222e-01,0.000000000000000000e+00,9.055335483999999990e-01,2.462497119000000081e-02
4.500000000000000000e+07,5.000000000000000000e+02,9.000000000000000222e-01,0.000000000000000000e+00,9.127460729999999911e-01,2.478527394000000147e-02
4.700000000000000000e+07,5.000000000000000000e+02,9.000000000000000222e-01,0.000000000000000000e+00,9.197330303999999845e-01,2.494176244999999834e-02
4.900000000000000000e+07,5.000000000000000000e+02,9.000000000000000222e-01,0.000000000000000000e+00,9.265048626999999870e-01,2.509454898999999989e-02
5.100000000000000000e+07,5.000000000000000000e+02,9.000000000000000222e-01,0.000000000000000000e+00,9.330713725000000514e-01,2.524374638000000115e-02
5.300000000000000000e+07,5.000000000000000000e+02,9.000000000000000222e-01,0.000000000000000000e+00,9.394417715999999752e-01,2.538946683999999954e-02
5.500000000000000000e+07,5.000000000000000000e+02,9.000000000000000222e-01,0.000000000000000000e+00,9.456247254999999852e-01,2.553182106000000118e-02
5.700000000000000000e+07,5.000000000000000000e+02,9.000000000000000222e-01,0.000000000000000000e+00,9.516283942000000051e-01,2.567091762000000069e-02
5.900000000000000000e+07,5.000000000000000000e+02,9.000000000000000222e-01,0.000000000000000000e+00,9.574604684999999948e-01,2.580686256000000109e-02
6.100000000000000000e+07,5.000000000000000000e+02,9.000000000000000222e-01,0.000000000000000000e+00,9.631282038999999795e-01,2.593975901000000056e-02
6.300000000000000000e+07,5.000000000000000000e+02,9.000000000000000222e-01,0.000000000000000000e+00,9.686384511000000197e-01,2.606970705000000166e-02
6.500000000000000000e+07,5.000000000000000000e+02,9.000000000000000222e-01,0.000000000000000000e+00,9.739976838999999664e-01,2.619680356999999973e-02
6.700000000000000000e+07,5.000000000000000000e+02,9.000000000000000222e-01,0.000000000000000000e+00,9.792120252999999552e-01,2.632114220000000143e-02
6.900000000000000000e+07,5.000000000000000000e+02,9.000000000000000222e-01,0.000000000000000000e+00,9.842872706999999943e-01,2.644281329999999958e-02
7.100000000000000000e+07,5.000000000000000000e+02,9.000000000000000222e-01,0.000000000000000000e+00,9.892289099000000085e-01,2.656190396999999828e-02
7.300000000000000000e+07,5.000000000000000000e+02,9.000000000000000222e-01,0.000000000000000000e+00,9.940421469000000343e-01,2.667849813999999958e-02
7.500000000000000000e+07,5.000000000000000000e+02,9.000000000000000222e-01,0.000000000000000000e+00,9.987319185999999904e-01,2.679267656999999997e-02
7.700000000000000000e+07,5.000000000000000000e+02,9.000000000000000222e-01,0.000000000000000000e+00,1.003302911000000019e+00,2.690451697000000031e-02
7.900000000000000000e+07,5.000000000000000000e+02,9.000000000000000222e-01,0.000000000000000000e+00,1.007759577000000073e+00,2.701409407000000124e-02
8.100000000000000000e+07,5.000000000000000000e+02,9.000000000000000222e-01,0.000000000000000000e+00,1.012106147999999983e+00,2.712147975000000003e-02
8.300000000000000000e+07,5.000000000000000000e+02,9.000000000000000222e-01,0.000000000000000000e+00,1.016346648999999935e+00,2.722674309000000167e-02
8.500000000000000000e+07,5.000000000000000000e+02,9.000000000000000222e-01,0.000000000000000000e+00,1.020484911999999911e+00,2.732995046999999941e-02
8.700000000000000000e+07,5.000000000000000000e+02,9.000000000000000222e-01,0.000000000000000000e+00,1.024524584999999988e+00,2.743116573999999919e-02
8.900000000000000000e+07,5.000000000000000000e+02,9.000000000000000222e-01,0.000000000000000000e+00,1.028469145000000085e+00,2.753045024000000049e-02
9.100000000000000000e+07,5.000000000000000000e+02,9.000000000000000222e-01,0.000000000000000000e+00,1.032321907999999899e+00,2.762786293000000018e-02
9.300000000000000000e+07,5.000000000000000000e+02,9.000000000000000222e-01,0.000000000000000000e+00,1.036086037000000015e+00,2.772346051999999977e-02
9.500000000000000000e+07,5.000000000000000000e+02,9.000000000000000222e-01,0.000000000000000000e+00,1.039764549999999899e+00,2.781729750000000098e-02
9.700000000000000000e+07,5.000000000000000000e+02,9.000000000000000222e-01,0.000000000000000000e+00,1.043360332000000001e+00,2.790942629000000078e-02
9.900000000000000000e+07,5.000000000000000000e+02,9.000000000000000222e-01,0.000000000000000000e+00,1.046876136999999929e+00,2.799989729999999982e-02
1.000000000000000000e+07,5.000000000000000000e+02,9.000000000000000222e-01,0.000000000000000000e+00,7.404752157999999751e-01,2.144251612999999862e-02
3.000000000000000000e+07,5.000000000000000000e+02,9.000000000000000222e-01,0.000000000000000000e+00,8.523069949999999562e-01,2.348314975000000138e-02
5.000000000000000000e+07,5.000000000000000000e+02,9.000000000000000222e-01,0.000000000000000000e+00,9.298131938999999457e-01,2.516958928999999887e-02
7.000000000000000000e+07,5.000000000000000000e+02,9.000000000000000222e-01,0.000000000000000000e+00,9.867744593999999703e-01,2.650267586999999897e-02
9.000000000000000000e+07,5.000000000000000000e+02,9.000000000000000222e-01,0.000000000000000000e+00,1.030406799999999956e+00,2.757938697000000133e-02
1.000000000000000000e+08,5.000000000000000000e+02,9.000000000000000222e-01,0.000000000000000000e+00,1.048604877000000046e+00,2.804452635999999874e-02
