# pressure,temperature,f1,f2,molkg1,molkg2
1.000000000000000000e+00,5.000000000000000000e+02,0.000000000000000000e+00,9.000000000000000222e-01,4.796846612999999965e-06,1.038796433000000065e-04
3.000000000000000000e+00,5.000000000000000000e+02,0.000000000000000000e+00,9.000000000000000222e-01,1.438589489000000050e-05,3.115364981999999786e-04
5.000000000000000000e+00,5.000000000000000000e+02,0.000000000000000000e+00,9.000000000000000222e-01,2.396875495000000108e-05,5.190568894999999681e-04
7.000000000000000000e+00,5.000000000000000000e+02,0.000000000000000000e+00,9.000000000000000222e-01,3.354543285999999838e-05,7.264409514999999561e-04
9.000000000000000000e+00,5.000000000000000000e+02,0.000000000000000000e+00,9.000000000000000222e-01,4.311593465999999993e-05,9.336888185999999692e-04
1.100000000000000000e+01,5.000000000000000000e+02,0.000000000000000000e+00,9.000000000000000222e-01,5.268026639999999781e-05,1.140800625000000078e-03
1.300000000000000000e+01,5.000000000000000000e+02,0.000000000000000000e+00,9.000000000000000222e-01,6.223843411999999446e-05,1.347776503999999903e-03
1.500000000000000000e+01,5.000000000000000000e+02,0.000000000000000000e+00,9.000000000000000222e-01,7.179044383000000298e-05,1.554616590000000012e-03
1.700000000000000000e+01,5.000000000000000000e+02,0.000000000000000000e+00,9.000000000000000222e-01,8.133630156000000227e-05,1.761321016000000090e-03
1.900000000000000000e+01,5.000000000000000000e+02,0.000000000000000000e+00,9.000000000000000222e-01,9.087601333000000189e-05,1.967889914999999823e-03
2.100000000000000000e+01,5.000000000000000000e+02,0.000000000000000000e+00,9.000000000000000222e-01,1.004095851000000057e-04,2.174323421000000194e-03
2.300000000000000000e+01,5.000000000000000000e+02,0.000000000000000000e+00,9.000000000000000222e-01,1.099370228999999992e-04,2.380621666999999803e-03
2.500000000000000000e+01,5.000000000000000000e+02,0.000000000000000000e+00,9.000000000000000222e-01,1.194583327999999947e-04,2.586784785999999853e-03
2.700000000000000000e+01,5.000000000000000000e+02,0.000000000000000000e+00,9.000000000000000222e-01,1.289735206000000123e-04,2.792812908999999823e-03
2.900000000000000000e+01,5.000000000000000000e+02,0.000000000000000000e+00,9.000000000000000222e-01,1.384825924000000058e-04,2.998706171000000038e-03
3.100000000000000000e+01,5.000000000000000000e+02,0.000000000000000000e+00,9.000000000000000222e-01,1.479855541999999921e-04,3.204464701999999981e-03
3.300000000000000000e+01,5.000000000000000000e+02,0.000000000000000000e+00,9.000000000000000222e-01,1.574824117999999913e-04,3.410088635999999982e-03
3.500000000000000000e+01,5.000000000000000000e+02,0.000000000000000000e+00,9.000000000000000222e-01,1.669731712000000064e-04,3.615578102999999956e-03
3.700000000000000000e+01,5.000000000000000000e+02,0.000000000000000000e+00,9.000000000000000222e-01,1.764578384999999916e-04,3.820933236999999802e-03
3.900000000000000000e+01,5.000000000000000000e+02,0.000000000000000000e+00,9.000000000000000222e-01,1.859364193999999890e-04,4.026154167999999867e-03
4.100000000000000000e+01,5.000000000000000000e+02,0.000000000000000000e+00,9.000000000000000222e-01,1.954089200000000068e-04,4.231241028000000057e-03
4.300000000000000000e+01,5.000000000000000000e+02,0.000000000000000000e+00,9.000000000000000222e-01,2.048753461000000109e-04,4.436193948000000283e-03
4.500000000000000000e+01,5.000000000000000000e+02,0.000000000000000000e+00,9.000000000000000222e-01,2.143357037000000046e-04,4.641013058999999587e-03
4.700000000000000000e+01,5.000000000000000000e+02,0.000000000000000000e+00,9.000000000000000222e-01,2.237899987000000130e-04,4.845698493000000044e-03
4.900000000000000000e+01,5.000000000000000000e+02,0.000000000000000000e+00,9.000000000000000222e-01,2.332382369000000021e-04,5.050250380000000268e-03
5.100000000000000000e+01,5.000000000000000000e+02,0.000000000000000000e+00,9.000000000000000222e-01,2.426804243000000021e-04,5.254668849999999738e-03
5.300000000000000000e+01,5.000000000000000000e+02,0.000000000000000000e+00,9.000000000000000222e-01,2.521165667000000062e-04,5.458954034999999663e-03
5.500000000000000000e+01,5.000000000000000000e+02,0.000000000000000000e+00,9.000000000000000222e-01,2.615466700000000123e-04,5.663106063999999960e-03
5.700000000000000000e+01,5.000000000000000000e+02,0.000000000000000000e+00,9.000000000000000222e-01,2.709707400000000137e-04,5.867125067000000110e-03
5.900000000000000000e+01,5.000000000000000000e+02,0.000000000000000000e+00,9.000000000000000222e-01,2.803887826999999864e-04,6.071011173999999594e-03
6.100000000000000000e+01,5.000000000000000000e+02,0.000000000000000000e+00,9.000000000000000222e-01,2.898008038000000268e-04,6.274764514999999626e-03
6.300000000000000000e+01,5.000000000000000000e+02,0.000000000000000000e+00,9.000000000000000222e-01,2.992068093000000025e-04,6.478385219999999688e-03
6.500000000000000000e+01,5.000000000000000000e+02,0.000000000000000000e+00,9.000000000000000222e-01,3.086068049000000100e-04,6.681873417999999697e-03
6.700000000000000000e+01,5.000000000000000000e+02,0.000000000000000000e+00,9.000000000000000222e-01,3.180007964000000154e-04,6.885229239000000001e-03
6.900000000000000000e+01,5.000000000000000000e+02,0.000000000000000000e+00,9.000000000000000222e-01,3.273887897999999946e-04,7.088452809999999660e-03
7.100000000000000000e+01,5.000000000000000000e+02,0.000000000000000000e+00,9.000000000000000222e-01,3.367707907000000119e-04,7.291544262000000318e-03
7.300000000000000000e+01,5.000000000000000000e+02,0.000000000000000000e+00,9.000000000000000222e-01,3.461468050999999893e-04,7.494503722999999729e-03
7.500000000000000000e+01,5.000000000000000000e+02,0.000000000000000000e+00,9.000000000000000222e-01,3.555168385999999910e-04,7.697331320999999983e-03
7.700000000000000000e+01,5.000000000000000000e+02,0.000000000000000000e+00,9.000000000000000222e-01,3.648808971999999932e-04,7.900027185000000132e-03
7.900000000000000000e+01,5.000000000000000000e+02,0.000000000000000000e+00,9.000000000000000222e-01,3.742389865000000058e-04,8.102591443000000532e-03
8.100000000000000000e+01,5.000000000000000000e+02,0.000000000000000000e+00,9.000000000000000222e-01,3.835911122999999950e-04,8.305024224000000233e-03
8.300000000000000000e+01,5.000000000000000000e+02,0.000000000000000000e+00,9.000000000000000222e-01,3.929372803999999809e-04,8.507325653999999598e-03
8.500000000000000000e+01,5.000000000000000000e+02,0.000000000000000000e+00,9.000000000000000222e-01,4.022774967000000159e-04,8.709495863000000712e-03
8.700000000000000000e+01,5.000000000000000000e+02,0.000000000000000000e+00,9.000000000000000222e-01,4.116117667000000237e-04,8.911534977000000468e-03
8.900000000000000000e+01,5.000000000000000000e+02,0.000000000000000000e+00,9.000000000000000222e-01,4.209400963000000024e-04,9.113443124000000090e-03
9.100000000000000000e+01,5.000000000000000000e+02,0.000000000000000000e+00,9.000000000000000222e-01,4.302624911999999944e-04,9.315220429999999940e-03
9.300000000000000000e+01,5.000000000000000000e+02,0.000000000000000000e+00,9.000000000000000222e-01,4.395789570999999877e-04,9.516867023999999939e-03
9.500000000000000000e+01,5.000000000000000000e+02,0.000000000000000000e+00,9.000000000000000222e-01,4.488894997000000245e-04,9.718383032000000449e-03
9.700000000000000000e+01,5.000000000000000000e+02,0.000000000000000000e+00,9.000000000000000222e-01,4.581941248000000167e-04,9.919768581000000529e-03
9.900000000000000000e+01,5.000000000000000000e+02,0.000000000000000000e+00,9.000000000000000222e-01,4.674928381000000065e-04,1.012102380000000010e-02
1.000000000000000000e+01,5.000000000000000000e+02,0.000000000000000000e+00,9.000000000000000222e-01,4.789887141000000002e-05,1.037261720999999980e-03
3.000000000000000000e+01,5.000000000000000000e+02,0.000000000000000000e+00,9.000000000000000222e-01,1.432348367000000060e-04,3.101602269999999967e-03
5.000000000000000000e+01,5.000000000000000000e+02,0.000000000000000000e+00,9.000000000000000222e-01,2.379600865999999899e-04,5.152476284000000184e-03
7.000000000000000000e+01,5.000000000000000000e+02,0.000000000000000000e+00,9.000000000000000222e-01,3.320805390000000201e-04,7.190015043000000383e-03
9.000000000000000000e+01,5.000000000000000000e+02,0.000000000000000000e+00,9.000000000000000222e-01,4.256020352000000010e-04,9.214348124000000181e-03
1.100000000000000000e+02,5.000000000000000000e+02,0.000000000000000000e+00,9.000000000000000222e-01,5.185303414999999473e-04,1.122560342999999981e-02
1.300000000000000000e+02,5.000000000000000000e+02,0.000000000000000000e+00,9.000000000000000222e-01,6.108711500999999475e-04,1.322390721999999914e-02
1.500000000000000000e+02,5.000000000000000000e+02,0.000000000000000000e+00,9.000000000000000222e-01,7.026300803000000341e-04,1.520938414000000058e-02
1.700000000000000000e+02,5.000000000000000000e+02,0.000000000000000000e+00,9.000000000000000222e-01,7.938126798999999836e-04,1.718215722000000084e-02
1.900000000000000000e+02,5.000000000000000000e+02,0.000000000000000000e+00,9.000000000000000222e-01,8.844244261999999624e-04,1.914234794999999933e-02
2.100000000000000000e+02,5.000000000000000000e+02,0.000000000000000000e+00,9.000000000000000222e-01,9.744707270999999589e-04,2.109007624999999914e-02
2.300000000000000000e+02,5.000000000000000000e+02,0.000000000000000000e+00,9.000000000000000222e-01,1.063956922000000018e-03,2.302546055000000147e-02
2.500000000000000000e+02,5.000000000000000000e+02,0.000000000000000000e+00,9.000000000000000222e-01,1.152888283000000087e-03,2.494861774000000157e-02
2.700000000000000000e+02,5.000000000000000000e+02,0.000000000000000000e+00,9.000000000000000222e-01,1.241270016999999979e-03,2.685966329999999944e-02
2.900000000000000000e+02,5.000000000000000000e+02,0.000000000000000000e+00,9.000000000000000222e-01,1.329107264999999970e-03,2.875871119999999850e-02
3.100000000000000000e+02,5.000000000000000000e+02,0.000000000000000000e+00,9.000000000000000222e-01,1.416405103999999939e-03,3.064587402999999904e-02
3.300000000000000000e+02,5.000000000000000000e+02,0.000000000000000000e+00,9.000000000000000222e-01,1.503168547000000022e-03,3.252126293999999668e-02
3.500000000000000000e+02,5.000000000000000000e+02,0.000000000000000000e+00,9.000000000000000222e-01,1.589402545999999946e-03,3.438498773999999758e-02
3.700000000000000000e+02,5.000000000000000000e+02,0.000000000000000000e+00,9.000000000000000222e-01,1.675111991999999900e-03,3.623715682999999882e-02
3.900000000000000000e+02,5.000000000000000000e+02,0.000000000000000000e+00,9.000000000000000222e-01,1.760301715000000102e-03,3.807787732000000175e-02
4.100000000000000000e+02,5.000000000000000000e+02,0.000000000000000000e+00,9.000000000000000222e-01,1.844976486999999913e-03,3.990725494999999845e-02
4.300000000000000000e+02,5.000000000000000000e+02,0.000000000000000000e+00,9.000000000000000222e-01,1.929141019000000026e-03,4.172539421000000248e-02
4.500000000000000000e+02,5.000000000000000000e+02,0.000000000000000000e+00,9.000000000000000222e-01,2.012799967000000051e-03,4.353239829000000310e-02
4.700000000000000000e+02,5.000000000000000000e+02,0.000000000000000000e+00,9.000000000000000222e-01,2.095957930000000042e-03,4.532836910000000163e-02
4.900000000000000000e+02,5.000000000000000000e+02,0.000000000000000000e+00,9.000000000000000222e-01,2.178619450000000065e-03,4.711340734999999724e-02
5.100000000000000000e+02,5.000000000000000000e+02,0.000000000000000000e+00,9.000000000000000222e-01,2.260789013999999972e-03,4.888761250999999752e-02
5.300000000000000000e+02,5.000000000000000000e+02,0.000000000000000000e+00,9.000000000000000222e-01,2.342471057999999818e-03,5.065108282999999934e-02
5.500000000000000000e+02,5.000000000000000000e+02,0.000000000000000000e+00,9.000000000000000222e-01,2.423669959999999891e-03,5.240391540000000070e-02
5.700000000000000000e+02,5.000000000000000000e+02,0.000000000000000000e+00,9.000000000000000222e-01,2.504390049999999802e-03,5.414620612999999916e-02
5.900000000000000000e+02,5.000000000000000000e+02,0.000000000000000000e+00,9.000000000000000222e-01,2.584635602999999816e-03,5.587804980000000282e-02
6.100000000000000000e+02,5.000000000000000000e+02,0.000000000000000000e+00,9.000000000000000222e-01,2.664410843999999966e-03,5.759954001999999934e-02
6.300000000000000000e+02,5.000000000000000000e+02,0.000000000000000000e+00,9.000000000000000222e-01,2.743719950000000039e-03,5.931076931999999802e-02
6.500000000000000000e+02,5.000000000000000000e+02,0.000000000000000000e+00,9.000000000000000222e-01,2.822567045000000038e-03,6.101182911999999958e-02
6.700000000000000000e+02,5.000000000000000000e+02,0.000000000000000000e+00,9.000000000000000222e-01,2.900956206000000152e-03,6.270280976000000561e-02
6.900000000000000000e+02,5.000000000000000000e+02,0.000000000000000000e+00,9.000000000000000222e-01,2.978891462999999889e-03,6.438380049000000382e-02
7.100000000000000000e+02,5.000000000000000000e+02,0.000000000000000000e+00,9.000000000000000222e-01,3.056376796999999822e-03,6.605488953999999469e-02
7.300000000000000000e+02,5.000000000000000000e+02,0.000000000000000000e+00,9.000000000000000222e-01,3.133416143999999837e-03,6.771616410000000363e-02
7.500000000000000000e+02,5.000000000000000000e+02,0.000000000000000000e+00,9.000000000000000222e-01,3.210013393000000007e-03,6.936771031999999781e-02
7.700000000000000000e+02,5.000000000000000000e+02,0.000000000000000000e+00,9.000000000000000222e-01,3.286172388000000149e-03,7.100961337000000206e-02
7.900000000000000000e+02,5.000000000000000000e+02,0.000000000000000000e+00,9.000000000000000222e-01,3.361896927999999830e-03,7.264195739999999846e-02
8.100000000000000000e+02,5.000000000000000000e+02,0.000000000000000000e+00,9.000000000000000222e-01,3.437190769000000087e-03,7.426482561000000149e-02
8.300000000000000000e+02,5.000000000000000000e+02,0.000000000000000000e+00,9.000000000000000222e-01,3.512057622999999965e-03,7.587830022000000008e-02
8.500000000000000000e+02,5.000000000000000000e+02,0.000000000000000000e+00,9.000000000000000222e-01,3.586501159999999980e-03,7.748246251000000251e-02
8.700000000000000000e+02,5.000000000000000000e+02,0.000000000000000000e+00,9.000000000000000222e-01,3.660525007999999945e-03,7.907739282999999564e-02
8.900000000000000000e+02,5.000000000000000000e+02,0.000000000000000000e+00,9.000000000000000222e-01,3.734132750999999851e-03,8.066317060000000039e-02
9.100000000000000000e+02,5.000000000000000000e+02,0.000000000000000000e+00,9.000000000000000222e-01,3.807327935999999836e-03,8.223987434000000485e-02
9.300000000000000000e+02,5.000000000000000000e+02,0.000000000000000000e+00,9.000000000000000222e-01,3.880114067000000212e-03,8.380758165000000426e-02
9.500000000000000000e+02,5.000000000000000000e+02,0.000000000000000000e+00,9.000000000000000222e-01,3.952494610000000137e-03,8.536636928000000679e-02
9.700000000000000000e+02,5.000000000000000000e+02,0.000000000000000000e+00,9.000000000000000222e-01,4.024472991000000235e-03,8.691631310000000332e-02
9.900000000000000000e+02,5.000000000000000000e+02,0.000000000000000000e+00,9.000000000000000222e-01,4.096052596000000420e-03,8.845748809999999518e-02
1.000000000000000000e+02,5.000000000000000000e+02,0.000000000000000000e+00,9.000000000000000222e-01,4.721399796000000219e-04,1.022160257000000010e-02
3.000000000000000000e+02,5.000000000000000000e+02,0.000000000000000000e+00,9.000000000000000222e-01,1.372823295999999913e-03,2.970377126999999839e-02
5.000000000000000000e+02,5.000000000000000000e+02,0.000000000000000000e+00,9.000000000000000222e-01,2.219765447999999790e-03,4.800185790000000008e-02
7.000000000000000000e+02,5.000000000000000000e+02,0.000000000000000000e+00,9.000000000000000222e-01,3.017690123999999894e-03,6.522057724999999473e-02
9.000000000000000000e+02,5.000000000000000000e+02,0.000000000000000000e+00,9.000000000000000222e-01,3.770781692999999792e-03,8.145265185000000185e-02
1.100000000000000000e+03,5.000000000000000000e+02,0.000000000000000000e+00,9.000000000000000222e-01,4.482760126000000060e-03,9.678048079999999886e-02
1.300000000000000000e+03,5.000000000000000000e+02,0.000000000000000000e+00,9.000000000000000222e-01,5.156943744999999829e-03,1.112775374999999956e-01
1.500000000000000000e+03,5.000000000000000000e+02,0.000000000000000000e+00,9.000000000000000222e-01,5.796302072000000284e-03,1.250095465000000128e-01
1.700000000000000000e+03,5.000000000000000000e+02,0.000000000000000000e+00,9.000000000000000222e-01,6.403500539000000352e-03,1.380354782999999863e-01
1.900000000000000000e+03,5.000000000000000000e+02,0.000000000000000000e+00,9.000000000000000222e-01,6.980938481999999709e-03,1.504083955999999944e-01
2.100000000000000000e+03,5.000000000000000000e+02,0.000000000000000000e+00,9.000000000000000222e-01,7.530781587000000103e-03,1.621761747999999892e-01
2.300000000000000000e+03,5.000000000000000000e+02,0.000000000000000000e+00,9.000000000000000222e-01,8.054989687999999232e-03,1.733821244000000039e-01
2.500000000000000000e+03,5.000000000000000000e+02,0.000000000000000000e+00,9.000000000000000222e-01,8.555340688000000540e-03,1.840655173999999894e-01
2.700000000000000000e+03,5.000000000000000000e+02,0.000000000000000000e+00,9.000000000000000222e-01,9.033451221999999614e-03,1.942620499999999917e-01
2.900000000000000000e+03,5.000000000000000000e+02,0.000000000000000000e+00,9.000000000000000222e-01,9.490794561000000240e-03,2.040042404999999892e-01
3.100000000000000000e+03,5.000000000000000000e+02,0.000000000000000000e+00,9.000000000000000222e-01,9.928716182999999459e-03,2.133217745000000054e-01
3.300000000000000000e+03,5.000000000000000000e+02,0.000000000000000000e+00,9.000000000000000222e-01,1.034844734999999967e-02,2.222418072000000022e-01
3.500000000000000000e+03,5.000000000000000000e+02,0.000000000000000000e+00,9.000000000000000222e-01,1.075111701000000010e-02,2.307892270999999940e-01
3.700000000000000000e+03,5.000000000000000000e+02,0.000000000000000000e+00,9.000000000000000222e-01,1.113776219000000081e-02,2.389868877999999919e-01
3.900000000000000000e+03,5.000000000000000000e+02,0.000000000000000000e+00,9.000000000000000222e-01,1.150933722999999964e-02,2.468558118999999995e-01
4.100000000000000000e+03,5.000000000000000000e+02,0.000000000000000000e+00,9.000000000000000222e-01,1.186672182000000041e-02,2.544153706000000237e-01
4.300000000000000000e+03,5.000000000000000000e+02,0.000000000000000000e+00,9.000000000000000222e-01,1.221072821999999967e-02,2.616834424999999742e-01
4.500000000000000000e+03,5.000000000000000000e+02,0.000000000000000000e+00,9.000000000000000222e-01,1.254210759000000050e-02,2.686765552000000001e-01
4.700000000000000000e+03,5.000000000000000000e+02,0.000000000000000000e+00,9.000000000000000222e-01,1.286155561000000037e-02,2.754100100999999912e-01
4.900000000000000000e+03,5.000000000000000000e+02,0.000000000000000000e+00,9.000000000000000222e-01,1.316971758999999943e-02,2.818979939999999851e-01
5.100000000000000000e+03,5.000000000000000000e+02,0.000000000000000000e+00,9.000000000000000222e-01,1.346719287999999931e-02,2.881536791000000042e-01
5.300000000000000000e+03,5.000000000000000000e+02,0.000000000000000000e+00,9.000000000000000222e-01,1.375453893999999989e-02,2.941893118999999723e-01
5.500000000000000000e+03,5.000000000000000000e+02,0.000000000000000000e+00,9.000000000000000222e-01,1.403227494000000054e-02,3.000162928999999812e-01
5.700000000000000000e+03,5.000000000000000000e+02,0.000000000000000000e+00,9.000000000000000222e-01,1.430088497999999937e-02,3.056452490000000077e-01
5.900000000000000000e+03,5.000000000000000000e+02,0.000000000000000000e+00,9.000000000000000222e-01,1.456082103000000058e-02,3.110860973999999834e-01
6.100000000000000000e+03,5.000000000000000000e+02,0.000000000000000000e+00,9.000000000000000222e-01,1.481250553999999969e-02,3.163481041999999799e-01
6.300000000000000000e+03,5.000000000000000000e+02,0.000000000000000000e+00,9.000000000000000222e-01,1.505633382000000006e-02,3.214399366999999841e-01
6.500000000000000000e+03,5.000000000000000000e+02,0.000000000000000000e+00,9.000000000000000222e-01,1.529267622000000069e-02,3.263697113999999844e-01
6.700000000000000000e+03,5.000000000000000000e+02,0.000000000000000000e+00,9.000000000000000222e-01,1.552188000000000005e-02,3.311450368000000144e-01
6.900000000000000000e+03,5.000000000000000000e+02,0.000000000000000000e+00,9.000000000000000222e-01,1.574427119999999986e-02,3.357730525000000021e-01
7.100000000000000000e+03,5.000000000000000000e+02,0.000000000000000000e+00,9.000000000000000222e-01,1.596015615999999901e-02,3.402604649000000037e-01
7.300000000000000000e+03,5.000000000000000000e+02,0.000000000000000000e+00,9.000000000000000222e-01,1.616982302999999885e-02,3.446135793999999808e-01
7.500000000000000000e+03,5.000000000000000000e+02,0.000000000000000000e+00,9.000000000000000222e-01,1.637354309999999868e-02,3.488383301999999908e-01
7.700000000000000000e+03,5.000000000000000000e+02,0.000000000000000000e+00,9.000000000000000222e-01,1.657157199999999969e-02,3.529403069000000004e-01
7.900000000000000000e+03,5.000000000000000000e+02,0.000000000000000000e+00,9.000000000000000222e-01,1.676415083999999861e-02,3.569247792999999946e-01
8.100000000000000000e+03,5.000000000000000000e+02,0.000000000000000000e+00,9.000000000000000222e-01,1.695150721999999846e-02,3.607967201000000235e-01
8.300000000000000000e+03,5.000000000000000000e+02,0.000000000000000000e+00,9.000000000000000222e-01,1.713385615999999875e-02,3.645608250999999855e-01
8.500000000000000000e+03,5.000000000000000000e+02,0.000000000000000000e+00,9.000000000000000222e-01,1.731140094999999990e-02,3.682215328999999815e-01
8.700000000000000000e+03,5.000000000000000000e+02,0.000000000000000000e+00,9.000000000000000222e-01,1.748433397000000167e-02,3.717830414000000139e-01
8.900000000000000000e+03,5.000000000000000000e+02,0.000000000000000000e+00,9.000000000000000222e-01,1.765283738999999866e-02,3.752493248000000059e-01
9.100000000000000000e+03,5.000000000000000000e+02,0.000000000000000000e+00,9.000000000000000222e-01,1.781708385999999922e-02,3.786241476000000161e-01
9.300000000000000000e+03,5.000000000000000000e+02,0.000000000000000000e+00,9.000000000000000222e-01,1.797723710000000141e-02,3.819110785000000008e-01
9.500000000000000000e+03,5.000000000000000000e+02,0.000000000000000000e+00,9.000000000000000222e-01,1.813345247999999937e-02,3.851135031999999847e-01
9.700000000000000000e+03,5.000000000000000000e+02,0.000000000000000000e+00,9.000000000000000222e-01,1.828587757999999841e-02,3.882346354999999805e-01
9.900000000000000000e+03,5.000000000000000000e+02,0.000000000000000000e+00,9.000000000000000222e-01,1.843465261000000119e-02,3.912775285000000269e-01
1.000000000000000000e+03,5.000000000000000000e+02,0.000000000000000000e+00,9.000000000000000222e-01,4.131693906000000367e-03,8.922481051000000218e-02
3.000000000000000000e+03,5.000000000000000000e+02,0.000000000000000000e+00,9.000000000000000222e-01,9.712103603000000335e-03,2.087143364000000056e-01
5.000000000000000000e+03,5.000000000000000000e+02,0.000000000000000000e+00,9.000000000000000222e-01,1.331975529000000054e-02,2.850540878000000222e-01
7.000000000000000000e+03,5.000000000000000000e+02,0.000000000000000000e+00,9.000000000000000222e-01,1.585300854000000134e-02,3.380339310000000097e-01
9.000000000000000000e+03,5.000000000000000000e+02,0.000000000000000000e+00,9.000000000000000222e-01,1.773548231000000169e-02,3.769479412999999779e-01
1.100000000000000000e+04,5.000000000000000000e+02,0.000000000000000000e+00,9.000000000000000222e-01,1.919331768999999951e-02,4.067377663000000254e-01
1.300000000000000000e+04,5.000000000000000000e+02,0.000000000000000000e+00,9.000000000000000222e-01,2.035836891000000065e-02,4.302732831000000147e-01
1.500000000000000000e+04,5.000000000000000000e+02,0.000000000000000000e+00,9.000000000000000222e-01,2.131277497000000007e-02,4.493352563999999938e-01
1.700000000000000000e+04,5.000000000000000000e+02,0.000000000000000000e+00,9.000000000000000222e-01,2.211041349999999864e-02,4.650871737000000228e-01
1.900000000000000000e+04,5.000000000000000000e+02,0.000000000000000000e+00,9.000000000000000222e-01,2.278811799999999957e-02,4.783213539999999764e-01
2.100000000000000000e+04,5.000000000000000000e+02,0.000000000000000000e+00,9.000000000000000222e-01,2.337193997999999912e-02,4.895960092000000152e-01
2.300000000000000000e+04,5.000000000000000000e+02,0.000000000000000000e+00,9.000000000000000222e-01,2.388083589000000034e-02,4.993157503999999802e-01
2.500000000000000000e+04,5.000000000000000000e+02,0.000000000000000000e+00,9.000000000000000222e-01,2.432893598000000074e-02,5.077810122999999454e-01
2.700000000000000000e+04,5.000000000000000000e+02,0.000000000000000000e+00,9.000000000000000222e-01,2.472699352000000059e-02,5.152195486999999741e-01
2.900000000000000000e+04,5.000000000000000000e+02,0.000000000000000000e+00,9.000000000000000222e-01,2.508334054999999951e-02,5.218071536999999704e-01
3.100000000000000000e+04,5.000000000000000000e+02,0.000000000000000000e+00,9.000000000000000222e-01,2.540453581000000002e-02,5.276816772000000322e-01
3.300000000000000000e+04,5.000000000000000000e+02,0.000000000000000000e+00,9.000000000000000222e-01,2.569581477999999947e-02,5.329527362000000545e-01
3.500000000000000000e+04,5.000000000000000000e+02,0.000000000000000000e+00,9.000000000000000222e-01,2.596140891000000075e-02,5.377085888000000535e-01
3.700000000000000000e+04,5.000000000000000000e+02,0.000000000000000000e+00,9.000000000000000222e-01,2.620477660000000014e-02,5.420210940999999893e-01
3.900000000000000000e+04,5.000000000000000000e+02,0.000000000000000000e+00,9.000000000000000222e-01,2.642877294000000113e-02,5.459493505000000413e-01
4.100000000000000000e+04,5.000000000000000000e+02,0.000000000000000000e+00,9.000000000000000222e-01,2.663577652000000129e-02,5.495424073000000353e-01
4.300000000000000000e+04,5.000000000000000000e+02,0.000000000000000000e+00,9.000000000000000222e-01,2.682778552000000122e-02,5.528413129999999454e-01
4.500000000000000000e+04,5.000000000000000000e+02,0.000000000000000000e+00,9.000000000000000222e-01,2.700649126999999858e-02,5.558806819999999593e-01
4.700000000000000000e+04,5.000000000000000000e+02,0.000000000000000000e+00,9.000000000000000222e-01,2.717333541999999991e-02,5.586899075000000270e-01
4.900000000000000000e+04,5.000000000000000000e+02,0.000000000000000000e+00,9.000000000000000222e-01,2.732955465000000070e-02,5.612941096000000352e-01
5.100000000000000000e+04,5.000000000000000000e+02,0.000000000000000000e+00,9.000000000000000222e-01,2.747621617000000141e-02,5.637148846999999741e-01
5.300000000000000000e+04,5.000000000000000000e+02,0.000000000000000000e+00,9.000000000000000222e-01,2.761424599999999854e-02,5.659709017999999814e-01
5.500000000000000000e+04,5.000000000000000000e+02,0.000000000000000000e+00,9.000000000000000222e-01,2.774445173999999861e-02,5.680783820999999456e-01
5.700000000000000000e+04,5.000000000000000000e+02,0.000000000000000000e+00,9.000000000000000222e-01,2.786754110000000048e-02,5.700514877000000258e-01
5.900000000000000000e+04,5.000000000000000000e+02,0.000000000000000000e+00,9.000000000000000222e-01,2.798413698999999838e-02,5.719026376000000411e-01
6.100000000000000000e+04,5.000000000000000000e+02,0.000000000000000000e+00,9.000000000000000222e-01,2.809479000000000143e-02,5.736427681000000334e-01
6.300000000000000000e+04,5.000000000000000000e+02,0.000000000000000000e+00,9.000000000000000222e-01,2.819998866000000132e-02,5.752815474000000373e-01
6.500000000000000000e+04,5.000000000000000000e+02,0.000000000000000000e+00,9.000000000000000222e-01,2.830016806999999940e-02,5.768275541999999811e-01
6.700000000000000000e+04,5.000000000000000000e+02,0.000000000000000000e+00,9.000000000000000222e-01,2.839571705000000154e-02,5.782884269000000410e-01
6.900000000000000000e+04,5.000000000000000000e+02,0.000000000000000000e+00,9.000000000000000222e-01,2.848698422000000077e-02,5.796709888000000088e-01
7.100000000000000000e+04,5.000000000000000000e+02,0.000000000000000000e+00,9.000000000000000222e-01,2.857428310000000027e-02,5.809813542999999747e-01
7.300000000000000000e+04,5.000000000000000000e+02,0.000000000000000000e+00,9.000000000000000222e-01,2.865789649999999841e-02,5.822250181000000469e-01
7.500000000000000000e+04,5.000000000000000000e+02,0.000000000000000000e+00,9.000000000000000222e-01,2.873808018000000020e-02,5.834069319000000364e-01
7.700000000000000000e+04,5.000000000000000000e+02,0.000000000000000000e+00,9.000000000000000222e-01,2.881506610000000163e-02,5.845315701000000086e-01
7.900000000000000000e+04,5.000000000000000000e+02,0.000000000000000000e+00,9.000000000000000222e-01,2.888906512999999884e-02,5.856029856000000144e-01
8.100000000000000000e+04,5.000000000000000000e+02,0.000000000000000000e+00,9.000000000000000222e-01,2.896026943999999853e-02,5.866248581999999878e-01
8.300000000000000000e+04,5.000000000000000000e+02,0.000000000000000000e+00,9.000000000000000222e-01,2.902885452999999852e-02,5.876005370000000338e-01
8.500000000000000000e+04,5.000000000000000000e+02,0.000000000000000000e+00,9.000000000000000222e-01,2.909498103999999877e-02,5.885330760000000438e-01
8.700000000000000000e+04,5.000000000000000000e+02,0.000000000000000000e+00,9.000000000000000222e-01,2.915879630000000125e-02,5.894252667999999584e-01
8.900000000000000000e+04,5.000000000000000000e+02,0.000000000000000000e+00,9.000000000000000222e-01,2.922043572000000006e-02,5.902796650999999617e-01
9.100000000000000000e+04,5.000000000000000000e+02,0.000000000000000000e+00,9.000000000000000222e-01,2.928002395999999841e-02,5.910986160000000211e-01
9.300000000000000000e+04,5.000000000000000000e+02,0.000000000000000000e+00,9.000000000000000222e-01,2.933767602000000169e-02,5.918842748999999515e-01
9.500000000000000000e+04,5.000000000000000000e+02,0.000000000000000000e+00,9.000000000000000222e-01,2.939349814000000172e-02,5.926386259000000489e-01
9.700000000000000000e+04,5.000000000000000000e+02,0.000000000000000000e+00,9.000000000000000222e-01,2.944758864999999851e-02,5.933634992999999858e-01
9.900000000000000000e+04,5.000000000000000000e+02,0.000000000000000000e+00,9.000000000000000222e-01,2.950003870999999903e-02,5.940605853999999519e-01
1.000000000000000000e+04,5.000000000000000000e+02,0.000000000000000000e+00,9.000000000000000222e-01,1.850771328000000090e-02,3.927705477999999806e-01
3.000000000000000000e+04,5.000000000000000000e+02,0.000000000000000000e+00,9.000000000000000222e-01,2.524797817999999833e-02,5.248261295999999687e-01
5.000000000000000000e+04,5.000000000000000000e+02,0.000000000000000000e+00,9.000000000000000222e-01,2.740401922999999990e-02,5.625261963000000032e-01
7.000000000000000000e+04,5.000000000000000000e+02,0.000000000000000000e+00,9.000000000000000222e-01,2.853111134999999909e-02,5.803348391999999523e-01
9.000000000000000000e+04,5.000000000000000000e+02,0.000000000000000000e+00,9.000000000000000222e-01,2.925047884000000001e-02,5.906934325999999569e-01
1.100000000000000000e+05,5.000000000000000000e+02,0.000000000000000000e+00,9.000000000000000222e-01,2.976269147000000156e-02,5.974623179000000395e-01
1.300000000000000000e+05,5.000000000000000000e+02,0.000000000000000000e+00,9.000000000000000222e-01,3.015341227999999985e-02,6.022296131000000052e-01
1.500000000000000000e+05,5.000000000000000000e+02,0.000000000000000000e+00,9.000000000000000222e-01,3.046584880000000051e-02,6.057680785000000290e-01
1.700000000000000000e+05,5.000000000000000000e+02,0.000000000000000000e+00,9.000000000000000222e-01,3.072436728000000131e-02,6.084986368000000478e-01
1.900000000000000000e+05,5.000000000000000000e+02,0.000000000000000000e+00,9.000000000000000222e-01,3.094385972000000123e-02,6.106700345000000141e-01
2.100000000000000000e+05,5.000000000000000000e+02,0.000000000000000000e+00,9.000000000000000222e-01,3.113399898000000082e-02,6.124386445999999706e-01
2.300000000000000000e+05,5.000000000000000000e+02,0.000000000000000000e+00,9.000000000000000222e-01,3.130137497999999768e-02,6.139076654999999771e-01
2.500000000000000000e+05,5.000000000000000000e+02,0.000000000000000000e+00,9.000000000000000222e-01,3.145065312999999890e-02,6.151479282999999798e-01
2.700000000000000000e+05,5.000000000000000000e+02,0.000000000000000000e+00,9.000000000000000222e-01,3.158524244000000120e-02,6.162096485000000401e-01
2.900000000000000000e+05,5.000000000000000000e+02,0.000000000000000000e+00,9.000000000000000222e-01,3.170770064000000277e-02,6.171294067999999466e-01
3.100000000000000000e+05,5.000000000000000000e+02,0.000000000000000000e+00,9.000000000000000222e-01,3.181999035000000059e-02,6.179344756000000327e-01
3.300000000000000000e+05,5.000000000000000000e+02,0.000000000000000000e+00,9.000000000000000222e-01,3.192364688000000339e-02,6.186455973000000164e-01
3.500000000000000000e+05,5.000000000000000000e+02,0.000000000000000000e+00,9.000000000000000222e-01,3.201989160000000278e-02,6.192788244000000386e-01
3.700000000000000000e+05,5.000000000000000000e+02,0.000000000000000000e+00,9.000000000000000222e-01,3.210971048999999855e-02,6.198467716000000127e-01
3.900000000000000000e+05,5.000000000000000000e+02,0.000000000000000000e+00,9.000000000000000222e-01,3.219390991999999951e-02,6.203594867999999707e-01
4.100000000000000000e+05,5.000000000000000000e+02,0.000000000000000000e+00,9.000000000000000222e-01,3.227315701999999842e-02,6.208250709000000533e-01
4.300000000000000000e+05,5.000000000000000000e+02,0.000000000000000000e+00,9.000000000000000222e-01,3.234800944999999955e-02,6.212501264999999995e-01
4.500000000000000000e+05,5.000000000000000000e+02,0.000000000000000000e+00,9.000000000000000222e-01,3.241893775000000144e-02,6.216400874999999937e-01
4.700000000000000000e+05,5.000000000000000000e+02,0.000000000000000000e+00,9.000000000000000222e-01,3.248634224000000043e-02,6.219994665000000422e-01
4.900000000000000000e+05,5.000000000000000000e+02,0.000000000000000000e+00,9.000000000000000222e-01,3.255056619999999873e-02,6.223320409999999470e-01
5.100000000000000000e+05,5.000000000000000000e+02,0.000000000000000000e+00,9.000000000000000222e-01,3.261190598000000135e-02,6.226409969999999738e-01
5.300000000000000000e+05,5.000000000000000000e+02,0.000000000000000000e+00,9.000000000000000222e-01,3.267061912000000096e-02,6.229290399000000367e-01
5.500000000000000000e+05,5.000000000000000000e+02,0.000000000000000000e+00,9.000000000000000222e-01,3.272693069999999677e-02,6.231984812999999956e-01
5.700000000000000000e+05,5.000000000000000000e+02,0.000000000000000000e+00,9.000000000000000222e-01,3.278103853000000067e-02,6.234513082999999511e-01
5.900000000000000000e+05,5.000000000000000000e+02,0.000000000000000000e+00,9.000000000000000222e-01,3.283311732000000066e-02,6.236892375999999460e-01
6.100000000000000000e+05,5.000000000000000000e+02,0.000000000000000000e+00,9.000000000000000222e-01,3.288332212000000254e-02,6.239137604000000170e-01
6.300000000000000000e+05,5.000000000000000000e+02,0.000000000000000000e+00,9.000000000000000222e-01,3.293179108000000160e-02,6.241261777000000066e-01
6.500000000000000000e+05,5.000000000000000000e+02,0.000000000000000000e+00,9.000000000000000222e-01,3.297864782999999911e-02,6.243276296999999975e-01
6.700000000000000000e+05,5.000000000000000000e+02,0.000000000000000000e+00,9.000000000000000222e-01,3.302400342000000322e-02,6.245191196999999583e-01
6.900000000000000000e+05,5.000000000000000000e+02,0.000000000000000000e+00,9.000000000000000222e-01,3.306795792000000178e-02,6.247015339999999473e-01
7.100000000000000000e+05,5.000000000000000000e+02,0.000000000000000000e+00,9.000000000000000222e-01,3.311060185999999822e-02,6.248756582000000170e-01
7.300000000000000000e+05,5.000000000000000000e+02,0.000000000000000000e+00,9.000000000000000222e-01,3.315201735000000011e-02,6.250421913000000496e-01
7.500000000000000000e+05,5.000000000000000000e+02,0.000000000000000000e+00,9.000000000000000222e-01,3.319227907999999783e-02,6.252017570000000246e-01
7.700000000000000000e+05,5.000000000000000000e+02,0.000000000000000000e+00,9.000000000000000222e-01,3.323145521999999741e-02,6.253549136999999591e-01
7.900000000000000000e+05,5.000000000000000000e+02,0.000000000000000000e+00,9.000000000000000222e-01,3.326960812000000212e-02,6.255021626000000223e-01
8.100000000000000000e+05,5.000000000000000000e+02,0.000000000000000000e+00,9.000000000000000222e-01,3.330679494000000213e-02,6.256439550000000294e-01
8.300000000000000000e+05,5.000000000000000000e+02,0.000000000000000000e+00,9.000000000000000222e-01,3.334306824000000252e-02,6.257806980000000241e-01
8.500000000000000000e+05,5.000000000000000000e+02,0.000000000000000000e+00,9.000000000000000222e-01,3.337847641999999726e-02,6.259127599999999569e-01
8.700000000000000000e+05,5.000000000000000000e+02,0.000000000000000000e+00,9.000000000000000222e-01,3.341306415999999863e-02,6.260404752999999545e-01
8.900000000000000000e+05,5.000000000000000000e+02,0.000000000000000000e+00,9.000000000000000222e-01,3.344687281000000012e-02,6.261641474000000374e-01
9.100000000000000000e+05,5.000000000000000000e+02,0.000000000000000000e+00,9.000000000000000222e-01,3.347994068000000045e-02,6.262840528999999989e-01
9.300000000000000000e+05,5.000000000000000000e+02,0.000000000000000000e+00,9.000000000000000222e-01,3.351230331999999895e-02,6.264004442999999700e-01
9.500000000000000000e+05,5.000000000000000000e+02,0.000000000000000000e+00,9.000000000000000222e-01,3.354399381999999957e-02,6.265135523999999512e-01
9.700000000000000000e+05,5.000000000000000000e+02,0.000000000000000000e+00,9.000000000000000222e-01,3.357504298999999803e-02,6.266235888000000198e-01
9.900000000000000000e+05,5.000000000000000000e+02,0.000000000000000000e+00,9.000000000000000222e-01,3.360547960000000167e-02,6.267307475000000183e-01
1.000000000000000000e+05,5.000000000000000000e+02,0.000000000000000000e+00,9.000000000000000222e-01,2.952567525000000109e-02,5.943992015000000295e-01
3.000000000000000000e+05,5.000000000000000000e+02,0.000000000000000000e+00,9.000000000000000222e-01,3.176501211999999824e-02,6.175448530999999575e-01
5.000000000000000000e+05,5.000000000000000000e+02,0.000000000000000000e+00,9.000000000000000222e-01,3.258157969000000098e-02,6.224892921000000356e-01
7.000000000000000000e+05,5.000000000000000000e+02,0.000000000000000000e+00,9.000000000000000222e-01,3.308943839999999720e-02,6.247895867999999631e-01
9.000000000000000000e+05,5.000000000000000000e+02,0.000000000000000000e+00,9.000000000000000222e-01,3.346349705999999979e-02,6.262245546000000385e-01
1.100000000000000000e+06,5.000000000000000000e+02,0.000000000000000000e+00,9.000000000000000222e-01,3.376305037999999953e-02,6.272759932999999455e-01
1.300000000000000000e+06,5.000000000000000000e+02,0.000000000000000000e+00,9.000000000000000222e-01,3.401516350000000077e-02,6.281266645999999954e-01
1.500000000000000000e+06,5.000000000000000000e+02,0.000000000000000000e+00,9.000000000000000222e-01,3.423442079999999832e-02,6.288604304999999561e-01
1.700000000000000000e+06,5.000000000000000000e+02,0.000000000000000000e+00,9.000000000000000222e-01,3.442957044000000133e-02,6.295208661000000205e-01
1.900000000000000000e+06,5.000000000000000000e+02,0.000000000000000000e+00,9.000000000000000222e-01,3.460627004999999867e-02,6.301326996999999652e-01
2.100000000000000000e+06,5.000000000000000000e+02,0.000000000000000000e+00,9.000000000000000222e-01,3.476838868999999888e-02,6.307109201999999692e-01
2.300000000000000000e+06,5.000000000000000000e+02,0.000000000000000000e+00,9.000000000000000222e-01,3.491868887999999976e-02,6.312650906000000228e-01
2.500000000000000000e+06,5.000000000000000000e+02,0.000000000000000000e+00,9.000000000000000222e-01,3.505921201000000015e-02,6.318015667999999918e-01
2.700000000000000000e+06,5.000000000000000000e+02,0.000000000000000000e+00,9.000000000000000222e-01,3.519150932000000148e-02,6.323247172999999499e-01
2.900000000000000000e+06,5.000000000000000000e+02,0.000000000000000000e+00,9.000000000000000222e-01,3.531678733000000181e-02,6.328376288000000516e-01
3.100000000000000000e+06,5.000000000000000000e+02,0.000000000000000000e+00,9.000000000000000222e-01,3.543600303999999701e-02,6.333425348000000232e-01
3.300000000000000000e+06,5.000000000000000000e+02,0.000000000000000000e+00,9.000000000000000222e-01,3.554992833000000102e-02,6.338410835000000132e-01
3.500000000000000000e+06,5.000000000000000000e+02,0.000000000000000000e+00,9.000000000000000222e-01,3.565919495000000050e-02,6.343345132000000053e-01
3.700000000000000000e+06,5.000000000000000000e+02,0.000000000000000000e+00,9.000000000000000222e-01,3.576432647000000326e-02,6.348237675000000246e-01
3.900000000000000000e+06,5.000000000000000000e+02,0.000000000000000000e+00,9.000000000000000222e-01,3.586576175000000255e-02,6.353095756000000094e-01
4.100000000000000000e+06,5.000000000000000000e+02,0.000000000000000000e+00,9.000000000000000222e-01,3.596387226000000159e-02,6.357925074000000398e-01
4.300000000000000000e+06,5.000000000000000000e+02,0.000000000000000000e+00,9.000000000000000222e-01,3.605897527000000158e-02,6.362730129000000456e-01
4.500000000000000000e+06,5.000000000000000000e+02,0.000000000000000000e+00,9.000000000000000222e-01,3.615134388999999976e-02,6.367514507000000545e-01
4.700000000000000000e+06,5.000000000000000000e+02,0.000000000000000000e+00,9.000000000000000222e-01,3.624121495999999693e-02,6.372281089000000343e-01
4.900000000000000000e+06,5.000000000000000000e+02,0.000000000000000000e+00,9.000000000000000222e-01,3.632879516999999725e-02,6.377032204999999454e-01
5.100000000000000000e+06,5.000000000000000000e+02,0.000000000000000000e+00,9.000000000000000222e-01,3.641426601000000152e-02,6.381769755999999738e-01
5.300000000000000000e+06,5.000000000000000000e+02,0.000000000000000000e+00,9.000000000000000222e-01,3.649778769999999922e-02,6.386495295999999877e-01
5.500000000000000000e+06,5.000000000000000000e+02,0.000000000000000000e+00,9.000000000000000222e-01,3.657950240999999908e-02,6.391210106000000390e-01
5.700000000000000000e+06,5.000000000000000000e+02,0.000000000000000000e+00,9.000000000000000222e-01,3.665953688000000293e-02,6.395915247000000248e-01
5.900000000000000000e+06,5.000000000000000000e+02,0.000000000000000000e+00,9.000000000000000222e-01,3.673800455000000159e-02,6.400611599000000096e-01
6.100000000000000000e+06,5.000000000000000000e+02,0.000000000000000000e+00,9.000000000000000222e-01,3.681500741999999687e-02,6.405299895999999604e-01
6.300000000000000000e+06,5.000000000000000000e+02,0.000000000000000000e+00,9.000000000000000222e-01,3.689063749000000281e-02,6.409980752999999698e-01
6.500000000000000000e+06,5.000000000000000000e+02,0.000000000000000000e+00,9.000000000000000222e-01,3.696497804999999970e-02,6.414654682999999524e-01
6.700000000000000000e+06,5.000000000000000000e+02,0.000000000000000000e+00,9.000000000000000222e-01,3.703810476000000268e-02,6.419322120999999548e-01
6.900000000000000000e+06,5.000000000000000000e+02,0.000000000000000000e+00,9.000000000000000222e-01,3.711008653999999657e-02,6.423983429999999828e-01
7.100000000000000000e+06,5.000000000000000000e+02,0.000000000000000000e+00,9.000000000000000222e-01,3.718098635000000041e-02,6.428638917000000230e-01
7.300000000000000000e+06,5.000000000000000000e+02,0.000000000000000000e+00,9.000000000000000222e-01,3.725086187999999965e-02,6.433288843000000146e-01
7.500000000000000000e+06,5.000000000000000000e+02,0.000000000000000000e+00,9.000000000000000222e-01,3.731976610999999944e-02,6.437933425999999848e-01
7.700000000000000000e+06,5.000000000000000000e+02,0.000000000000000000e+00,9.000000000000000222e-01,3.738774780999999658e-02,6.442572852000000294e-01
7.900000000000000000e+06,5.000000000000000000e+02,0.000000000000000000e+00,9.000000000000000222e-01,3.745485196000000044e-02,6.447207278000000041e-01
8.100000000000000000e+06,5.000000000000000000e+02,0.000000000000000000e+00,9.000000000000000222e-01,3.752112018999999993e-02,6.451836833999999854e-01
8.300000000000000000e+06,5.000000000000000000e+02,0.000000000000000000e+00,9.000000000000000222e-01,3.758659104999999973e-02,6.456461633000000200e-01
8.500000000000000000e+06,5.000000000000000000e+02,0.000000000000000000e+00,9.000000000000000222e-01,3.765130030999999655e-02,6.461081768999999975e-01
8.700000000000000000e+06,5.000000000000000000e+02,0.000000000000000000e+00,9.000000000000000222e-01,3.771528126999999786e-02,6.465697318999999998e-01
8.900000000000000000e+06,5.000000000000000000e+02,0.000000000000000000e+00,9.000000000000000222e-01,3.777856493000000121e-02,6.470308350000000264e-01
9.100000000000000000e+06,5.000000000000000000e+02,0.000000000000000000e+00,9.000000000000000222e-01,3.784118023000000025e-02,6.474914915999999687e-01
9.300000000000000000e+06,5.000000000000000000e+02,0.000000000000000000e+00,9.000000000000000222e-01,3.790315421999999879e-02,6.479517061999999772e-01
9.500000000000000000e+06,5.000000000000000000e+02,0.000000000000000000e+00,9.000000000000000222e-01,3.796451222000000320e-02,6.484114825000000248e-01
9.700000000000000000e+06,5.000000000000000000e+02,0.000000000000000000e+00,9.000000000000000222e-01,3.802527797000000015e-02,6.488708235000000268e-01
9.900000000000000000e+06,5.000000000000000000e+02,0.000000000000000000e+00,9.000000000000000222e-01,3.808547375000000124e-02,6.493297316999999680e-01
1.000000000000000000e+06,5.000000000000000000e+02,0.000000000000000000e+00,9.000000000000000222e-01,3.362047666000000240e-02,6.267833041000000494e-01
3.000000000000000000e+06,5.000000000000000000e+02,0.000000000000000000e+00,9.000000000000000222e-01,3.537710099000000025e-02,6.330909681999999927e-01
5.000000000000000000e+06,5.000000000000000000e+02,0.000000000000000000e+00,9.000000000000000222e-01,3.637178379000000072e-02,6.379402572000000271e-01
7.000000000000000000e+06,5.000000000000000000e+02,0.000000000000000000e+00,9.000000000000000222e-01,3.714566796999999726e-02,6.426311883999999974e-01
9.000000000000000000e+06,5.000000000000000000e+02,0.000000000000000000e+00,9.000000000000000222e-01,3.780995438999999736e-02,6.472612187999999822e-01
1.100000000000000000e+07,5.000000000000000000e+02,0.000000000000000000e+00,9.000000000000000222e-01,3.840723989000000005e-02,6.518460537000000388e-01
1.300000000000000000e+07,5.000000000000000000e+02,0.000000000000000000e+00,9.000000000000000222e-01,3.895850131999999827e-02,6.563880309999999829e-01
1.500000000000000000e+07,5.000000000000000000e+02,0.000000000000000000e+00,9.000000000000000222e-01,3.947566626000000023e-02,6.608867797999999905e-01
1.700000000000000000e+07,5.000000000000000000e+02,0.000000000000000000e+00,9.000000000000000222e-01,3.996619116999999832e-02,6.653415129999999955e-01
1.900000000000000000e+07,5.000000000000000000e+02,0.000000000000000000e+00,9.000000000000000222e-01,4.043506439999999813e-02,6.697515695000000324e-01
2.100000000000000000e+07,5.000000000000000000e+02,0.000000000000000000e+00,9.000000000000000222e-01,4.088579848999999988e-02,6.741165180000000534e-01
2.300000000000000000e+07,5.000000000000000000e+02,0.000000000000000000e+00,9.000000000000000222e-01,4.132096827000000111e-02,6.784361465999999563e-01
2.500000000000000000e+07,5.000000000000000000e+02,0.000000000000000000e+00,9.000000000000000222e-01,4.174252359999999773e-02,6.827104254000000427e-01
2.700000000000000000e+07,5.000000000000000000e+02,0.000000000000000000e+00,9.000000000000000222e-01,4.215198145000000063e-02,6.869394688000000082e-01
2.900000000000000000e+07,5.000000000000000000e+02,0.000000000000000000e+00,9.000000000000000222e-01,4.255054912000000300e-02,6.911235033999999500e-01
3.100000000000000000e+07,5.000000000000000000e+02,0.000000000000000000e+00,9.000000000000000222e-01,4.293920636000000263e-02,6.952628419999999920e-01
3.300000000000000000e+07,5.000000000000000000e+02,0.000000000000000000e+00,9.000000000000000222e-01,4.331876186999999989e-02,6.993578635999999626e-01
3.500000000000000000e+07,5.000000000000000000e+02,0.000000000000000000e+00,9.000000000000000222e-01,4.368989304999999768e-02,7.034089974999999662e-01
3.700000000000000000e+07,5.000000000000000000e+02,0.000000000000000000e+00,9.000000000000000222e-01,4.405317487000000309e-02,7.074167111000000396e-01
3.900000000000000000e+07,5.000000000000000000e+02,0.000000000000000000e+00,9.000000000000000222e-01,4.440910104999999664e-02,7.113815002000000165e-01
4.100000000000000000e+07,5.000000000000000000e+02,0.000000000000000000e+00,9.000000000000000222e-01,4.475810003999999842e-02,7.153038817000000327e-01
4.300000000000000000e+07,5.000000000000000000e+02,0.000000000000000000e+00,9.000000000000000222e-01,4.510054709999999911e-02,7.191843875000000219e-01
4.500000000000000000e+07,5.000000000000000000e+02,0.000000000000000000e+00,9.000000000000000222e-01,4.543677378000000183e-02,7.230235600000000096e-01
4.700000000000000000e+07,5.000000000000000000e+02,0.000000000000000000e+00,9.000000000000000222e-01,4.576707526999999887e-02,7.268219481000000037e-01
4.900000000000000000e+07,5.000000000000000000e+02,0.000000000000000000e+00,9.000000000000000222e-01,4.609171620000000053e-02,7.305801044999999938e-01
5.100000000000000000e+07,5.000000000000000000e+02,0.000000000000000000e+00,9.000000000000000222e-01,4.641093539999999878e-02,7.342985832999999740e-01
5.300000000000000000e+07,5.000000000000000000e+02,0.000000000000000000e+00,9.000000000000000222e-01,4.672494962999999835e-02,7.379779378999999917e-01
5.500000000000000000e+07,5.000000000000000000e+02,0.000000000000000000e+00,9.000000000000000222e-01,4.703395669999999723e-02,7.416187194000000149e-01
5.700000000000000000e+07,5.000000000000000000e+02,0.000000000000000000e+00,9.000000000000000222e-01,4.733813804999999902e-02,7.452214758999999855e-01
5.900000000000000000e+07,5.000000000000000000e+02,0.000000000000000000e+00,9.000000000000000222e-01,4.763766081999999680e-02,7.487867508000000116e-01
6.100000000000000000e+07,5.000000000000000000e+02,0.000000000000000000e+00,9.000000000000000222e-01,4.793267964999999714e-02,7.523150822999999932e-01
6.300000000000000000e+07,5.000000000000000000e+02,0.000000000000000000e+00,9.000000000000000222e-01,4.822333815000000301e-02,7.558070032000000493e-01
6.500000000000000000e+07,5.000000000000000000e+02,0.000000000000000000e+00,9.000000000000000222e-01,4.850977018000000168e-02,7.592630393999999505e-01
6.700000000000000000e+07,5.000000000000000000e+02,0.000000000000000000e+00,9.000000000000000222e-01,4.879210090999999694e-02,7.626837105999999533e-01
6.900000000000000000e+07,5.000000000000000000e+02,0.000000000000000000e+00,9.000000000000000222e-01,4.907044776999999747e-02,7.660695292000000434e-01
7.100000000000000000e+07,5.000000000000000000e+02,0.000000000000000000e+00,9.000000000000000222e-01,4.934492119000000176e-02,7.694210004999999519e-01
7.300000000000000000e+07,5.000000000000000000e+02,0.000000000000000000e+00,9.000000000000000222e-01,4.961562533999999691e-02,7.727386222000000027e-01
7.500000000000000000e+07,5.000000000000000000e+02,0.000000000000000000e+00,9.000000000000000222e-01,4.988265867000000325e-02,7.760228846000000180e-01
7.700000000000000000e+07,5.000000000000000000e+02,0.000000000000000000e+00,9.000000000000000222e-01,5.014611449999999832e-02,7.792742703999999687e-01
7.900000000000000000e+07,5.000000000000000000e+02,0.000000000000000000e+00,9.000000000000000222e-01,5.040608140999999764e-02,7.824932545999999656e-01
8.100000000000000000e+07,5.000000000000000000e+02,0.000000000000000000e+00,9.000000000000000222e-01,5.066264368000000101e-02,7.856803044000000291e-01
8.300000000000000000e+07,5.000000000000000000e+02,0.000000000000000000e+00,9.000000000000000222e-01,5.091588164000000055e-02,7.888358795000000034e-01
8.500000000000000000e+07,5.000000000000000000e+02,0.000000000000000000e+00,9.000000000000000222e-01,5.116587197999999947e-02,7.919604318999999837e-01
8.700000000000000000e+07,5.000000000000000000e+02,0.000000000000000000e+00,9.000000000000000222e-01,5.141268801999999971e-02,7.950544059999999913e-01
8.900000000000000000e+07,5.000000000000000000e+02,0.000000000000000000e+00,9.000000000000000222e-01,5.165639998000000344e-02,7.981182387999999905e-01
9.100000000000000000e+07,5.000000000000000000e+02,0.000000000000000000e+00,9.000000000000000222e-01,5.189707519000000269e-02,8.011523595999999747e-01
9.300000000000000000e+07,5.000000000000000000e+02,0.000000000000000000e+00,9.000000000000000222e-01,5.213477831999999840e-02,8.041571906000000158e-01
9.500000000000000000e+07,5.000000000000000000e+02,0.000000000000000000e+00,9.000000000000000222e-01,5.236957150000000338e-02,8.071331466000000177e-01
9.700000000000000000e+07,5.000000000000000000e+02,0.000000000000000000e+00,9.000000000000000222e-01,5.260151457000000058e-02,8.100806351999999544e-01
9.900000000000000000e+07,5.000000000000000000e+02,0.000000000000000000e+00,9.000000000000000222e-01,5.283066513000000269e-02,8.130000568999999899e-01
1.000000000000000000e+07,5.000000000000000000e+02,0.000000000000000000e+00,9.000000000000000222e-01,3.811536449999999854e-02,6.495590240999999931e-01
3.000000000000000000e+07,5.000000000000000000e+02,0.000000000000000000e+00,9.000000000000000222e-01,4.274606252000000273e-02,6.931987373000000341e-01
5.000000000000000000e+07,5.000000000000000000e+02,0.000000000000000000e+00,9.000000000000000222e-01,4.625198948999999921e-02,7.324442690000000367e-01
7.000000000000000000e+07,5.000000000000000000e+02,0.000000000000000000e+00,9.000000000000000222e-01,4.920816201000000056e-02,7.677495269999999872e-01
9.000000000000000000e+07,5.000000000000000000e+02,0.000000000000000000e+00,9.000000000000000222e-01,5.177711307999999929e-02,7.996389865999999902e-01
1.000000000000000000e+08,5.000000000000000000e+02,0.000000000000000000e+00,9.000000000000000222e-01,5.294421067999999925e-02,8.144493659999999524e-01
