# pressure,temperature,f1,f2,molkg1,molkg2
1.000000000000000000e+00,5.000000000000000000e+02,2.999999999999999889e-01,5.999999999999999778e-01,8.393948447000000308e-05,6.889530490999999602e-05
3.000000000000000000e+00,5.000000000000000000e+02,2.999999999999999889e-01,5.999999999999999778e-01,2.517052161999999769e-04,2.065912553000000002e-04
5.000000000000000000e+00,5.000000000000000000e+02,2.999999999999999889e-01,5.999999999999999778e-01,4.193201357000000008e-04,3.441611364999999970e-04
7.000000000000000000e+00,5.000000000000000000e+02,2.999999999999999889e-01,5.999999999999999778e-01,5.867844473000000160e-04,4.816051204999999735e-04
9.000000000000000000e+00,5.000000000000000000e+02,2.999999999999999889e-01,5.999999999999999778e-01,7.540983550000000205e-04,6.189233788999999814e-04
1.100000000000000000e+01,5.000000000000000000e+02,2.999999999999999889e-01,5.999999999999999778e-01,9.212620626000000024e-04,7.561160830000000299e-04
1.300000000000000000e+01,5.000000000000000000e+02,2.999999999999999889e-01,5.999999999999999778e-01,1.088275773000000040e-03,8.931834038000000323e-04
1.500000000000000000e+01,5.000000000000000000e+02,2.999999999999999889e-01,5.999999999999999778e-01,1.255139690000000013e-03,1.030125511999999913e-03
1.700000000000000000e+01,5.000000000000000000e+02,2.999999999999999889e-01,5.999999999999999778e-01,1.421854014999999897e-03,1.166942578000000098e-03
1.900000000000000000e+01,5.000000000000000000e+02,2.999999999999999889e-01,5.999999999999999778e-01,1.588418951999999960e-03,1.303634771000000084e-03
2.100000000000000000e+01,5.000000000000000000e+02,2.999999999999999889e-01,5.999999999999999778e-01,1.754834701000000056e-03,1.440202263000000052e-03
2.300000000000000000e+01,5.000000000000000000e+02,2.999999999999999889e-01,5.999999999999999778e-01,1.921101464000000026e-03,1.576645220999999984e-03
2.500000000000000000e+01,5.000000000000000000e+02,2.999999999999999889e-01,5.999999999999999778e-01,2.087219441999999935e-03,1.712963815000000068e-03
2.700000000000000000e+01,5.000000000000000000e+02,2.999999999999999889e-01,5.999999999999999778e-01,2.253188836999999844e-03,1.849158214000000064e-03
2.900000000000000000e+01,5.000000000000000000e+02,2.999999999999999889e-01,5.999999999999999778e-01,2.419009847999999824e-03,1.985228587000000162e-03
3.100000000000000000e+01,5.000000000000000000e+02,2.999999999999999889e-01,5.999999999999999778e-01,2.584682674999999943e-03,2.121175101999999910e-03
3.300000000000000000e+01,5.000000000000000000e+02,2.999999999999999889e-01,5.999999999999999778e-01,2.750207518999999833e-03,2.256997925999999939e-03
3.500000000000000000e+01,5.000000000000000000e+02,2.999999999999999889e-01,5.999999999999999778e-01,2.915584578000000003e-03,2.392697227000000013e-03
3.700000000000000000e+01,5.000000000000000000e+02,2.999999999999999889e-01,5.999999999999999778e-01,3.080814052000000088e-03,2.528273172999999895e-03
3.900000000000000000e+01,5.000000000000000000e+02,2.999999999999999889e-01,5.999999999999999778e-01,3.245896138000000167e-03,2.663725931000000217e-03
4.100000000000000000e+01,5.000000000000000000e+02,2.999999999999999889e-01,5.999999999999999778e-01,3.410831035999999875e-03,2.799055666999999883e-03
4.300000000000000000e+01,5.000000000000000000e+02,2.999999999999999889e-01,5.999999999999999778e-01,3.575618943000000161e-03,2.934262547999999960e-03
4.500000000000000000e+01,5.000000000000000000e+02,2.999999999999999889e-01,5.999999999999999778e-01,3.740260055999999802e-03,3.069346738999999789e-03
4.700000000000000000e+01,5.000000000000000000e+02,2.999999999999999889e-01,5.999999999999999778e-01,3.904754573000000176e-03,3.204308407000000004e-03
4.900000000000000000e+01,5.000000000000000000e+02,2.999999999999999889e-01,5.999999999999999778e-01,4.069102691000000063e-03,3.339147716999999946e-03
5.100000000000000000e+01,5.000000000000000000e+02,2.999999999999999889e-01,5.999999999999999778e-01,4.233304606999999976e-03,3.473864834999999818e-03
5.300000000000000000e+01,5.000000000000000000e+02,2.999999999999999889e-01,5.999999999999999778e-01,4.397360514999999574e-03,3.608459924999999832e-03
5.500000000000000000e+01,5.000000000000000000e+02,2.999999999999999889e-01,5.999999999999999778e-01,4.561270612000000238e-03,3.742933152000000197e-03
5.700000000000000000e+01,5.000000000000000000e+02,2.999999999999999889e-01,5.999999999999999778e-01,4.725035094000000317e-03,3.877284679999999824e-03
5.900000000000000000e+01,5.000000000000000000e+02,2.999999999999999889e-01,5.999999999999999778e-01,4.888654154999999904e-03,4.011514673999999787e-03
6.100000000000000000e+01,5.000000000000000000e+02,2.999999999999999889e-01,5.999999999999999778e-01,5.052127990999999950e-03,4.145623295999999874e-03
6.300000000000000000e+01,5.000000000000000000e+02,2.999999999999999889e-01,5.999999999999999778e-01,5.215456795000000118e-03,4.279610710999999859e-03
6.500000000000000000e+01,5.000000000000000000e+02,2.999999999999999889e-01,5.999999999999999778e-01,5.378640762000000061e-03,4.413477082000000391e-03
6.700000000000000000e+01,5.000000000000000000e+02,2.999999999999999889e-01,5.999999999999999778e-01,5.541680085000000311e-03,4.547222570999999956e-03
6.900000000000000000e+01,5.000000000000000000e+02,2.999999999999999889e-01,5.999999999999999778e-01,5.704574956999999662e-03,4.680847341000000071e-03
7.100000000000000000e+01,5.000000000000000000e+02,2.999999999999999889e-01,5.999999999999999778e-01,5.867325571999999941e-03,4.814351554999999651e-03
7.300000000000000000e+01,5.000000000000000000e+02,2.999999999999999889e-01,5.999999999999999778e-01,6.029932122000000380e-03,4.947735374000000221e-03
7.500000000000000000e+01,5.000000000000000000e+02,2.999999999999999889e-01,5.999999999999999778e-01,6.192394799999999776e-03,5.080998960000000265e-03
7.700000000000000000e+01,5.000000000000000000e+02,2.999999999999999889e-01,5.999999999999999778e-01,6.354713797999999962e-03,5.214142475000000006e-03
7.900000000000000000e+01,5.000000000000000000e+02,2.999999999999999889e-01,5.999999999999999778e-01,6.516889306000000180e-03,5.347166078999999669e-03
8.100000000000000000e+01,5.000000000000000000e+02,2.999999999999999889e-01,5.999999999999999778e-01,6.678921517000000092e-03,5.480069932999999914e-03
8.300000000000000000e+01,5.000000000000000000e+02,2.999999999999999889e-01,5.999999999999999778e-01,6.840810620999999807e-03,5.612854199000000092e-03
8.500000000000000000e+01,5.000000000000000000e+02,2.999999999999999889e-01,5.999999999999999778e-01,7.002556808999999861e-03,5.745519036000000003e-03
8.700000000000000000e+01,5.000000000000000000e+02,2.999999999999999889e-01,5.999999999999999778e-01,7.164160271000000364e-03,5.878064603999999874e-03
8.900000000000000000e+01,5.000000000000000000e+02,2.999999999999999889e-01,5.999999999999999778e-01,7.325621196999999689e-03,6.010491062999999932e-03
9.100000000000000000e+01,5.000000000000000000e+02,2.999999999999999889e-01,5.999999999999999778e-01,7.486939776999999678e-03,6.142798571999999978e-03
9.300000000000000000e+01,5.000000000000000000e+02,2.999999999999999889e-01,5.999999999999999778e-01,7.648116198999999581e-03,6.274987291000000238e-03
9.500000000000000000e+01,5.000000000000000000e+02,2.999999999999999889e-01,5.999999999999999778e-01,7.809150653999999935e-03,6.407057378000000081e-03
9.700000000000000000e+01,5.000000000000000000e+02,2.999999999999999889e-01,5.999999999999999778e-01,7.970043329000000426e-03,6.539008992000000173e-03
9.900000000000000000e+01,5.000000000000000000e+02,2.999999999999999889e-01,5.999999999999999778e-01,8.130794412000000304e-03,6.670842290999999882e-03
1.000000000000000000e+01,5.000000000000000000e+02,2.999999999999999889e-01,5.999999999999999778e-01,8.376989711000000028e-04,6.875354145000000475e-04
3.000000000000000000e+01,5.000000000000000000e+02,2.999999999999999889e-01,5.999999999999999778e-01,2.501864771999999862e-03,2.053217316000000014e-03
5.000000000000000000e+01,5.000000000000000000e+02,2.999999999999999889e-01,5.999999999999999778e-01,4.151221911999999903e-03,3.406521540000000039e-03
7.000000000000000000e+01,5.000000000000000000e+02,2.999999999999999889e-01,5.999999999999999778e-01,5.785968285000000003e-03,4.747614508000000400e-03
9.000000000000000000e+01,5.000000000000000000e+02,2.999999999999999889e-01,5.999999999999999778e-01,7.406298268000000191e-03,6.076659675999999781e-03
1.100000000000000000e+02,5.000000000000000000e+02,2.999999999999999889e-01,5.999999999999999778e-01,9.012402803999999476e-03,7.393817603000000203e-03
1.300000000000000000e+02,5.000000000000000000e+02,2.999999999999999889e-01,5.999999999999999778e-01,1.060446947000000077e-02,8.699246009999999849e-03
1.500000000000000000e+02,5.000000000000000000e+02,2.999999999999999889e-01,5.999999999999999778e-01,1.218268255999999973e-02,9.993099845000000606e-03
1.700000000000000000e+02,5.000000000000000000e+02,2.999999999999999889e-01,5.999999999999999778e-01,1.374722314999999966e-02,1.127553134000000047e-02
1.900000000000000000e+02,5.000000000000000000e+02,2.999999999999999889e-01,5.999999999999999778e-01,1.529826916000000085e-02,1.254669008999999974e-02
2.100000000000000000e+02,5.000000000000000000e+02,2.999999999999999889e-01,5.999999999999999778e-01,1.683599544999999850e-02,1.380672307000000050e-02
2.300000000000000000e+02,5.000000000000000000e+02,2.999999999999999889e-01,5.999999999999999778e-01,1.836057384999999903e-02,1.505577473000000062e-02
2.500000000000000000e+02,5.000000000000000000e+02,2.999999999999999889e-01,5.999999999999999778e-01,1.987217324999999979e-02,1.629398702000000101e-02
2.700000000000000000e+02,5.000000000000000000e+02,2.999999999999999889e-01,5.999999999999999778e-01,2.137095966999999833e-02,1.752149948999999832e-02
2.900000000000000000e+02,5.000000000000000000e+02,2.999999999999999889e-01,5.999999999999999778e-01,2.285709626999999841e-02,1.873844926999999883e-02
3.100000000000000000e+02,5.000000000000000000e+02,2.999999999999999889e-01,5.999999999999999778e-01,2.433074350000000163e-02,1.994497117999999986e-02
3.300000000000000000e+02,5.000000000000000000e+02,2.999999999999999889e-01,5.999999999999999778e-01,2.579205903999999897e-02,2.114119777000000172e-02
3.500000000000000000e+02,5.000000000000000000e+02,2.999999999999999889e-01,5.999999999999999778e-01,2.724119799000000036e-02,2.232725933000000162e-02
3.700000000000000000e+02,5.000000000000000000e+02,2.999999999999999889e-01,5.999999999999999778e-01,2.867831280000000121e-02,2.350328398999999846e-02
3.900000000000000000e+02,5.000000000000000000e+02,2.999999999999999889e-01,5.999999999999999778e-01,3.010355341000000087e-02,2.466939771999999975e-02
4.100000000000000000e+02,5.000000000000000000e+02,2.999999999999999889e-01,5.999999999999999778e-01,3.151706726999999736e-02,2.582572441000000052e-02
4.300000000000000000e+02,5.000000000000000000e+02,2.999999999999999889e-01,5.999999999999999778e-01,3.291899940000000274e-02,2.697238588000000145e-02
4.500000000000000000e+02,5.000000000000000000e+02,2.999999999999999889e-01,5.999999999999999778e-01,3.430949241999999705e-02,2.810950196999999900e-02
4.700000000000000000e+02,5.000000000000000000e+02,2.999999999999999889e-01,5.999999999999999778e-01,3.568868663000000080e-02,2.923719051000000027e-02
4.900000000000000000e+02,5.000000000000000000e+02,2.999999999999999889e-01,5.999999999999999778e-01,3.705672003999999770e-02,3.035556743000000085e-02
5.100000000000000000e+02,5.000000000000000000e+02,2.999999999999999889e-01,5.999999999999999778e-01,3.841372838999999872e-02,3.146474677000000303e-02
5.300000000000000000e+02,5.000000000000000000e+02,2.999999999999999889e-01,5.999999999999999778e-01,3.975984526999999658e-02,3.256484071000000091e-02
5.500000000000000000e+02,5.000000000000000000e+02,2.999999999999999889e-01,5.999999999999999778e-01,4.109520208999999785e-02,3.365595961000000108e-02
5.700000000000000000e+02,5.000000000000000000e+02,2.999999999999999889e-01,5.999999999999999778e-01,4.241992815000000111e-02,3.473821207000000327e-02
5.900000000000000000e+02,5.000000000000000000e+02,2.999999999999999889e-01,5.999999999999999778e-01,4.373415069000000099e-02,3.581170493000000038e-02
6.100000000000000000e+02,5.000000000000000000e+02,2.999999999999999889e-01,5.999999999999999778e-01,4.503799491999999766e-02,3.687654334999999894e-02
6.300000000000000000e+02,5.000000000000000000e+02,2.999999999999999889e-01,5.999999999999999778e-01,4.633158408000000172e-02,3.793283078000000280e-02
6.500000000000000000e+02,5.000000000000000000e+02,2.999999999999999889e-01,5.999999999999999778e-01,4.761503943999999960e-02,3.898066907000000136e-02
6.700000000000000000e+02,5.000000000000000000e+02,2.999999999999999889e-01,5.999999999999999778e-01,4.888848038000000173e-02,4.002015843000000100e-02
6.900000000000000000e+02,5.000000000000000000e+02,2.999999999999999889e-01,5.999999999999999778e-01,5.015202440000000178e-02,4.105139750999999698e-02
7.100000000000000000e+02,5.000000000000000000e+02,2.999999999999999889e-01,5.999999999999999778e-01,5.140578717000000158e-02,4.207448342000000285e-02
7.300000000000000000e+02,5.000000000000000000e+02,2.999999999999999889e-01,5.999999999999999778e-01,5.264988255999999978e-02,4.308951173000000190e-02
7.500000000000000000e+02,5.000000000000000000e+02,2.999999999999999889e-01,5.999999999999999778e-01,5.388442268000000201e-02,4.409657655000000231e-02
7.700000000000000000e+02,5.000000000000000000e+02,2.999999999999999889e-01,5.999999999999999778e-01,5.510951790000000183e-02,4.509577053000000252e-02
7.900000000000000000e+02,5.000000000000000000e+02,2.999999999999999889e-01,5.999999999999999778e-01,5.632527692000000030e-02,4.608718487999999974e-02
8.100000000000000000e+02,5.000000000000000000e+02,2.999999999999999889e-01,5.999999999999999778e-01,5.753180673999999661e-02,4.707090941000000028e-02
8.300000000000000000e+02,5.000000000000000000e+02,2.999999999999999889e-01,5.999999999999999778e-01,5.872921275000000246e-02,4.804703257000000199e-02
8.500000000000000000e+02,5.000000000000000000e+02,2.999999999999999889e-01,5.999999999999999778e-01,5.991759873000000042e-02,4.901564144000000040e-02
8.700000000000000000e+02,5.000000000000000000e+02,2.999999999999999889e-01,5.999999999999999778e-01,6.109706690999999745e-02,4.997682179000000058e-02
8.900000000000000000e+02,5.000000000000000000e+02,2.999999999999999889e-01,5.999999999999999778e-01,6.226771795000000248e-02,5.093065810999999887e-02
9.100000000000000000e+02,5.000000000000000000e+02,2.999999999999999889e-01,5.999999999999999778e-01,6.342965102000000521e-02,5.187723357000000035e-02
9.300000000000000000e+02,5.000000000000000000e+02,2.999999999999999889e-01,5.999999999999999778e-01,6.458296378000000226e-02,5.281663014000000100e-02
9.500000000000000000e+02,5.000000000000000000e+02,2.999999999999999889e-01,5.999999999999999778e-01,6.572775246999999765e-02,5.374892852000000276e-02
9.700000000000000000e+02,5.000000000000000000e+02,2.999999999999999889e-01,5.999999999999999778e-01,6.686411187999999339e-02,5.467420825000000179e-02
9.900000000000000000e+02,5.000000000000000000e+02,2.999999999999999889e-01,5.999999999999999778e-01,6.799213537999999890e-02,5.559254765999999820e-02
1.000000000000000000e+02,5.000000000000000000e+02,2.999999999999999889e-01,5.999999999999999778e-01,8.211116916000000751e-03,6.736714621999999666e-03
3.000000000000000000e+02,5.000000000000000000e+02,2.999999999999999889e-01,5.999999999999999778e-01,2.359547114000000098e-02,1.934300536999999931e-02
5.000000000000000000e+02,5.000000000000000000e+02,2.999999999999999889e-01,5.999999999999999778e-01,3.773659395000000111e-02,3.091129973999999850e-02
7.000000000000000000e+02,5.000000000000000000e+02,2.999999999999999889e-01,5.999999999999999778e-01,5.078012127999999986e-02,4.156395360000000178e-02
9.000000000000000000e+02,5.000000000000000000e+02,2.999999999999999889e-01,5.999999999999999778e-01,6.284976808999999387e-02,5.140484828999999922e-02
1.100000000000000000e+03,5.000000000000000000e+02,2.999999999999999889e-01,5.999999999999999778e-01,7.405130523000000298e-02,6.052274855999999897e-02
1.300000000000000000e+03,5.000000000000000000e+02,2.999999999999999889e-01,5.999999999999999778e-01,8.447570061999999658e-02,6.899395395000000597e-02
1.500000000000000000e+03,5.000000000000000000e+02,2.999999999999999889e-01,5.999999999999999778e-01,9.420162278999999472e-02,7.688441128999999596e-02
1.700000000000000000e+03,5.000000000000000000e+02,2.999999999999999889e-01,5.999999999999999778e-01,1.032974527999999947e-01,8.425141174000000399e-02
1.900000000000000000e+03,5.000000000000000000e+02,2.999999999999999889e-01,5.999999999999999778e-01,1.118229134000000013e-01,9.114496475000000153e-02
2.100000000000000000e+03,5.000000000000000000e+02,2.999999999999999889e-01,5.999999999999999778e-01,1.198303986999999932e-01,9.760891847000000010e-02
2.300000000000000000e+03,5.000000000000000000e+02,2.999999999999999889e-01,5.999999999999999778e-01,1.273660650000000005e-01,1.036818795000000043e-01
2.500000000000000000e+03,5.000000000000000000e+02,2.999999999999999889e-01,5.999999999999999778e-01,1.344707331999999977e-01,1.093979728000000068e-01
2.700000000000000000e+03,5.000000000000000000e+02,2.999999999999999889e-01,5.999999999999999778e-01,1.411806385999999913e-01,1.147874730000000010e-01
2.900000000000000000e+03,5.000000000000000000e+02,2.999999999999999889e-01,5.999999999999999778e-01,1.475280576999999926e-01,1.198773323000000002e-01
3.100000000000000000e+03,5.000000000000000000e+02,2.999999999999999889e-01,5.999999999999999778e-01,1.535418346999999906e-01,1.246916232999999985e-01
3.300000000000000000e+03,5.000000000000000000e+02,2.999999999999999889e-01,5.999999999999999778e-01,1.592478263999999866e-01,1.292519135999999902e-01
3.500000000000000000e+03,5.000000000000000000e+02,2.999999999999999889e-01,5.999999999999999778e-01,1.646692794000000071e-01,1.335775828000000109e-01
3.700000000000000000e+03,5.000000000000000000e+02,2.999999999999999889e-01,5.999999999999999778e-01,1.698271519000000007e-01,1.376860930000000094e-01
3.900000000000000000e+03,5.000000000000000000e+02,2.999999999999999889e-01,5.999999999999999778e-01,1.747403884000000018e-01,1.415932199000000113e-01
4.100000000000000000e+03,5.000000000000000000e+02,2.999999999999999889e-01,5.999999999999999778e-01,1.794261564000000087e-01,1.453132514000000097e-01
4.300000000000000000e+03,5.000000000000000000e+02,2.999999999999999889e-01,5.999999999999999778e-01,1.839000499000000011e-01,1.488591586000000133e-01
4.500000000000000000e+03,5.000000000000000000e+02,2.999999999999999889e-01,5.999999999999999778e-01,1.881762660000000087e-01,1.522427443000000102e-01
4.700000000000000000e+03,5.000000000000000000e+02,2.999999999999999889e-01,5.999999999999999778e-01,1.922677580999999913e-01,1.554747710999999921e-01
4.900000000000000000e+03,5.000000000000000000e+02,2.999999999999999889e-01,5.999999999999999778e-01,1.961863688000000105e-01,1.585650734999999867e-01
5.100000000000000000e+03,5.000000000000000000e+02,2.999999999999999889e-01,5.999999999999999778e-01,1.999429474999999956e-01,1.615226559999999867e-01
5.300000000000000000e+03,5.000000000000000000e+02,2.999999999999999889e-01,5.999999999999999778e-01,2.035474515000000040e-01,1.643557781999999967e-01
5.500000000000000000e+03,5.000000000000000000e+02,2.999999999999999889e-01,5.999999999999999778e-01,2.070090366000000015e-01,1.670720307000000127e-01
5.700000000000000000e+03,5.000000000000000000e+02,2.999999999999999889e-01,5.999999999999999778e-01,2.103361360000000069e-01,1.696784010999999870e-01
5.900000000000000000e+03,5.000000000000000000e+02,2.999999999999999889e-01,5.999999999999999778e-01,2.135365302999999992e-01,1.721813326999999949e-01
6.100000000000000000e+03,5.000000000000000000e+02,2.999999999999999889e-01,5.999999999999999778e-01,2.166174096000000049e-01,1.745867764000000044e-01
6.300000000000000000e+03,5.000000000000000000e+02,2.999999999999999889e-01,5.999999999999999778e-01,2.195854284000000045e-01,1.769002369000000074e-01
6.500000000000000000e+03,5.000000000000000000e+02,2.999999999999999889e-01,5.999999999999999778e-01,2.224467546999999989e-01,1.791268135999999900e-01
6.700000000000000000e+03,5.000000000000000000e+02,2.999999999999999889e-01,5.999999999999999778e-01,2.252071136999999890e-01,1.812712370000000017e-01
6.900000000000000000e+03,5.000000000000000000e+02,2.999999999999999889e-01,5.999999999999999778e-01,2.278718268000000102e-01,1.833379018999999888e-01
7.100000000000000000e+03,5.000000000000000000e+02,2.999999999999999889e-01,5.999999999999999778e-01,2.304458467999999927e-01,1.853308959999999950e-01
7.300000000000000000e+03,5.000000000000000000e+02,2.999999999999999889e-01,5.999999999999999778e-01,2.329337891999999910e-01,1.872540269000000090e-01
7.500000000000000000e+03,5.000000000000000000e+02,2.999999999999999889e-01,5.999999999999999778e-01,2.353399606000000088e-01,1.891108448999999914e-01
7.700000000000000000e+03,5.000000000000000000e+02,2.999999999999999889e-01,5.999999999999999778e-01,2.376683837000000132e-01,1.909046651000000094e-01
7.900000000000000000e+03,5.000000000000000000e+02,2.999999999999999889e-01,5.999999999999999778e-01,2.399228211999999971e-01,1.926385858000000117e-01
8.100000000000000000e+03,5.000000000000000000e+02,2.999999999999999889e-01,5.999999999999999778e-01,2.421067953999999911e-01,1.943155065999999931e-01
8.300000000000000000e+03,5.000000000000000000e+02,2.999999999999999889e-01,5.999999999999999778e-01,2.442236083000000058e-01,1.959381434999999949e-01
8.500000000000000000e+03,5.000000000000000000e+02,2.999999999999999889e-01,5.999999999999999778e-01,2.462763574999999872e-01,1.975090434000000006e-01
8.700000000000000000e+03,5.000000000000000000e+02,2.999999999999999889e-01,5.999999999999999778e-01,2.482679526999999886e-01,1.990305971000000118e-01
8.900000000000000000e+03,5.000000000000000000e+02,2.999999999999999889e-01,5.999999999999999778e-01,2.502011290000000221e-01,2.005050509999999897e-01
9.100000000000000000e+03,5.000000000000000000e+02,2.999999999999999889e-01,5.999999999999999778e-01,2.520784603999999818e-01,2.019345178999999990e-01
9.300000000000000000e+03,5.000000000000000000e+02,2.999999999999999889e-01,5.999999999999999778e-01,2.539023712999999849e-01,2.033209863999999867e-01
9.500000000000000000e+03,5.000000000000000000e+02,2.999999999999999889e-01,5.999999999999999778e-01,2.556751468999999832e-01,2.046663304000000128e-01
9.700000000000000000e+03,5.000000000000000000e+02,2.999999999999999889e-01,5.999999999999999778e-01,2.573989438000000018e-01,2.059723169000000076e-01
9.900000000000000000e+03,5.000000000000000000e+02,2.999999999999999889e-01,5.999999999999999778e-01,2.590757981999999848e-01,2.072406136999999926e-01
1.000000000000000000e+03,5.000000000000000000e+02,2.999999999999999889e-01,5.999999999999999778e-01,6.855304998000000261e-02,5.604913890000000343e-02
3.000000000000000000e+03,5.000000000000000000e+02,2.999999999999999889e-01,5.999999999999999778e-01,1.505749701999999912e-01,1.223175211000000068e-01
5.000000000000000000e+03,5.000000000000000000e+02,2.999999999999999889e-01,5.999999999999999778e-01,1.980842700999999872e-01,1.600599219999999934e-01
7.000000000000000000e+03,5.000000000000000000e+02,2.999999999999999889e-01,5.999999999999999778e-01,2.291698773999999994e-01,1.843433634999999959e-01
9.000000000000000000e+03,5.000000000000000000e+02,2.999999999999999889e-01,5.999999999999999778e-01,2.511466204000000202e-01,2.012252807999999893e-01
1.100000000000000000e+04,5.000000000000000000e+02,2.999999999999999889e-01,5.999999999999999778e-01,2.675403999000000033e-01,2.136088029000000055e-01
1.300000000000000000e+04,5.000000000000000000e+02,2.999999999999999889e-01,5.999999999999999778e-01,2.802616199999999891e-01,2.230579984999999932e-01
1.500000000000000000e+04,5.000000000000000000e+02,2.999999999999999889e-01,5.999999999999999778e-01,2.904360713999999954e-01,2.304893748999999881e-01
1.700000000000000000e+04,5.000000000000000000e+02,2.999999999999999889e-01,5.999999999999999778e-01,2.987706347999999901e-01,2.364751757000000121e-01
1.900000000000000000e+04,5.000000000000000000e+02,2.999999999999999889e-01,5.999999999999999778e-01,3.057317830999999875e-01,2.413909122000000018e-01
2.100000000000000000e+04,5.000000000000000000e+02,2.999999999999999889e-01,5.999999999999999778e-01,3.116399221999999747e-01,2.454930704999999935e-01
2.300000000000000000e+04,5.000000000000000000e+02,2.999999999999999889e-01,5.999999999999999778e-01,3.167225079000000054e-01,2.489627131000000104e-01
2.500000000000000000e+04,5.000000000000000000e+02,2.999999999999999889e-01,5.999999999999999778e-01,3.211455368000000199e-01,2.519312417999999831e-01
2.700000000000000000e+04,5.000000000000000000e+02,2.999999999999999889e-01,5.999999999999999778e-01,3.250330341000000067e-01,2.544962869999999877e-01
2.900000000000000000e+04,5.000000000000000000e+02,2.999999999999999889e-01,5.999999999999999778e-01,3.284795620000000027e-01,2.567318710000000004e-01
3.100000000000000000e+04,5.000000000000000000e+02,2.999999999999999889e-01,5.999999999999999778e-01,3.315585001999999948e-01,2.586951149000000227e-01
3.300000000000000000e+04,5.000000000000000000e+02,2.999999999999999889e-01,5.999999999999999778e-01,3.343276793000000136e-01,2.604307848999999897e-01
3.500000000000000000e+04,5.000000000000000000e+02,2.999999999999999889e-01,5.999999999999999778e-01,3.368333044999999859e-01,2.619744487999999816e-01
3.700000000000000000e+04,5.000000000000000000e+02,2.999999999999999889e-01,5.999999999999999778e-01,3.391127468999999839e-01,2.633547133999999956e-01
3.900000000000000000e+04,5.000000000000000000e+02,2.999999999999999889e-01,5.999999999999999778e-01,3.411965652000000238e-01,2.645948409000000168e-01
4.100000000000000000e+04,5.000000000000000000e+02,2.999999999999999889e-01,5.999999999999999778e-01,3.431099967999999834e-01,2.657139351000000205e-01
4.300000000000000000e+04,5.000000000000000000e+02,2.999999999999999889e-01,5.999999999999999778e-01,3.448740718000000149e-01,2.667278265999999953e-01
4.500000000000000000e+04,5.000000000000000000e+02,2.999999999999999889e-01,5.999999999999999778e-01,3.465064583999999948e-01,2.676497407000000273e-01
4.700000000000000000e+04,5.000000000000000000e+02,2.999999999999999889e-01,5.999999999999999778e-01,3.480221118999999863e-01,2.684908100000000242e-01
4.900000000000000000e+04,5.000000000000000000e+02,2.999999999999999889e-01,5.999999999999999778e-01,3.494337785000000141e-01,2.692604693000000271e-01
5.100000000000000000e+04,5.000000000000000000e+02,2.999999999999999889e-01,5.999999999999999778e-01,3.507523907999999802e-01,2.699667656999999998e-01
5.300000000000000000e+04,5.000000000000000000e+02,2.999999999999999889e-01,5.999999999999999778e-01,3.519873806000000105e-01,2.706166031000000194e-01
5.500000000000000000e+04,5.000000000000000000e+02,2.999999999999999889e-01,5.999999999999999778e-01,3.531469295999999924e-01,2.712159364000000239e-01
5.700000000000000000e+04,5.000000000000000000e+02,2.999999999999999889e-01,5.999999999999999778e-01,3.542381705000000047e-01,2.717699285999999881e-01
5.900000000000000000e+04,5.000000000000000000e+02,2.999999999999999889e-01,5.999999999999999778e-01,3.552673514999999949e-01,2.722830764999999986e-01
6.100000000000000000e+04,5.000000000000000000e+02,2.999999999999999889e-01,5.999999999999999778e-01,3.562399695999999838e-01,2.727593145000000163e-01
6.300000000000000000e+04,5.000000000000000000e+02,2.999999999999999889e-01,5.999999999999999778e-01,3.571608810999999939e-01,2.732020987000000067e-01
6.500000000000000000e+04,5.000000000000000000e+02,2.999999999999999889e-01,5.999999999999999778e-01,3.580343927999999898e-01,2.736144770000000226e-01
6.700000000000000000e+04,5.000000000000000000e+02,2.999999999999999889e-01,5.999999999999999778e-01,3.588643382999999742e-01,2.739991472000000150e-01
6.900000000000000000e+04,5.000000000000000000e+02,2.999999999999999889e-01,5.999999999999999778e-01,3.596541414000000159e-01,2.743585052999999996e-01
7.100000000000000000e+04,5.000000000000000000e+02,2.999999999999999889e-01,5.999999999999999778e-01,3.604068699999999903e-01,2.746946860000000212e-01
7.300000000000000000e+04,5.000000000000000000e+02,2.999999999999999889e-01,5.999999999999999778e-01,3.611252815000000060e-01,2.750095971000000028e-01
7.500000000000000000e+04,5.000000000000000000e+02,2.999999999999999889e-01,5.999999999999999778e-01,3.618118612999999817e-01,2.753049486999999962e-01
7.700000000000000000e+04,5.000000000000000000e+02,2.999999999999999889e-01,5.999999999999999778e-01,3.624688558999999977e-01,2.755822777999999973e-01
7.900000000000000000e+04,5.000000000000000000e+02,2.999999999999999889e-01,5.999999999999999778e-01,3.630983011999999732e-01,2.758429692000000100e-01
8.100000000000000000e+04,5.000000000000000000e+02,2.999999999999999889e-01,5.999999999999999778e-01,3.637020465999999952e-01,2.760882740999999752e-01
8.300000000000000000e+04,5.000000000000000000e+02,2.999999999999999889e-01,5.999999999999999778e-01,3.642817763000000264e-01,2.763193252999999738e-01
8.500000000000000000e+04,5.000000000000000000e+02,2.999999999999999889e-01,5.999999999999999778e-01,3.648390270999999907e-01,2.765371506000000035e-01
8.700000000000000000e+04,5.000000000000000000e+02,2.999999999999999889e-01,5.999999999999999778e-01,3.653752049999999807e-01,2.767426850999999965e-01
8.900000000000000000e+04,5.000000000000000000e+02,2.999999999999999889e-01,5.999999999999999778e-01,3.658915983000000094e-01,2.769367805999999876e-01
9.100000000000000000e+04,5.000000000000000000e+02,2.999999999999999889e-01,5.999999999999999778e-01,3.663893900999999897e-01,2.771202150000000031e-01
9.300000000000000000e+04,5.000000000000000000e+02,2.999999999999999889e-01,5.999999999999999778e-01,3.668696686999999845e-01,2.772936999999999763e-01
9.500000000000000000e+04,5.000000000000000000e+02,2.999999999999999889e-01,5.999999999999999778e-01,3.673334374000000180e-01,2.774578877000000166e-01
9.700000000000000000e+04,5.000000000000000000e+02,2.999999999999999889e-01,5.999999999999999778e-01,3.677816222999999995e-01,2.776133766000000169e-01
9.900000000000000000e+04,5.000000000000000000e+02,2.999999999999999889e-01,5.999999999999999778e-01,3.682150799000000196e-01,2.777607173000000151e-01
1.000000000000000000e+04,5.000000000000000000e+02,2.999999999999999889e-01,5.999999999999999778e-01,2.598972276000000026e-01,2.078611240999999887e-01
3.000000000000000000e+04,5.000000000000000000e+02,2.999999999999999889e-01,5.999999999999999778e-01,3.300610535999999873e-01,2.577444904000000259e-01
5.000000000000000000e+04,5.000000000000000000e+02,2.999999999999999889e-01,5.999999999999999778e-01,3.501040950000000040e-01,2.696210821000000202e-01
7.000000000000000000e+04,5.000000000000000000e+02,2.999999999999999889e-01,5.999999999999999778e-01,3.600349608999999784e-01,2.745293685999999900e-01
9.000000000000000000e+04,5.000000000000000000e+02,2.999999999999999889e-01,5.999999999999999778e-01,3.661427493000000144e-01,2.770297844999999870e-01
1.100000000000000000e+05,5.000000000000000000e+02,2.999999999999999889e-01,5.999999999999999778e-01,3.703685821000000100e-01,2.784462388000000233e-01
1.300000000000000000e+05,5.000000000000000000e+02,2.999999999999999889e-01,5.999999999999999778e-01,3.735176276000000128e-01,2.792960636999999857e-01
1.500000000000000000e+05,5.000000000000000000e+02,2.999999999999999889e-01,5.999999999999999778e-01,3.759870813999999783e-01,2.798197599000000202e-01
1.700000000000000000e+05,5.000000000000000000e+02,2.999999999999999889e-01,5.999999999999999778e-01,3.779968731000000193e-01,2.801427973000000238e-01
1.900000000000000000e+05,5.000000000000000000e+02,2.999999999999999889e-01,5.999999999999999778e-01,3.796793099999999921e-01,2.803362570999999859e-01
2.100000000000000000e+05,5.000000000000000000e+02,2.999999999999999889e-01,5.999999999999999778e-01,3.811191302999999975e-01,2.804429779000000011e-01
2.300000000000000000e+05,5.000000000000000000e+02,2.999999999999999889e-01,5.999999999999999778e-01,3.823733326000000043e-01,2.804900479999999918e-01
2.500000000000000000e+05,5.000000000000000000e+02,2.999999999999999889e-01,5.999999999999999778e-01,3.834817987999999955e-01,2.804952647000000243e-01
2.700000000000000000e+05,5.000000000000000000e+02,2.999999999999999889e-01,5.999999999999999778e-01,3.844733543000000142e-01,2.804706900000000225e-01
2.900000000000000000e+05,5.000000000000000000e+02,2.999999999999999889e-01,5.999999999999999778e-01,3.853694068999999889e-01,2.804247107999999766e-01
3.100000000000000000e+05,5.000000000000000000e+02,2.999999999999999889e-01,5.999999999999999778e-01,3.861862260000000213e-01,2.803632838999999821e-01
3.300000000000000000e+05,5.000000000000000000e+02,2.999999999999999889e-01,5.999999999999999778e-01,3.869364235000000152e-01,2.802907161000000036e-01
3.500000000000000000e+05,5.000000000000000000e+02,2.999999999999999889e-01,5.999999999999999778e-01,3.876299463999999806e-01,2.802101678999999734e-01
3.700000000000000000e+05,5.000000000000000000e+02,2.999999999999999889e-01,5.999999999999999778e-01,3.882747584999999835e-01,2.801239877999999739e-01
3.900000000000000000e+05,5.000000000000000000e+02,2.999999999999999889e-01,5.999999999999999778e-01,3.888773224000000028e-01,2.800339389000000012e-01
4.100000000000000000e+05,5.000000000000000000e+02,2.999999999999999889e-01,5.999999999999999778e-01,3.894429442999999824e-01,2.799413560999999828e-01
4.300000000000000000e+05,5.000000000000000000e+02,2.999999999999999889e-01,5.999999999999999778e-01,3.899760281999999911e-01,2.798472565999999828e-01
4.500000000000000000e+05,5.000000000000000000e+02,2.999999999999999889e-01,5.999999999999999778e-01,3.904802641999999824e-01,2.797524196999999768e-01
4.700000000000000000e+05,5.000000000000000000e+02,2.999999999999999889e-01,5.999999999999999778e-01,3.909587714000000158e-01,2.796574443000000021e-01
4.900000000000000000e+05,5.000000000000000000e+02,2.999999999999999889e-01,5.999999999999999778e-01,3.914142067999999974e-01,2.795627909999999772e-01
5.100000000000000000e+05,5.000000000000000000e+02,2.999999999999999889e-01,5.999999999999999778e-01,3.918488506000000204e-01,2.794688143999999874e-01
5.300000000000000000e+05,5.000000000000000000e+02,2.999999999999999889e-01,5.999999999999999778e-01,3.922646720999999892e-01,2.793757861999999759e-01
5.500000000000000000e+05,5.000000000000000000e+02,2.999999999999999889e-01,5.999999999999999778e-01,3.926633829999999770e-01,2.792839138000000054e-01
5.700000000000000000e+05,5.000000000000000000e+02,2.999999999999999889e-01,5.999999999999999778e-01,3.930464791000000124e-01,2.791933542000000212e-01
5.900000000000000000e+05,5.000000000000000000e+02,2.999999999999999889e-01,5.999999999999999778e-01,3.934152744000000146e-01,2.791042241000000201e-01
6.100000000000000000e+05,5.000000000000000000e+02,2.999999999999999889e-01,5.999999999999999778e-01,3.937709288999999835e-01,2.790166090000000265e-01
6.300000000000000000e+05,5.000000000000000000e+02,2.999999999999999889e-01,5.999999999999999778e-01,3.941144711999999828e-01,2.789305691999999781e-01
6.500000000000000000e+05,5.000000000000000000e+02,2.999999999999999889e-01,5.999999999999999778e-01,3.944468172000000217e-01,2.788461450999999980e-01
6.700000000000000000e+05,5.000000000000000000e+02,2.999999999999999889e-01,5.999999999999999778e-01,3.947687854999999968e-01,2.787633612000000038e-01
6.900000000000000000e+05,5.000000000000000000e+02,2.999999999999999889e-01,5.999999999999999778e-01,3.950811107000000155e-01,2.786822297000000059e-01
7.100000000000000000e+05,5.000000000000000000e+02,2.999999999999999889e-01,5.999999999999999778e-01,3.953844543000000211e-01,2.786027523999999866e-01
7.300000000000000000e+05,5.000000000000000000e+02,2.999999999999999889e-01,5.999999999999999778e-01,3.956794134000000129e-01,2.785249234000000129e-01
7.500000000000000000e+05,5.000000000000000000e+02,2.999999999999999889e-01,5.999999999999999778e-01,3.959665293999999891e-01,2.784487306000000273e-01
7.700000000000000000e+05,5.000000000000000000e+02,2.999999999999999889e-01,5.999999999999999778e-01,3.962462938999999906e-01,2.783741565999999779e-01
7.900000000000000000e+05,5.000000000000000000e+02,2.999999999999999889e-01,5.999999999999999778e-01,3.965191549000000037e-01,2.783011805999999755e-01
8.100000000000000000e+05,5.000000000000000000e+02,2.999999999999999889e-01,5.999999999999999778e-01,3.967855216000000240e-01,2.782297785000000245e-01
8.300000000000000000e+05,5.000000000000000000e+02,2.999999999999999889e-01,5.999999999999999778e-01,3.970457687000000235e-01,2.781599243000000277e-01
8.500000000000000000e+05,5.000000000000000000e+02,2.999999999999999889e-01,5.999999999999999778e-01,3.973002400999999795e-01,2.780915899999999996e-01
8.700000000000000000e+05,5.000000000000000000e+02,2.999999999999999889e-01,5.999999999999999778e-01,3.975492521999999807e-01,2.780247465999999834e-01
8.900000000000000000e+05,5.000000000000000000e+02,2.999999999999999889e-01,5.999999999999999778e-01,3.977930964999999985e-01,2.779593643000000114e-01
9.100000000000000000e+05,5.000000000000000000e+02,2.999999999999999889e-01,5.999999999999999778e-01,3.980320421999999914e-01,2.778954128000000190e-01
9.300000000000000000e+05,5.000000000000000000e+02,2.999999999999999889e-01,5.999999999999999778e-01,3.982663384999999834e-01,2.778328614999999724e-01
9.500000000000000000e+05,5.000000000000000000e+02,2.999999999999999889e-01,5.999999999999999778e-01,3.984962165000000001e-01,2.777716798000000042e-01
9.700000000000000000e+05,5.000000000000000000e+02,2.999999999999999889e-01,5.999999999999999778e-01,3.987218907000000256e-01,2.777118371999999780e-01
9.900000000000000000e+05,5.000000000000000000e+02,2.999999999999999889e-01,5.999999999999999778e-01,3.989435605000000162e-01,2.776533035000000038e-01
1.000000000000000000e+05,5.000000000000000000e+02,2.999999999999999889e-01,5.999999999999999778e-01,3.684265360999999794e-01,2.778314920000000132e-01
3.000000000000000000e+05,5.000000000000000000e+02,2.999999999999999889e-01,5.999999999999999778e-01,3.857868601000000175e-01,2.803956274000000137e-01
5.000000000000000000e+05,5.000000000000000000e+02,2.999999999999999889e-01,5.999999999999999778e-01,3.916339979999999832e-01,2.795156993999999839e-01
7.000000000000000000e+05,5.000000000000000000e+02,2.999999999999999889e-01,5.999999999999999778e-01,3.952338664999999751e-01,2.786422845000000037e-01
9.000000000000000000e+05,5.000000000000000000e+02,2.999999999999999889e-01,5.999999999999999778e-01,3.979131656000000072e-01,2.779272116000000015e-01
1.100000000000000000e+06,5.000000000000000000e+02,2.999999999999999889e-01,5.999999999999999778e-01,4.000988856000000093e-01,2.773534556999999734e-01
1.300000000000000000e+06,5.000000000000000000e+02,2.999999999999999889e-01,5.999999999999999778e-01,4.019788253000000089e-01,2.768926405000000091e-01
1.500000000000000000e+06,5.000000000000000000e+02,2.999999999999999889e-01,5.999999999999999778e-01,4.036513234999999922e-01,2.765214799999999862e-01
1.700000000000000000e+06,5.000000000000000000e+02,2.999999999999999889e-01,5.999999999999999778e-01,4.051740211000000036e-01,2.762223723000000186e-01
1.900000000000000000e+06,5.000000000000000000e+02,2.999999999999999889e-01,5.999999999999999778e-01,4.065834890999999729e-01,2.759820893000000108e-01
2.100000000000000000e+06,5.000000000000000000e+02,2.999999999999999889e-01,5.999999999999999778e-01,4.079043353999999844e-01,2.757905689999999854e-01
2.300000000000000000e+06,5.000000000000000000e+02,2.999999999999999889e-01,5.999999999999999778e-01,4.091538875999999880e-01,2.756400308999999993e-01
2.500000000000000000e+06,5.000000000000000000e+02,2.999999999999999889e-01,5.999999999999999778e-01,4.103447954000000175e-01,2.755243576999999999e-01
2.700000000000000000e+06,5.000000000000000000e+02,2.999999999999999889e-01,5.999999999999999778e-01,4.114865694000000018e-01,2.754386641000000080e-01
2.900000000000000000e+06,5.000000000000000000e+02,2.999999999999999889e-01,5.999999999999999778e-01,4.125865369999999754e-01,2.753789929000000081e-01
3.100000000000000000e+06,5.000000000000000000e+02,2.999999999999999889e-01,5.999999999999999778e-01,4.136504611999999859e-01,2.753420972999999772e-01
3.300000000000000000e+06,5.000000000000000000e+02,2.999999999999999889e-01,5.999999999999999778e-01,4.146829550999999725e-01,2.753252822000000211e-01
3.500000000000000000e+06,5.000000000000000000e+02,2.999999999999999889e-01,5.999999999999999778e-01,4.156877681000000213e-01,2.753262875999999970e-01
3.700000000000000000e+06,5.000000000000000000e+02,2.999999999999999889e-01,5.999999999999999778e-01,4.166679885999999833e-01,2.753432002999999795e-01
3.900000000000000000e+06,5.000000000000000000e+02,2.999999999999999889e-01,5.999999999999999778e-01,4.176261903999999858e-01,2.753743868999999900e-01
4.100000000000000000e+06,5.000000000000000000e+02,2.999999999999999889e-01,5.999999999999999778e-01,4.185645411000000204e-01,2.754184425000000269e-01
4.300000000000000000e+06,5.000000000000000000e+02,2.999999999999999889e-01,5.999999999999999778e-01,4.194848828000000140e-01,2.754741498000000122e-01
4.500000000000000000e+06,5.000000000000000000e+02,2.999999999999999889e-01,5.999999999999999778e-01,4.203887948999999735e-01,2.755404477999999768e-01
4.700000000000000000e+06,5.000000000000000000e+02,2.999999999999999889e-01,5.999999999999999778e-01,4.212776410999999888e-01,2.756164059999999805e-01
4.900000000000000000e+06,5.000000000000000000e+02,2.999999999999999889e-01,5.999999999999999778e-01,4.221526074999999989e-01,2.757012039999999775e-01
5.100000000000000000e+06,5.000000000000000000e+02,2.999999999999999889e-01,5.999999999999999778e-01,4.230147320000000044e-01,2.757941151000000146e-01
5.300000000000000000e+06,5.000000000000000000e+02,2.999999999999999889e-01,5.999999999999999778e-01,4.238649279999999742e-01,2.758944923000000160e-01
5.500000000000000000e+06,5.000000000000000000e+02,2.999999999999999889e-01,5.999999999999999778e-01,4.247040040000000238e-01,2.760017575000000001e-01
5.700000000000000000e+06,5.000000000000000000e+02,2.999999999999999889e-01,5.999999999999999778e-01,4.255326783999999751e-01,2.761153917999999985e-01
5.900000000000000000e+06,5.000000000000000000e+02,2.999999999999999889e-01,5.999999999999999778e-01,4.263515932999999980e-01,2.762349279999999907e-01
6.100000000000000000e+06,5.000000000000000000e+02,2.999999999999999889e-01,5.999999999999999778e-01,4.271613242999999782e-01,2.763599438000000075e-01
6.300000000000000000e+06,5.000000000000000000e+02,2.999999999999999889e-01,5.999999999999999778e-01,4.279623900999999786e-01,2.764900563000000089e-01
6.500000000000000000e+06,5.000000000000000000e+02,2.999999999999999889e-01,5.999999999999999778e-01,4.287552591000000080e-01,2.766249174000000033e-01
6.700000000000000000e+06,5.000000000000000000e+02,2.999999999999999889e-01,5.999999999999999778e-01,4.295403561999999731e-01,2.767642095999999774e-01
6.900000000000000000e+06,5.000000000000000000e+02,2.999999999999999889e-01,5.999999999999999778e-01,4.303180681000000063e-01,2.769076427000000118e-01
7.100000000000000000e+06,5.000000000000000000e+02,2.999999999999999889e-01,5.999999999999999778e-01,4.310887475999999885e-01,2.770549506000000162e-01
7.300000000000000000e+06,5.000000000000000000e+02,2.999999999999999889e-01,5.999999999999999778e-01,4.318527175999999912e-01,2.772058888000000221e-01
7.500000000000000000e+06,5.000000000000000000e+02,2.999999999999999889e-01,5.999999999999999778e-01,4.326102741999999779e-01,2.773602322000000009e-01
7.700000000000000000e+06,5.000000000000000000e+02,2.999999999999999889e-01,5.999999999999999778e-01,4.333616900000000216e-01,2.775177730999999759e-01
7.900000000000000000e+06,5.000000000000000000e+02,2.999999999999999889e-01,5.999999999999999778e-01,4.341072165000000038e-01,2.776783196000000009e-01
8.100000000000000000e+06,5.000000000000000000e+02,2.999999999999999889e-01,5.999999999999999778e-01,4.348470857999999772e-01,2.778416935999999948e-01
8.300000000000000000e+06,5.000000000000000000e+02,2.999999999999999889e-01,5.999999999999999778e-01,4.355815131999999923e-01,2.780077300000000085e-01
8.500000000000000000e+06,5.000000000000000000e+02,2.999999999999999889e-01,5.999999999999999778e-01,4.363106984999999827e-01,2.781762755000000142e-01
8.700000000000000000e+06,5.000000000000000000e+02,2.999999999999999889e-01,5.999999999999999778e-01,4.370348272999999839e-01,2.783471869999999959e-01
8.900000000000000000e+06,5.000000000000000000e+02,2.999999999999999889e-01,5.999999999999999778e-01,4.377540728000000048e-01,2.785203312999999792e-01
9.100000000000000000e+06,5.000000000000000000e+02,2.999999999999999889e-01,5.999999999999999778e-01,4.384685966999999907e-01,2.786955839999999962e-01
9.300000000000000000e+06,5.000000000000000000e+02,2.999999999999999889e-01,5.999999999999999778e-01,4.391785498999999926e-01,2.788728286000000112e-01
9.500000000000000000e+06,5.000000000000000000e+02,2.999999999999999889e-01,5.999999999999999778e-01,4.398840740000000138e-01,2.790519560999999982e-01
9.700000000000000000e+06,5.000000000000000000e+02,2.999999999999999889e-01,5.999999999999999778e-01,4.405853017999999954e-01,2.792328642999999944e-01
9.900000000000000000e+06,5.000000000000000000e+02,2.999999999999999889e-01,5.999999999999999778e-01,4.412823578999999774e-01,2.794154570999999865e-01
1.000000000000000000e+06,5.000000000000000000e+02,2.999999999999999889e-01,5.999999999999999778e-01,3.990529523999999939e-01,2.776245182000000034e-01
3.000000000000000000e+06,5.000000000000000000e+02,2.999999999999999889e-01,5.999999999999999778e-01,4.131226930999999936e-01,2.753578780000000004e-01
5.000000000000000000e+06,5.000000000000000000e+02,2.999999999999999889e-01,5.999999999999999778e-01,4.225852151999999751e-01,2.757466875999999845e-01
7.000000000000000000e+06,5.000000000000000000e+02,2.999999999999999889e-01,5.999999999999999778e-01,4.307042661000000106e-01,2.769808281000000205e-01
9.000000000000000000e+06,5.000000000000000000e+02,2.999999999999999889e-01,5.999999999999999778e-01,4.381119152999999877e-01,2.786077015999999795e-01
1.100000000000000000e+07,5.000000000000000000e+02,2.999999999999999889e-01,5.999999999999999778e-01,4.450465212999999975e-01,2.804460524999999871e-01
1.300000000000000000e+07,5.000000000000000000e+02,2.999999999999999889e-01,5.999999999999999778e-01,4.516257208000000190e-01,2.824056918999999777e-01
1.500000000000000000e+07,5.000000000000000000e+02,2.999999999999999889e-01,5.999999999999999778e-01,4.579174139000000143e-01,2.844356972000000039e-01
1.700000000000000000e+07,5.000000000000000000e+02,2.999999999999999889e-01,5.999999999999999778e-01,4.639651484000000270e-01,2.865048526000000262e-01
1.900000000000000000e+07,5.000000000000000000e+02,2.999999999999999889e-01,5.999999999999999778e-01,4.697990812999999766e-01,2.885929052999999800e-01
2.100000000000000000e+07,5.000000000000000000e+02,2.999999999999999889e-01,5.999999999999999778e-01,4.754413566999999841e-01,2.906861729999999922e-01
2.300000000000000000e+07,5.000000000000000000e+02,2.999999999999999889e-01,5.999999999999999778e-01,4.809090020999999826e-01,2.927751392999999869e-01
2.500000000000000000e+07,5.000000000000000000e+02,2.999999999999999889e-01,5.999999999999999778e-01,4.862156027000000269e-01,2.948530477999999899e-01
2.700000000000000000e+07,5.000000000000000000e+02,2.999999999999999889e-01,5.999999999999999778e-01,4.913723266000000200e-01,2.969150360000000211e-01
2.900000000000000000e+07,5.000000000000000000e+02,2.999999999999999889e-01,5.999999999999999778e-01,4.963885821999999837e-01,2.989575783000000264e-01
3.100000000000000000e+07,5.000000000000000000e+02,2.999999999999999889e-01,5.999999999999999778e-01,5.012724564999999632e-01,3.009781148999999822e-01
3.300000000000000000e+07,5.000000000000000000e+02,2.999999999999999889e-01,5.999999999999999778e-01,5.060310170999999801e-01,3.029747971999999789e-01
3.500000000000000000e+07,5.000000000000000000e+02,2.999999999999999889e-01,5.999999999999999778e-01,5.106705269000000325e-01,3.049463087000000017e-01
3.700000000000000000e+07,5.000000000000000000e+02,2.999999999999999889e-01,5.999999999999999778e-01,5.151965995999999715e-01,3.068917364000000036e-01
3.900000000000000000e+07,5.000000000000000000e+02,2.999999999999999889e-01,5.999999999999999778e-01,5.196143161999999815e-01,3.088104763000000252e-01
4.100000000000000000e+07,5.000000000000000000e+02,2.999999999999999889e-01,5.999999999999999778e-01,5.239283128999999706e-01,3.107021629000000229e-01
4.300000000000000000e+07,5.000000000000000000e+02,2.999999999999999889e-01,5.999999999999999778e-01,5.281428495000000112e-01,3.125666167999999745e-01
4.500000000000000000e+07,5.000000000000000000e+02,2.999999999999999889e-01,5.999999999999999778e-01,5.322618626999999769e-01,3.144038034000000148e-01
4.700000000000000000e+07,5.000000000000000000e+02,2.999999999999999889e-01,5.999999999999999778e-01,5.362890094000000163e-01,3.162138020999999966e-01
4.900000000000000000e+07,5.000000000000000000e+02,2.999999999999999889e-01,5.999999999999999778e-01,5.402277009000000518e-01,3.179967814999999920e-01
5.100000000000000000e+07,5.000000000000000000e+02,2.999999999999999889e-01,5.999999999999999778e-01,5.440811314000000287e-01,3.197529801999999810e-01
5.300000000000000000e+07,5.000000000000000000e+02,2.999999999999999889e-01,5.999999999999999778e-01,5.478523019000000049e-01,3.214826916999999895e-01
5.500000000000000000e+07,5.000000000000000000e+02,2.999999999999999889e-01,5.999999999999999778e-01,5.515440395999999801e-01,3.231862518999999989e-01
5.700000000000000000e+07,5.000000000000000000e+02,2.999999999999999889e-01,5.999999999999999778e-01,5.551590145999999448e-01,3.248640294999999845e-01
5.900000000000000000e+07,5.000000000000000000e+02,2.999999999999999889e-01,5.999999999999999778e-01,5.586997545999999870e-01,3.265164181999999915e-01
6.100000000000000000e+07,5.000000000000000000e+02,2.999999999999999889e-01,5.999999999999999778e-01,5.621686571999999771e-01,3.281438300999999780e-01
6.300000000000000000e+07,5.000000000000000000e+02,2.999999999999999889e-01,5.999999999999999778e-01,5.655679999999999596e-01,3.297466907000000114e-01
6.500000000000000000e+07,5.000000000000000000e+02,2.999999999999999889e-01,5.999999999999999778e-01,5.688999510000000148e-01,3.313254345000000156e-01
6.700000000000000000e+07,5.000000000000000000e+02,2.999999999999999889e-01,5.999999999999999778e-01,5.721665760999999906e-01,3.328805016999999977e-01
6.900000000000000000e+07,5.000000000000000000e+02,2.999999999999999889e-01,5.999999999999999778e-01,5.753698466000000122e-01,3.344123352999999743e-01
7.100000000000000000e+07,5.000000000000000000e+02,2.999999999999999889e-01,5.999999999999999778e-01,5.785116461999999515e-01,3.359213790999999727e-01
7.300000000000000000e+07,5.000000000000000000e+02,2.999999999999999889e-01,5.999999999999999778e-01,5.815937762999999761e-01,3.374080754000000071e-01
7.500000000000000000e+07,5.000000000000000000e+02,2.999999999999999889e-01,5.999999999999999778e-01,5.846179616000000134e-01,3.388728636000000183e-01
7.700000000000000000e+07,5.000000000000000000e+02,2.999999999999999889e-01,5.999999999999999778e-01,5.875858548000000292e-01,3.403161793000000213e-01
7.900000000000000000e+07,5.000000000000000000e+02,2.999999999999999889e-01,5.999999999999999778e-01,5.904990410999999551e-01,3.417384528999999893e-01
8.100000000000000000e+07,5.000000000000000000e+02,2.999999999999999889e-01,5.999999999999999778e-01,5.933590417999999866e-01,3.431401091999999875e-01
8.300000000000000000e+07,5.000000000000000000e+02,2.999999999999999889e-01,5.999999999999999778e-01,5.961673185000000430e-01,3.445215662000000179e-01
8.500000000000000000e+07,5.000000000000000000e+02,2.999999999999999889e-01,5.999999999999999778e-01,5.989252758999999982e-01,3.458832352999999804e-01
8.700000000000000000e+07,5.000000000000000000e+02,2.999999999999999889e-01,5.999999999999999778e-01,6.016342651999999624e-01,3.472255202999999790e-01
8.900000000000000000e+07,5.000000000000000000e+02,2.999999999999999889e-01,5.999999999999999778e-01,6.042955867999999509e-01,3.485488177000000132e-01
9.100000000000000000e+07,5.000000000000000000e+02,2.999999999999999889e-01,5.999999999999999778e-01,6.069104931000000036e-01,3.498535159999999755e-01
9.300000000000000000e+07,5.000000000000000000e+02,2.999999999999999889e-01,5.999999999999999778e-01,6.094801906000000269e-01,3.511399957999999932e-01
9.500000000000000000e+07,5.000000000000000000e+02,2.999999999999999889e-01,5.999999999999999778e-01,6.120058426000000162e-01,3.524086296000000229e-01
9.700000000000000000e+07,5.000000000000000000e+02,2.999999999999999889e-01,5.999999999999999778e-01,6.144885708999999752e-01,3.536597820999999864e-01
9.900000000000000000e+07,5.000000000000000000e+02,2.999999999999999889e-01,5.999999999999999778e-01,6.169294580999999944e-01,3.548938097000000069e-01
1.000000000000000000e+07,5.000000000000000000e+02,2.999999999999999889e-01,5.999999999999999778e-01,4.416293586000000215e-01,2.795073569000000036e-01
3.000000000000000000e+07,5.000000000000000000e+02,2.999999999999999889e-01,5.999999999999999778e-01,4.988466041999999878e-01,2.999707271000000008e-01
5.000000000000000000e+07,5.000000000000000000e+02,2.999999999999999889e-01,5.999999999999999778e-01,5.421648819000000064e-01,3.188782111999999835e-01
7.000000000000000000e+07,5.000000000000000000e+02,2.999999999999999889e-01,5.999999999999999778e-01,5.769483158999999528e-01,3.351696782999999957e-01
9.000000000000000000e+07,5.000000000000000000e+02,2.999999999999999889e-01,5.999999999999999778e-01,6.056087653999999709e-01,3.492034678000000003e-01
1.000000000000000000e+08,5.000000000000000000e+02,2.999999999999999889e-01,5.999999999999999778e-01,6.181345392999999522e-01,3.555045109000000148e-01
