     Pressure (Pa)     C7-500 (mol/kg)        3mC6-500 (mol/kg)
    0.1000000000E+01    0.2398386378E-04    0.9539817581E-04
    0.3000000000E+01    0.7192615315E-04    0.2860914867E-03
    0.5000000000E+01    0.1198345552E-03    0.4766475334E-03
    0.7000000000E+01    0.1677091061E-03    0.6670664636E-03
    0.9000000000E+01    0.2155498423E-03    0.8573484249E-03
    0.1100000000E+02    0.2633567997E-03    0.1047493565E-02
    0.1300000000E+02    0.3111300145E-03    0.1237502030E-02
    0.1500000000E+02    0.3588695229E-03    0.1427373968E-02
    0.1700000000E+02    0.4065753608E-03    0.1617109526E-02
    0.1900000000E+02    0.4542475641E-03    0.1806708849E-02
    0.2100000000E+02    0.5018861688E-03    0.1996172085E-02
    0.2300000000E+02    0.5494912108E-03    0.2185499379E-02
    0.2500000000E+02    0.5970627257E-03    0.2374690877E-02
    0.2700000000E+02    0.6446007495E-03    0.2563746726E-02
    0.2900000000E+02    0.6921053178E-03    0.2752667069E-02
    0.3100000000E+02    0.7395764662E-03    0.2941452054E-02
    0.3300000000E+02    0.7870142304E-03    0.3130101824E-02
    0.3500000000E+02    0.8344186459E-03    0.3318616526E-02
    0.3700000000E+02    0.8817897483E-03    0.3506996302E-02
    0.3900000000E+02    0.9291275728E-03    0.3695241299E-02
    0.4100000000E+02    0.9764321551E-03    0.3883351659E-02
    0.4300000000E+02    0.1023703530E-02    0.4071327528E-02
    0.4500000000E+02    0.1070941734E-02    0.4259169048E-02
    0.4700000000E+02    0.1118146801E-02    0.4446876365E-02
    0.4900000000E+02    0.1165318767E-02    0.4634449620E-02
    0.5100000000E+02    0.1212457667E-02    0.4821888957E-02
    0.5300000000E+02    0.1259563536E-02    0.5009194520E-02
    0.5500000000E+02    0.1306636409E-02    0.5196366451E-02
    0.5700000000E+02    0.1353676320E-02    0.5383404893E-02
    0.5900000000E+02    0.1400683306E-02    0.5570309988E-02
    0.6100000000E+02    0.1447657401E-02    0.5757081878E-02
    0.6300000000E+02    0.1494598640E-02    0.5943720706E-02
    0.6500000000E+02    0.1541507057E-02    0.6130226613E-02
    0.6700000000E+02    0.1588382688E-02    0.6316599741E-02
    0.6900000000E+02    0.1635225567E-02    0.6502840230E-02
    0.7100000000E+02    0.1682035728E-02    0.6688948224E-02
    0.7300000000E+02    0.1728813206E-02    0.6874923861E-02
    0.7500000000E+02    0.1775558037E-02    0.7060767284E-02
    0.7700000000E+02    0.1822270254E-02    0.7246478633E-02
    0.7900000000E+02    0.1868949891E-02    0.7432058048E-02
    0.8100000000E+02    0.1915596984E-02    0.7617505670E-02
    0.8300000000E+02    0.1962211567E-02    0.7802821638E-02
    0.8500000000E+02    0.2008793673E-02    0.7988006092E-02
    0.8700000000E+02    0.2055343338E-02    0.8173059172E-02
    0.8900000000E+02    0.2101860595E-02    0.8357981017E-02
    0.9100000000E+02    0.2148345478E-02    0.8542771767E-02
    0.9300000000E+02    0.2194798022E-02    0.8727431561E-02
    0.9500000000E+02    0.2241218261E-02    0.8911960536E-02
    0.9700000000E+02    0.2287606229E-02    0.9096358833E-02
    0.9900000000E+02    0.2333961959E-02    0.9280626589E-02
    0.1000000000E+02    0.2394575410E-03    0.9524380883E-03
    0.3000000000E+02    0.7158450673E-03    0.2847076473E-02
    0.5000000000E+02    0.1188892348E-02    0.4728186019E-02
    0.7000000000E+02    0.1658634735E-02    0.6595910780E-02
    0.9000000000E+02    0.2125107081E-02    0.8450392770E-02
    0.1100000000E+03    0.2588343750E-02    0.1029177200E-01
    0.1300000000E+03    0.3048378626E-02    0.1212018653E-01
    0.1500000000E+03    0.3505245117E-02    0.1393577246E-01
    0.1700000000E+03    0.3958976171E-02    0.1573866403E-01
    0.1900000000E+03    0.4409604277E-02    0.1752899357E-01
    0.2100000000E+03    0.4857161475E-02    0.1930689162E-01
    0.2300000000E+03    0.5301679367E-02    0.2107248690E-01
    0.2500000000E+03    0.5743189119E-02    0.2282590636E-01
    0.2700000000E+03    0.6181721474E-02    0.2456727521E-01
    0.2900000000E+03    0.6617306754E-02    0.2629671695E-01
    0.3100000000E+03    0.7049974870E-02    0.2801435340E-01
    0.3300000000E+03    0.7479755330E-02    0.2972030474E-01
    0.3500000000E+03    0.7906677244E-02    0.3141468950E-01
    0.3700000000E+03    0.8330769331E-02    0.3309762463E-01
    0.3900000000E+03    0.8752059923E-02    0.3476922552E-01
    0.4100000000E+03    0.9170576978E-02    0.3642960599E-01
    0.4300000000E+03    0.9586348081E-02    0.3807887836E-01
    0.4500000000E+03    0.9999400450E-02    0.3971715344E-01
    0.4700000000E+03    0.1040976095E-01    0.4134454060E-01
    0.4900000000E+03    0.1081745607E-01    0.4296114774E-01
    0.5100000000E+03    0.1122251199E-01    0.4456708135E-01
    0.5300000000E+03    0.1162495451E-01    0.4616244653E-01
    0.5500000000E+03    0.1202480912E-01    0.4774734698E-01
    0.5700000000E+03    0.1242210097E-01    0.4932188508E-01
    0.5900000000E+03    0.1281685487E-01    0.5088616185E-01
    0.6100000000E+03    0.1320909534E-01    0.5244027704E-01
    0.6300000000E+03    0.1359884655E-01    0.5398432907E-01
    0.6500000000E+03    0.1398613239E-01    0.5551841512E-01
    0.6700000000E+03    0.1437097642E-01    0.5704263112E-01
    0.6900000000E+03    0.1475340193E-01    0.5855707177E-01
    0.7100000000E+03    0.1513343188E-01    0.6006183056E-01
    0.7300000000E+03    0.1551108896E-01    0.6155699979E-01
    0.7500000000E+03    0.1588639557E-01    0.6304267062E-01
    0.7700000000E+03    0.1625937382E-01    0.6451893301E-01
    0.7900000000E+03    0.1663004557E-01    0.6598587583E-01
    0.8100000000E+03    0.1699843236E-01    0.6744358682E-01
    0.8300000000E+03    0.1736455551E-01    0.6889215261E-01
    0.8500000000E+03    0.1772843604E-01    0.7033165878E-01
    0.8700000000E+03    0.1809009473E-01    0.7176218981E-01
    0.8900000000E+03    0.1844955210E-01    0.7318382917E-01
    0.9100000000E+03    0.1880682840E-01    0.7459665927E-01
    0.9300000000E+03    0.1916194366E-01    0.7600076152E-01
    0.9500000000E+03    0.1951491763E-01    0.7739621633E-01
    0.9700000000E+03    0.1986576986E-01    0.7878310312E-01
    0.9900000000E+03    0.2021451964E-01    0.8016150035E-01
    0.1000000000E+03    0.2357127746E-02    0.9372711558E-02
    0.3000000000E+03    0.6834003604E-02    0.2715700329E-01
    0.5000000000E+03    0.1102031231E-01    0.4376544214E-01
    0.7000000000E+03    0.1494371492E-01    0.5931065560E-01
    0.9000000000E+03    0.1862846163E-01    0.7389134027E-01
    0.1100000000E+04    0.2209590223E-01    0.8759435068E-01
    0.1300000000E+04    0.2536490756E-01    0.1004964233E+00
    0.1500000000E+04    0.2845221950E-01    0.1126656076E+00
    0.1700000000E+04    0.3137274323E-01    0.1241624618E+00
    0.1900000000E+04    0.3413979264E-01    0.1350410550E+00
    0.2100000000E+04    0.3676529742E-01    0.1453498141E+00
    0.2300000000E+04    0.3925997855E-01    0.1551322408E+00
    0.2500000000E+04    0.4163349780E-01    0.1644275216E+00
    0.2700000000E+04    0.4389458552E-01    0.1732710502E+00
    0.2900000000E+04    0.4605115038E-01    0.1816948752E+00
    0.3100000000E+04    0.4811037393E-01    0.1897280863E+00
    0.3300000000E+04    0.5007879238E-01    0.1973971474E+00
    0.3500000000E+04    0.5196236762E-01    0.2047261870E+00
    0.3700000000E+04    0.5376654900E-01    0.2117372494E+00
    0.3900000000E+04    0.5549632733E-01    0.2184505156E+00
    0.4100000000E+04    0.5715628219E-01    0.2248844956E+00
    0.4300000000E+04    0.5875062349E-01    0.2310561978E+00
    0.4500000000E+04    0.6028322807E-01    0.2369812785E+00
    0.4700000000E+04    0.6175767209E-01    0.2426741732E+00
    0.4900000000E+04    0.6317725962E-01    0.2481482135E+00
    0.5100000000E+04    0.6454504812E-01    0.2534157305E+00
    0.5300000000E+04    0.6586387101E-01    0.2584881470E+00
    0.5500000000E+04    0.6713635793E-01    0.2633760596E+00
    0.5700000000E+04    0.6836495269E-01    0.2680893118E+00
    0.5900000000E+04    0.6955192947E-01    0.2726370599E+00
    0.6100000000E+04    0.7069940733E-01    0.2770278320E+00
    0.6300000000E+04    0.7180936318E-01    0.2812695808E+00
    0.6500000000E+04    0.7288364357E-01    0.2853697311E+00
    0.6700000000E+04    0.7392397527E-01    0.2893352235E+00
    0.6900000000E+04    0.7493197485E-01    0.2931725525E+00
    0.7100000000E+04    0.7590915731E-01    0.2968878022E+00
    0.7300000000E+04    0.7685694403E-01    0.3004866780E+00
    0.7500000000E+04    0.7777666982E-01    0.3039745358E+00
    0.7700000000E+04    0.7866958949E-01    0.3073564081E+00
    0.7900000000E+04    0.7953688371E-01    0.3106370282E+00
    0.8100000000E+04    0.8037966447E-01    0.3138208520E+00
    0.8300000000E+04    0.8119897998E-01    0.3169120782E+00
    0.8500000000E+04    0.8199581922E-01    0.3199146664E+00
    0.8700000000E+04    0.8277111602E-01    0.3228323537E+00
    0.8900000000E+04    0.8352575291E-01    0.3256686706E+00
    0.9100000000E+04    0.8426056458E-01    0.3284269548E+00
    0.9300000000E+04    0.8497634111E-01    0.3311103640E+00
    0.9500000000E+04    0.8567383087E-01    0.3337218881E+00
    0.9700000000E+04    0.8635374329E-01    0.3362643603E+00
    0.9900000000E+04    0.8701675134E-01    0.3387404669E+00
    0.1000000000E+04    0.2038811207E-01    0.8084753964E-01
    0.3000000000E+04    0.4709250706E-01    0.1857585955E+00
    0.5000000000E+04    0.6386744666E-01    0.2508070532E+00
    0.7000000000E+04    0.7542432728E-01    0.2950450721E+00
    0.9000000000E+04    0.8389558651E-01    0.3270573654E+00
    0.1100000000E+05    0.9038813766E-01    0.3512804795E+00
    0.1300000000E+05    0.9553429154E-01    0.3702376687E+00
    0.1500000000E+05    0.9972181333E-01    0.3854696035E+00
    0.1700000000E+05    0.1032019044E+00    0.3979700455E+00
    0.1900000000E+05    0.1061445670E+00    0.4084086349E+00
    0.2100000000E+05    0.1086690306E+00    0.4172530014E+00
    0.2300000000E+05    0.1108614362E+00    0.4248395515E+00
    0.2500000000E+05    0.1127856012E+00    0.4314164489E+00
    0.2700000000E+05    0.1144898338E+00    0.4371707450E+00
    0.2900000000E+05    0.1160113899E+00    0.4422460845E+00
    0.3100000000E+05    0.1173794749E+00    0.4467545938E+00
    0.3300000000E+05    0.1186173155E+00    0.4507850677E+00
    0.3500000000E+05    0.1197436215E+00    0.4544087313E+00
    0.3700000000E+05    0.1207736381E+00    0.4576833756E+00
    0.3900000000E+05    0.1217199166E+00    0.4606563783E+00
    0.4100000000E+05    0.1225928867E+00    0.4633669449E+00
    0.4300000000E+05    0.1234012900E+00    0.4658477956E+00
    0.4500000000E+05    0.1241525096E+00    0.4681264507E+00
    0.4700000000E+05    0.1248528259E+00    0.4702262226E+00
    0.4900000000E+05    0.1255076166E+00    0.4721669890E+00
    0.5100000000E+05    0.1261215142E+00    0.4739658020E+00
    0.5300000000E+05    0.1266985317E+00    0.4756373718E+00
    0.5500000000E+05    0.1272421635E+00    0.4771944549E+00
    0.5700000000E+05    0.1277554674E+00    0.4786481670E+00
    0.5900000000E+05    0.1282411310E+00    0.4800082382E+00
    0.6100000000E+05    0.1287015270E+00    0.4812832220E+00
    0.6300000000E+05    0.1291387577E+00    0.4824806674E+00
    0.6500000000E+05    0.1295546934E+00    0.4836072617E+00
    0.6700000000E+05    0.1299510037E+00    0.4846689500E+00
    0.6900000000E+05    0.1303291837E+00    0.4856710348E+00
    0.7100000000E+05    0.1306905768E+00    0.4866182607E+00
    0.7300000000E+05    0.1310363934E+00    0.4875148852E+00
    0.7500000000E+05    0.1313677274E+00    0.4883647400E+00
    0.7700000000E+05    0.1316855696E+00    0.4891712822E+00
    0.7900000000E+05    0.1319908202E+00    0.4899376395E+00
    0.8100000000E+05    0.1322842988E+00    0.4906666477E+00
    0.8300000000E+05    0.1325667531E+00    0.4913608844E+00
    0.8500000000E+05    0.1328388673E+00    0.4920226975E+00
    0.8700000000E+05    0.1331012681E+00    0.4926542300E+00
    0.8900000000E+05    0.1333545312E+00    0.4932574419E+00
    0.9100000000E+05    0.1335991862E+00    0.4938341292E+00
    0.9300000000E+05    0.1338357213E+00    0.4943859407E+00
    0.9500000000E+05    0.1340645872E+00    0.4949143928E+00
    0.9700000000E+05    0.1342862008E+00    0.4954208823E+00
    0.9900000000E+05    0.1345009482E+00    0.4959066979E+00
    0.1000000000E+05    0.8734211715E-01    0.3399544347E+00
    0.3000000000E+05    0.1167130440E+00    0.4445651735E+00
    0.5000000000E+05    0.1258194130E+00    0.4730831703E+00
    0.7000000000E+05    0.1305119000E+00    0.4861512284E+00
    0.9000000000E+05    0.1334779033E+00    0.4935489948E+00
    0.1100000000E+06    0.1355741395E+00    0.4982581719E+00
    0.1300000000E+06    0.1371635755E+00    0.5014896808E+00
    0.1500000000E+06    0.1384281938E+00    0.5038263236E+00
    0.1700000000E+06    0.1394701243E+00    0.5055824092E+00
    0.1900000000E+06    0.1403515289E+00    0.5069419440E+00
    0.2100000000E+06    0.1411126380E+00    0.5080195604E+00
    0.2300000000E+06    0.1417807705E+00    0.5088902426E+00
    0.2500000000E+06    0.1423752101E+00    0.5096050090E+00
    0.2700000000E+06    0.1429100085E+00    0.5101997160E+00
    0.2900000000E+06    0.1433956820E+00    0.5107002587E+00
    0.3100000000E+06    0.1438402806E+00    0.5111257762E+00
    0.3300000000E+06    0.1442500877E+00    0.5114906988E+00
    0.3500000000E+06    0.1446300912E+00    0.5118060969E+00
    0.3700000000E+06    0.1449843096E+00    0.5120805934E+00
    0.3900000000E+06    0.1453160232E+00    0.5123209962E+00
    0.4100000000E+06    0.1456279407E+00    0.5125327449E+00
    0.4300000000E+06    0.1459223226E+00    0.5127202331E+00
    0.4500000000E+06    0.1462010730E+00    0.5128870438E+00
    0.4700000000E+06    0.1464658093E+00    0.5130361250E+00
    0.4900000000E+06    0.1467179161E+00    0.5131699218E+00
    0.5100000000E+06    0.1469585873E+00    0.5132904766E+00
    0.5300000000E+06    0.1471888587E+00    0.5133995075E+00
    0.5500000000E+06    0.1474096344E+00    0.5134984683E+00
    0.5700000000E+06    0.1476217079E+00    0.5135885963E+00
    0.5900000000E+06    0.1478257791E+00    0.5136709501E+00
    0.6100000000E+06    0.1480224685E+00    0.5137464398E+00
    0.6300000000E+06    0.1482123282E+00    0.5138158515E+00
    0.6500000000E+06    0.1483958516E+00    0.5138798670E+00
    0.6700000000E+06    0.1485734817E+00    0.5139390798E+00
    0.6900000000E+06    0.1487456170E+00    0.5139940089E+00
    0.7100000000E+06    0.1489126176E+00    0.5140451091E+00
    0.7300000000E+06    0.1490748101E+00    0.5140927809E+00
    0.7500000000E+06    0.1492324909E+00    0.5141373776E+00
    0.7700000000E+06    0.1493859306E+00    0.5141792119E+00
    0.7900000000E+06    0.1495353761E+00    0.5142185612E+00
    0.8100000000E+06    0.1496810540E+00    0.5142556725E+00
    0.8300000000E+06    0.1498231719E+00    0.5142907660E+00
    0.8500000000E+06    0.1499619214E+00    0.5143240386E+00
    0.8700000000E+06    0.1500974789E+00    0.5143556666E+00
    0.8900000000E+06    0.1502300075E+00    0.5143858082E+00
    0.9100000000E+06    0.1503596583E+00    0.5144146059E+00
    0.9300000000E+06    0.1504865714E+00    0.5144421878E+00
    0.9500000000E+06    0.1506108769E+00    0.5144686699E+00
    0.9700000000E+06    0.1507326962E+00    0.5144941567E+00
    0.9900000000E+06    0.1508521423E+00    0.5145187429E+00
    0.1000000000E+06    0.1346058602E+00    0.4961422288E+00
    0.3000000000E+06    0.1436226879E+00    0.5109214018E+00
    0.5000000000E+06    0.1468396131E+00    0.5132317402E+00
    0.7000000000E+06    0.1488297380E+00    0.5140200114E+00
    0.9000000000E+06    0.1502951837E+00    0.5144003667E+00
    0.1100000000E+07    0.1514710676E+00    0.5146413406E+00
    0.1300000000E+07    0.1524637812E+00    0.5148321834E+00
    0.1500000000E+07    0.1533302731E+00    0.5150079097E+00
    0.1700000000E+07    0.1541045201E+00    0.5151835165E+00
    0.1900000000E+07    0.1548083978E+00    0.5153656258E+00
    0.2100000000E+07    0.1554568099E+00    0.5155570559E+00
    0.2300000000E+07    0.1560603630E+00    0.5157588071E+00
    0.2500000000E+07    0.1566268725E+00    0.5159709881E+00
    0.2700000000E+07    0.1571622627E+00    0.5161932727E+00
    0.2900000000E+07    0.1576711305E+00    0.5164251322E+00
    0.3100000000E+07    0.1581571152E+00    0.5166659571E+00
    0.3300000000E+07    0.1586231464E+00    0.5169151210E+00
    0.3500000000E+07    0.1590716181E+00    0.5171720134E+00
    0.3700000000E+07    0.1595045111E+00    0.5174360558E+00
    0.3900000000E+07    0.1599234834E+00    0.5177067092E+00
    0.4100000000E+07    0.1603299368E+00    0.5179834756E+00
    0.4300000000E+07    0.1607250668E+00    0.5182658978E+00
    0.4500000000E+07    0.1611099016E+00    0.5185535569E+00
    0.4700000000E+07    0.1614853317E+00    0.5188460696E+00
    0.4900000000E+07    0.1618521337E+00    0.5191430859E+00
    0.5100000000E+07    0.1622109888E+00    0.5194442851E+00
    0.5300000000E+07    0.1625624978E+00    0.5197493741E+00
    0.5500000000E+07    0.1629071935E+00    0.5200580839E+00
    0.5700000000E+07    0.1632455504E+00    0.5203701678E+00
    0.5900000000E+07    0.1635779929E+00    0.5206853990E+00
    0.6100000000E+07    0.1639049025E+00    0.5210035689E+00
    0.6300000000E+07    0.1642266229E+00    0.5213244850E+00
    0.6500000000E+07    0.1645434652E+00    0.5216479696E+00
    0.6700000000E+07    0.1648557118E+00    0.5219738583E+00
    0.6900000000E+07    0.1651636199E+00    0.5223019990E+00
    0.7100000000E+07    0.1654674241E+00    0.5226322504E+00
    0.7300000000E+07    0.1657673396E+00    0.5229644813E+00
    0.7500000000E+07    0.1660635636E+00    0.5232985695E+00
    0.7700000000E+07    0.1663562778E+00    0.5236344014E+00
    0.7900000000E+07    0.1666456498E+00    0.5239718707E+00
    0.8100000000E+07    0.1669318342E+00    0.5243108783E+00
    0.8300000000E+07    0.1672149746E+00    0.5246513314E+00
    0.8500000000E+07    0.1674952041E+00    0.5249931431E+00
    0.8700000000E+07    0.1677726463E+00    0.5253362317E+00
    0.8900000000E+07    0.1680474166E+00    0.5256805209E+00
    0.9100000000E+07    0.1683196224E+00    0.5260259387E+00
    0.9300000000E+07    0.1685893644E+00    0.5263724173E+00
    0.9500000000E+07    0.1688567364E+00    0.5267198929E+00
    0.9700000000E+07    0.1691218268E+00    0.5270683055E+00
    0.9900000000E+07    0.1693847182E+00    0.5274175983E+00
    0.1000000000E+07    0.1509110087E+00    0.5145307255E+00
    0.3000000000E+07    0.1579167858E+00    0.5165444632E+00
    0.5000000000E+07    0.1620325154E+00    0.5192931816E+00
    0.7000000000E+07    0.1653160211E+00    0.5224668693E+00
    0.9000000000E+07    0.1681838336E+00    0.5258530931E+00
    0.1100000000E+08    0.1707945720E+00    0.5293521839E+00
    0.1300000000E+08    0.1732261430E+00    0.5329108120E+00
    0.1500000000E+08    0.1755228216E+00    0.5364975245E+00
    0.1700000000E+08    0.1777123186E+00    0.5400924565E+00
    0.1900000000E+08    0.1798132223E+00    0.5436824312E+00
    0.2100000000E+08    0.1818386742E+00    0.5472583922E+00
    0.2300000000E+08    0.1837983593E+00    0.5508139544E+00
    0.2500000000E+08    0.1856996590E+00    0.5543445359E+00
    0.2700000000E+08    0.1875483596E+00    0.5578468126E+00
    0.2900000000E+08    0.1893491052E+00    0.5613183619E+00
    0.3100000000E+08    0.1911057000E+00    0.5647574222E+00
    0.3300000000E+08    0.1928213150E+00    0.5681627249E+00
    0.3500000000E+08    0.1944986351E+00    0.5715333760E+00
    0.3700000000E+08    0.1961399639E+00    0.5748687690E+00
    0.3900000000E+08    0.1977473023E+00    0.5781685210E+00
    0.4100000000E+08    0.1993224065E+00    0.5814324245E+00
    0.4300000000E+08    0.2008668329E+00    0.5846604104E+00
    0.4500000000E+08    0.2023819723E+00    0.5878525195E+00
    0.4700000000E+08    0.2038690775E+00    0.5910088805E+00
    0.4900000000E+08    0.2053292845E+00    0.5941296925E+00
    0.5100000000E+08    0.2067636298E+00    0.5972152106E+00
    0.5300000000E+08    0.2081730644E+00    0.6002657349E+00
    0.5500000000E+08    0.2095584654E+00    0.6032816017E+00
    0.5700000000E+08    0.2109206453E+00    0.6062631756E+00
    0.5900000000E+08    0.2122603602E+00    0.6092108440E+00
    0.6100000000E+08    0.2135783158E+00    0.6121250117E+00
    0.6300000000E+08    0.2148751735E+00    0.6150060971E+00
    0.6500000000E+08    0.2161515552E+00    0.6178545286E+00
    0.6700000000E+08    0.2174080468E+00    0.6206707419E+00
    0.6900000000E+08    0.2186452022E+00    0.6234551776E+00
    0.7100000000E+08    0.2198635462E+00    0.6262082793E+00
    0.7300000000E+08    0.2210635769E+00    0.6289304920E+00
    0.7500000000E+08    0.2222457683E+00    0.6316222606E+00
    0.7700000000E+08    0.2234105721E+00    0.6342840287E+00
    0.7900000000E+08    0.2245584196E+00    0.6369162380E+00
    0.8100000000E+08    0.2256897232E+00    0.6395193269E+00
    0.8300000000E+08    0.2268048778E+00    0.6420937306E+00
    0.8500000000E+08    0.2279042622E+00    0.6446398798E+00
    0.8700000000E+08    0.2289882399E+00    0.6471582008E+00
    0.8900000000E+08    0.2300571604E+00    0.6496491148E+00
    0.9100000000E+08    0.2311113601E+00    0.6521130377E+00
    0.9300000000E+08    0.2321511628E+00    0.6545503799E+00
    0.9500000000E+08    0.2331768809E+00    0.6569615460E+00
    0.9700000000E+08    0.2341888157E+00    0.6593469349E+00
    0.9900000000E+08    0.2351872583E+00    0.6617069392E+00
    0.1000000000E+08    0.1695153638E+00    0.5275925578E+00
    0.3000000000E+08    0.1902327104E+00    0.5630420425E+00
    0.5000000000E+08    0.2060496286E+00    0.5956768454E+00
    0.7000000000E+08    0.2192566939E+00    0.6248356174E+00
    0.9000000000E+08    0.2305860798E+00    0.6508844244E+00
    0.1100000000E+09    0.2404496424E+00    0.6742501850E+00
    0.1300000000E+09    0.2491257048E+00    0.6953128421E+00
    0.1500000000E+09    0.2568184261E+00    0.7143934132E+00
    0.1700000000E+09    0.2636843956E+00    0.7317598012E+00
    0.1900000000E+09    0.2698471424E+00    0.7476354506E+00
    0.2100000000E+09    0.2754060618E+00    0.7622074022E+00
    0.2300000000E+09    0.2804423428E+00    0.7756330445E+00
    0.2500000000E+09    0.2850231109E+00    0.7880455802E+00
    0.2700000000E+09    0.2892044297E+00    0.7995584031E+00
    0.2900000000E+09    0.2930335337E+00    0.8102685962E+00
    0.3100000000E+09    0.2965505253E+00    0.8202597337E+00
    0.3300000000E+09    0.2997896849E+00    0.8296041356E+00
    0.3500000000E+09    0.3027804976E+00    0.8383646924E+00
    0.3700000000E+09    0.3055484667E+00    0.8465963485E+00
    0.3900000000E+09    0.3081157653E+00    0.8543473171E+00
    0.4100000000E+09    0.3105017626E+00    0.8616600798E+00
    0.4300000000E+09    0.3127234533E+00    0.8685722139E+00
    0.4500000000E+09    0.3147958095E+00    0.8751170811E+00
    0.4700000000E+09    0.3167320722E+00    0.8813244036E+00
    0.4900000000E+09    0.3185439930E+00    0.8872207481E+00
    0.5100000000E+09    0.3202420369E+00    0.8928299350E+00
    0.5300000000E+09    0.3218355528E+00    0.8981733850E+00
    0.5500000000E+09    0.3233329170E+00    0.9032704156E+00
    0.5700000000E+09    0.3247416559E+00    0.9081384933E+00
    0.5900000000E+09    0.3260685503E+00    0.9127934513E+00
    0.6100000000E+09    0.3273197244E+00    0.9172496770E+00
    0.6300000000E+09    0.3285007232E+00    0.9215202737E+00
    0.6500000000E+09    0.3296165780E+00    0.9256172020E+00
    0.6700000000E+09    0.3306718648E+00    0.9295514018E+00
    0.6900000000E+09    0.3316707535E+00    0.9333328996E+00
    0.7100000000E+09    0.3326170517E+00    0.9369709027E+00
    0.7300000000E+09    0.3335142428E+00    0.9404738814E+00
    0.7500000000E+09    0.3343655194E+00    0.9438496416E+00
    0.7700000000E+09    0.3351738124E+00    0.9471053895E+00
    0.7900000000E+09    0.3359418174E+00    0.9502477881E+00
    0.8100000000E+09    0.3366720171E+00    0.9532830079E+00
    0.8300000000E+09    0.3373667018E+00    0.9562167720E+00
    0.8500000000E+09    0.3380279875E+00    0.9590543960E+00
    0.8700000000E+09    0.3386578320E+00    0.9618008240E+00
    0.8900000000E+09    0.3392580487E+00    0.9644606606E+00
    0.9100000000E+09    0.3398303203E+00    0.9670382001E+00
    0.9300000000E+09    0.3403762093E+00    0.9695374518E+00
    0.9500000000E+09    0.3408971692E+00    0.9719621642E+00
    0.9700000000E+09    0.3413945529E+00    0.9743158455E+00
    0.9900000000E+09    0.3418696219E+00    0.9766017826E+00
    0.1000000000E+09    0.2356815083E+00    0.6628775432E+00
