     Pressure (Pa)     C7-500 (mol/kg)        3mC6-500 (mol/kg)
    0.1000000000E+01    0.1510829307E-03    0.3921517427E-04
    0.3000000000E+01    0.4529961906E-03    0.1175787404E-03
    0.5000000000E+01    0.7545731189E-03    0.1958533885E-03
    0.7000000000E+01    0.1055814279E-02    0.2740392683E-03
    0.9000000000E+01    0.1356720232E-02    0.3521365293E-03
    0.1100000000E+02    0.1657291539E-02    0.4301453206E-03
    0.1300000000E+02    0.1957528759E-02    0.5080657910E-03
    0.1500000000E+02    0.2257432451E-02    0.5858980890E-03
    0.1700000000E+02    0.2557003172E-02    0.6636423628E-03
    0.1900000000E+02    0.2856241477E-02    0.7412987602E-03
    0.2100000000E+02    0.3155147920E-02    0.8188674285E-03
    0.2300000000E+02    0.3453723056E-02    0.8963485151E-03
    0.2500000000E+02    0.3751967435E-02    0.9737421666E-03
    0.2700000000E+02    0.4049881608E-02    0.1051048530E-02
    0.2900000000E+02    0.4347466126E-02    0.1128267750E-02
    0.3100000000E+02    0.4644721537E-02    0.1205399975E-02
    0.3300000000E+02    0.4941648386E-02    0.1282445348E-02
    0.3500000000E+02    0.5238247222E-02    0.1359404015E-02
    0.3700000000E+02    0.5534518587E-02    0.1436276122E-02
    0.3900000000E+02    0.5830463026E-02    0.1513061812E-02
    0.4100000000E+02    0.6126081080E-02    0.1589761230E-02
    0.4300000000E+02    0.6421373292E-02    0.1666374520E-02
    0.4500000000E+02    0.6716340200E-02    0.1742901825E-02
    0.4700000000E+02    0.7010982344E-02    0.1819343289E-02
    0.4900000000E+02    0.7305300260E-02    0.1895699054E-02
    0.5100000000E+02    0.7599294486E-02    0.1971969264E-02
    0.5300000000E+02    0.7892965556E-02    0.2048154060E-02
    0.5500000000E+02    0.8186314005E-02    0.2124253585E-02
    0.5700000000E+02    0.8479340364E-02    0.2200267980E-02
    0.5900000000E+02    0.8772045166E-02    0.2276197386E-02
    0.6100000000E+02    0.9064428941E-02    0.2352041946E-02
    0.6300000000E+02    0.9356492218E-02    0.2427801799E-02
    0.6500000000E+02    0.9648235526E-02    0.2503477085E-02
    0.6700000000E+02    0.9939659391E-02    0.2579067946E-02
    0.6900000000E+02    0.1023076434E-01    0.2654574521E-02
    0.7100000000E+02    0.1052155089E-01    0.2729996949E-02
    0.7300000000E+02    0.1081201958E-01    0.2805335369E-02
    0.7500000000E+02    0.1110217092E-01    0.2880589922E-02
    0.7700000000E+02    0.1139200544E-01    0.2955760744E-02
    0.7900000000E+02    0.1168152365E-01    0.3030847975E-02
    0.8100000000E+02    0.1197072607E-01    0.3105851752E-02
    0.8300000000E+02    0.1225961322E-01    0.3180772213E-02
    0.8500000000E+02    0.1254818563E-01    0.3255609496E-02
    0.8700000000E+02    0.1283644379E-01    0.3330363737E-02
    0.8900000000E+02    0.1312438824E-01    0.3405035074E-02
    0.9100000000E+02    0.1341201947E-01    0.3479623642E-02
    0.9300000000E+02    0.1369933801E-01    0.3554129579E-02
    0.9500000000E+02    0.1398634436E-01    0.3628553019E-02
    0.9700000000E+02    0.1427303904E-01    0.3702894099E-02
    0.9900000000E+02    0.1455942255E-01    0.3777152954E-02
    0.1000000000E+02    0.1507047681E-02    0.3911519743E-03
    0.3000000000E+02    0.4496134936E-02    0.1166844728E-02
    0.5000000000E+02    0.7452337801E-02    0.1933844845E-02
    0.7000000000E+02    0.1037619738E-01    0.2692296244E-02
    0.9000000000E+02    0.1326824297E-01    0.3442339695E-02
    0.1100000000E+03    0.1612899237E-01    0.4184112899E-02
    0.1300000000E+03    0.1895895218E-01    0.4917750575E-02
    0.1500000000E+03    0.2175861815E-01    0.5643384537E-02
    0.1700000000E+03    0.2452847540E-01    0.6361143776E-02
    0.1900000000E+03    0.2726899877E-01    0.7071154532E-02
    0.2100000000E+03    0.2998065305E-01    0.7773540368E-02
    0.2300000000E+03    0.3266389326E-01    0.8468422238E-02
    0.2500000000E+03    0.3531916488E-01    0.9155918562E-02
    0.2700000000E+03    0.3794690416E-01    0.9836145283E-02
    0.2900000000E+03    0.4054753827E-01    0.1050921594E-01
    0.3100000000E+03    0.4312148563E-01    0.1117524172E-01
    0.3300000000E+03    0.4566915605E-01    0.1183433153E-01
    0.3500000000E+03    0.4819095100E-01    0.1248659205E-01
    0.3700000000E+03    0.5068726381E-01    0.1313212779E-01
    0.3900000000E+03    0.5315847988E-01    0.1377104113E-01
    0.4100000000E+03    0.5560497684E-01    0.1440343241E-01
    0.4300000000E+03    0.5802712482E-01    0.1502939994E-01
    0.4500000000E+03    0.6042528655E-01    0.1564904008E-01
    0.4700000000E+03    0.6279981762E-01    0.1626244726E-01
    0.4900000000E+03    0.6515106659E-01    0.1686971408E-01
    0.5100000000E+03    0.6747937523E-01    0.1747093129E-01
    0.5300000000E+03    0.6978507862E-01    0.1806618787E-01
    0.5500000000E+03    0.7206850534E-01    0.1865557108E-01
    0.5700000000E+03    0.7432997765E-01    0.1923916647E-01
    0.5900000000E+03    0.7656981160E-01    0.1981705796E-01
    0.6100000000E+03    0.7878831721E-01    0.2038932785E-01
    0.6300000000E+03    0.8098579859E-01    0.2095605688E-01
    0.6500000000E+03    0.8316255410E-01    0.2151732424E-01
    0.6700000000E+03    0.8531887648E-01    0.2207320763E-01
    0.6900000000E+03    0.8745505296E-01    0.2262378329E-01
    0.7100000000E+03    0.8957136544E-01    0.2316912602E-01
    0.7300000000E+03    0.9166809054E-01    0.2370930924E-01
    0.7500000000E+03    0.9374549981E-01    0.2424440500E-01
    0.7700000000E+03    0.9580385975E-01    0.2477448401E-01
    0.7900000000E+03    0.9784343202E-01    0.2529961570E-01
    0.8100000000E+03    0.9986447348E-01    0.2581986820E-01
    0.8300000000E+03    0.1018672363E+00    0.2633530843E-01
    0.8500000000E+03    0.1038519682E+00    0.2684600208E-01
    0.8700000000E+03    0.1058189123E+00    0.2735201364E-01
    0.8900000000E+03    0.1077683075E+00    0.2785340646E-01
    0.9100000000E+03    0.1097003883E+00    0.2835024276E-01
    0.9300000000E+03    0.1116153851E+00    0.2884258362E-01
    0.9500000000E+03    0.1135135243E+00    0.2933048907E-01
    0.9700000000E+03    0.1153950282E+00    0.2981401807E-01
    0.9900000000E+03    0.1172601152E+00    0.3029322852E-01
    0.1000000000E+03    0.1470249777E-01    0.3814251589E-02
    0.3000000000E+03    0.4183782198E-01    0.1084310258E-01
    0.5000000000E+03    0.6631806736E-01    0.1717107329E-01
    0.7000000000E+03    0.8851567479E-01    0.2289710415E-01
    0.9000000000E+03    0.1087364977E+00    0.2810239033E-01
    0.1100000000E+04    0.1272340499E+00    0.3285418590E-01
    0.1300000000E+04    0.1442202448E+00    0.3720867004E-01
    0.1500000000E+04    0.1598735944E+00    0.4121313435E-01
    0.1700000000E+04    0.1743455421E+00    0.4490767175E-01
    0.1900000000E+04    0.1877654079E+00    0.4832649450E-01
    0.2100000000E+04    0.2002442867E+00    0.5149897302E-01
    0.2300000000E+04    0.2118781508E+00    0.5445046220E-01
    0.2500000000E+04    0.2227503392E+00    0.5720296407E-01
    0.2700000000E+04    0.2329335709E+00    0.5977566363E-01
    0.2900000000E+04    0.2424915845E+00    0.6218536507E-01
    0.3100000000E+04    0.2514804842E+00    0.6444684946E-01
    0.3300000000E+04    0.2599498493E+00    0.6657316989E-01
    0.3500000000E+04    0.2679436569E+00    0.6857589644E-01
    0.3700000000E+04    0.2755010515E+00    0.7046532063E-01
    0.3900000000E+04    0.2826569911E+00    0.7225062701E-01
    0.4100000000E+04    0.2894427933E+00    0.7394003784E-01
    0.4300000000E+04    0.2958865965E+00    0.7554093569E-01
    0.4500000000E+04    0.3020137541E+00    0.7705996777E-01
    0.4700000000E+04    0.3078471707E+00    0.7850313511E-01
    0.4900000000E+04    0.3134075911E+00    0.7987586905E-01
    0.5100000000E+04    0.3187138487E+00    0.8118309716E-01
    0.5300000000E+04    0.3237830814E+00    0.8242930019E-01
    0.5500000000E+04    0.3286309178E+00    0.8361856150E-01
    0.5700000000E+04    0.3332716402E+00    0.8475461009E-01
    0.5900000000E+04    0.3377183264E+00    0.8584085808E-01
    0.6100000000E+04    0.3419829742E+00    0.8688043367E-01
    0.6300000000E+04    0.3460766108E+00    0.8787620993E-01
    0.6500000000E+04    0.3500093888E+00    0.8883083030E-01
    0.6700000000E+04    0.3537906715E+00    0.8974673097E-01
    0.6900000000E+04    0.3574291083E+00    0.9062616079E-01
    0.7100000000E+04    0.3609327010E+00    0.9147119885E-01
    0.7300000000E+04    0.3643088640E+00    0.9228377022E-01
    0.7500000000E+04    0.3675644768E+00    0.9306565987E-01
    0.7700000000E+04    0.3707059316E+00    0.9381852517E-01
    0.7900000000E+04    0.3737391756E+00    0.9454390706E-01
    0.8100000000E+04    0.3766697492E+00    0.9524324006E-01
    0.8300000000E+04    0.3795028204E+00    0.9591786131E-01
    0.8500000000E+04    0.3822432151E+00    0.9656901861E-01
    0.8700000000E+04    0.3848954454E+00    0.9719787779E-01
    0.8900000000E+04    0.3874637347E+00    0.9780552930E-01
    0.9100000000E+04    0.3899520401E+00    0.9839299418E-01
    0.9300000000E+04    0.3923640735E+00    0.9896122948E-01
    0.9500000000E+04    0.3947033200E+00    0.9951113316E-01
    0.9700000000E+04    0.3969730552E+00    0.1000435486E+00
    0.9900000000E+04    0.3991763606E+00    0.1005592687E+00
    0.1000000000E+04    0.1181865696E+00    0.3053123212E-01
    0.3000000000E+04    0.2470539336E+00    0.6333378117E-01
    0.5000000000E+04    0.3160913817E+00    0.8053738143E-01
    0.7000000000E+04    0.3591972836E+00    0.9105285503E-01
    0.9000000000E+04    0.3887176479E+00    0.9810172382E-01
    0.1100000000E+05    0.4102287810E+00    0.1031285616E+00
    0.1300000000E+05    0.4266193210E+00    0.1068763435E+00
    0.1500000000E+05    0.4395360225E+00    0.1097656149E+00
    0.1700000000E+05    0.4499867278E+00    0.1120519316E+00
    0.1900000000E+05    0.4586230289E+00    0.1138993454E+00
    0.2100000000E+05    0.4658850173E+00    0.1154178729E+00
    0.2300000000E+05    0.4720807341E+00    0.1166839737E+00
    0.2500000000E+05    0.4774322922E+00    0.1177523873E+00
    0.2700000000E+05    0.4821039202E+00    0.1186632995E+00
    0.2900000000E+05    0.4862196892E+00    0.1194468533E+00
    0.3100000000E+05    0.4898750978E+00    0.1201260843E+00
    0.3300000000E+05    0.4931448615E+00    0.1207188855E+00
    0.3500000000E+05    0.4960882846E+00    0.1212393574E+00
    0.3700000000E+05    0.4987530459E+00    0.1216987545E+00
    0.3900000000E+05    0.5011779197E+00    0.1221061634E+00
    0.4100000000E+05    0.5033947662E+00    0.1224689960E+00
    0.4300000000E+05    0.5054300102E+00    0.1227933555E+00
    0.4500000000E+05    0.5073057556E+00    0.1230843094E+00
    0.4700000000E+05    0.5090406361E+00    0.1233460985E+00
    0.4900000000E+05    0.5106504718E+00    0.1235822971E+00
    0.5100000000E+05    0.5121487830E+00    0.1237959369E+00
    0.5300000000E+05    0.5135471943E+00    0.1239896056E+00
    0.5500000000E+05    0.5148557564E+00    0.1241655238E+00
    0.5700000000E+05    0.5160832051E+00    0.1243256071E+00
    0.5900000000E+05    0.5172371698E+00    0.1244715162E+00
    0.6100000000E+05    0.5183243437E+00    0.1246046970E+00
    0.6300000000E+05    0.5193506244E+00    0.1247264137E+00
    0.6500000000E+05    0.5203212283E+00    0.1248377763E+00
    0.6700000000E+05    0.5212407869E+00    0.1249397628E+00
    0.6900000000E+05    0.5221134269E+00    0.1250332378E+00
    0.7100000000E+05    0.5229428374E+00    0.1251189685E+00
    0.7300000000E+05    0.5237323267E+00    0.1251976373E+00
    0.7500000000E+05    0.5244848701E+00    0.1252698536E+00
    0.7700000000E+05    0.5252031513E+00    0.1253361624E+00
    0.7900000000E+05    0.5258895972E+00    0.1253970530E+00
    0.8100000000E+05    0.5265464084E+00    0.1254529654E+00
    0.8300000000E+05    0.5271755846E+00    0.1255042964E+00
    0.8500000000E+05    0.5277789473E+00    0.1255514046E+00
    0.8700000000E+05    0.5283581597E+00    0.1255946148E+00
    0.8900000000E+05    0.5289147429E+00    0.1256342216E+00
    0.9100000000E+05    0.5294500917E+00    0.1256704930E+00
    0.9300000000E+05    0.5299654866E+00    0.1257036732E+00
    0.9500000000E+05    0.5304621060E+00    0.1257339850E+00
    0.9700000000E+05    0.5309410361E+00    0.1257616320E+00
    0.9900000000E+05    0.5314032795E+00    0.1257868008E+00
    0.1000000000E+05    0.4002540155E+00    0.1008111029E+00
    0.3000000000E+05    0.4880998540E+00    0.1197982885E+00
    0.5000000000E+05    0.5114128011E+00    0.1236917657E+00
    0.7000000000E+05    0.5225333208E+00    0.1250770267E+00
    0.9000000000E+05    0.5291849891E+00    0.1256527584E+00
    0.1100000000E+06    0.5336855493E+00    0.1258879198E+00
    0.1300000000E+06    0.5369778943E+00    0.1259578592E+00
    0.1500000000E+06    0.5395199726E+00    0.1259406143E+00
    0.1700000000E+06    0.5415619774E+00    0.1258750823E+00
    0.1900000000E+06    0.5432526270E+00    0.1257822410E+00
    0.2100000000E+06    0.5446861286E+00    0.1256740650E+00
    0.2300000000E+06    0.5459252047E+00    0.1255576790E+00
    0.2500000000E+06    0.5470133217E+00    0.1254374493E+00
    0.2700000000E+06    0.5479816110E+00    0.1253161057E+00
    0.2900000000E+06    0.5488529923E+00    0.1251953733E+00
    0.3100000000E+06    0.5496447403E+00    0.1250763432E+00
    0.3300000000E+06    0.5503701399E+00    0.1249596979E+00
    0.3500000000E+06    0.5510395886E+00    0.1248458520E+00
    0.3700000000E+06    0.5516613499E+00    0.1247350423E+00
    0.3900000000E+06    0.5522420814E+00    0.1246273868E+00
    0.4100000000E+06    0.5527872123E+00    0.1245229235E+00
    0.4300000000E+06    0.5533012183E+00    0.1244216372E+00
    0.4500000000E+06    0.5537878257E+00    0.1243234772E+00
    0.4700000000E+06    0.5542501640E+00    0.1242283694E+00
    0.4900000000E+06    0.5546908832E+00    0.1241362257E+00
    0.5100000000E+06    0.5551122439E+00    0.1240469488E+00
    0.5300000000E+06    0.5555161874E+00    0.1239604376E+00
    0.5500000000E+06    0.5559043914E+00    0.1238765890E+00
    0.5700000000E+06    0.5562783140E+00    0.1237953004E+00
    0.5900000000E+06    0.5566392295E+00    0.1237164711E+00
    0.6100000000E+06    0.5569882568E+00    0.1236400030E+00
    0.6300000000E+06    0.5573263831E+00    0.1235658012E+00
    0.6500000000E+06    0.5576544832E+00    0.1234937745E+00
    0.6700000000E+06    0.5579733351E+00    0.1234238354E+00
    0.6900000000E+06    0.5582836339E+00    0.1233559002E+00
    0.7100000000E+06    0.5585860023E+00    0.1232898893E+00
    0.7300000000E+06    0.5588810001E+00    0.1232257266E+00
    0.7500000000E+06    0.5591691326E+00    0.1231633397E+00
    0.7700000000E+06    0.5594508567E+00    0.1231026600E+00
    0.7900000000E+06    0.5597265869E+00    0.1230436219E+00
    0.8100000000E+06    0.5599967005E+00    0.1229861633E+00
    0.8300000000E+06    0.5602615413E+00    0.1229302251E+00
    0.8500000000E+06    0.5605214239E+00    0.1228757513E+00
    0.8700000000E+06    0.5607766363E+00    0.1228226883E+00
    0.8900000000E+06    0.5610274431E+00    0.1227709855E+00
    0.9100000000E+06    0.5612740877E+00    0.1227205946E+00
    0.9300000000E+06    0.5615167945E+00    0.1226714696E+00
    0.9500000000E+06    0.5617557710E+00    0.1226235668E+00
    0.9700000000E+06    0.5619912090E+00    0.1225768445E+00
    0.9900000000E+06    0.5622232863E+00    0.1225312631E+00
    0.1000000000E+06    0.5316284362E+00    0.1257985099E+00
    0.3000000000E+06    0.5492579116E+00    0.1251355952E+00
    0.5000000000E+06    0.5549038553E+00    0.1240912352E+00
    0.7000000000E+06    0.5584357730E+00    0.1233226591E+00
    0.9000000000E+06    0.5611512712E+00    0.1227456290E+00
    0.1100000000E+07    0.5634464741E+00    0.1222993523E+00
    0.1300000000E+07    0.5654888051E+00    0.1219465175E+00
    0.1500000000E+07    0.5673631852E+00    0.1216633529E+00
    0.1700000000E+07    0.5691180980E+00    0.1214339513E+00
    0.1900000000E+07    0.5707836294E+00    0.1212471979E+00
    0.2100000000E+07    0.5723796434E+00    0.1210950407E+00
    0.2300000000E+07    0.5739198990E+00    0.1209714689E+00
    0.2500000000E+07    0.5754142982E+00    0.1208718810E+00
    0.2700000000E+07    0.5768701928E+00    0.1207926786E+00
    0.2900000000E+07    0.5782931847E+00    0.1207309961E+00
    0.3100000000E+07    0.5796876372E+00    0.1206845152E+00
    0.3300000000E+07    0.5810570126E+00    0.1206513348E+00
    0.3500000000E+07    0.5824041041E+00    0.1206298763E+00
    0.3700000000E+07    0.5837311968E+00    0.1206188158E+00
    0.3900000000E+07    0.5850401838E+00    0.1206170315E+00
    0.4100000000E+07    0.5863326515E+00    0.1206235653E+00
    0.4300000000E+07    0.5876099419E+00    0.1206375922E+00
    0.4500000000E+07    0.5888732014E+00    0.1206583973E+00
    0.4700000000E+07    0.5901234166E+00    0.1206853568E+00
    0.4900000000E+07    0.5913614434E+00    0.1207179232E+00
    0.5100000000E+07    0.5925880291E+00    0.1207556138E+00
    0.5300000000E+07    0.5938038306E+00    0.1207980006E+00
    0.5500000000E+07    0.5950094282E+00    0.1208447023E+00
    0.5700000000E+07    0.5962053379E+00    0.1208953784E+00
    0.5900000000E+07    0.5973920202E+00    0.1209497228E+00
    0.6100000000E+07    0.5985698886E+00    0.1210074600E+00
    0.6300000000E+07    0.5997393155E+00    0.1210683410E+00
    0.6500000000E+07    0.6009006377E+00    0.1211321398E+00
    0.6700000000E+07    0.6020541615E+00    0.1211986512E+00
    0.6900000000E+07    0.6032001658E+00    0.1212676877E+00
    0.7100000000E+07    0.6043389056E+00    0.1213390782E+00
    0.7300000000E+07    0.6054706153E+00    0.1214126657E+00
    0.7500000000E+07    0.6065955103E+00    0.1214883061E+00
    0.7700000000E+07    0.6077137894E+00    0.1215658665E+00
    0.7900000000E+07    0.6088256369E+00    0.1216452247E+00
    0.8100000000E+07    0.6099312235E+00    0.1217262673E+00
    0.8300000000E+07    0.6110307081E+00    0.1218088896E+00
    0.8500000000E+07    0.6121242391E+00    0.1218929943E+00
    0.8700000000E+07    0.6132119549E+00    0.1219784912E+00
    0.8900000000E+07    0.6142939853E+00    0.1220652961E+00
    0.9100000000E+07    0.6153704521E+00    0.1221533307E+00
    0.9300000000E+07    0.6164414698E+00    0.1222425219E+00
    0.9500000000E+07    0.6175071463E+00    0.1223328012E+00
    0.9700000000E+07    0.6185675835E+00    0.1224241048E+00
    0.9900000000E+07    0.6196228778E+00    0.1225163726E+00
    0.1000000000E+07    0.5623381168E+00    0.1225088883E+00
    0.3000000000E+07    0.5789937440E+00    0.1207059828E+00
    0.5000000000E+07    0.5919761234E+00    0.1207361560E+00
    0.7000000000E+07    0.6037704286E+00    0.1213030988E+00
    0.9000000000E+07    0.6148329068E+00    0.1221091644E+00
    0.1100000000E+08    0.6253389219E+00    0.1230387315E+00
    0.1300000000E+08    0.6353799387E+00    0.1240355187E+00
    0.1500000000E+08    0.6450130481E+00    0.1250683909E+00
    0.1700000000E+08    0.6542783412E+00    0.1261186676E+00
    0.1900000000E+08    0.6632063338E+00    0.1271745164E+00
    0.2100000000E+08    0.6718215963E+00    0.1282281615E+00
    0.2300000000E+08    0.6801447153E+00    0.1292743689E+00
    0.2500000000E+08    0.6881934384E+00    0.1303095667E+00
    0.2700000000E+08    0.6959833875E+00    0.1313313065E+00
    0.2900000000E+08    0.7035285267E+00    0.1323379209E+00
    0.3100000000E+08    0.7108414842E+00    0.1333282956E+00
    0.3300000000E+08    0.7179337825E+00    0.1343017159E+00
    0.3500000000E+08    0.7248160091E+00    0.1352577587E+00
    0.3700000000E+08    0.7314979460E+00    0.1361962159E+00
    0.3900000000E+08    0.7379886724E+00    0.1371170392E+00
    0.4100000000E+08    0.7442966460E+00    0.1380202992E+00
    0.4300000000E+08    0.7504297699E+00    0.1389061550E+00
    0.4500000000E+08    0.7563954490E+00    0.1397748318E+00
    0.4700000000E+08    0.7622006362E+00    0.1406266029E+00
    0.4900000000E+08    0.7678518737E+00    0.1414617771E+00
    0.5100000000E+08    0.7733553272E+00    0.1422806880E+00
    0.5300000000E+08    0.7787168172E+00    0.1430836865E+00
    0.5500000000E+08    0.7839418453E+00    0.1438711343E+00
    0.5700000000E+08    0.7890356189E+00    0.1446433994E+00
    0.5900000000E+08    0.7940030719E+00    0.1454008522E+00
    0.6100000000E+08    0.7988488848E+00    0.1461438628E+00
    0.6300000000E+08    0.8035775013E+00    0.1468727988E+00
    0.6500000000E+08    0.8081931447E+00    0.1475880232E+00
    0.6700000000E+08    0.8126998322E+00    0.1482898935E+00
    0.6900000000E+08    0.8171013879E+00    0.1489787606E+00
    0.7100000000E+08    0.8214014549E+00    0.1496549680E+00
    0.7300000000E+08    0.8256035063E+00    0.1503188513E+00
    0.7500000000E+08    0.8297108559E+00    0.1509707377E+00
    0.7700000000E+08    0.8337266668E+00    0.1516109460E+00
    0.7900000000E+08    0.8376539610E+00    0.1522397864E+00
    0.8100000000E+08    0.8414956267E+00    0.1528575604E+00
    0.8300000000E+08    0.8452544265E+00    0.1534645607E+00
    0.8500000000E+08    0.8489330037E+00    0.1540610716E+00
    0.8700000000E+08    0.8525338894E+00    0.1546473687E+00
    0.8900000000E+08    0.8560595083E+00    0.1552237194E+00
    0.9100000000E+08    0.8595121840E+00    0.1557903830E+00
    0.9300000000E+08    0.8628941450E+00    0.1563476105E+00
    0.9500000000E+08    0.8662075291E+00    0.1568956453E+00
    0.9700000000E+08    0.8694543881E+00    0.1574347232E+00
    0.9900000000E+08    0.8726366925E+00    0.1579650727E+00
    0.1000000000E+08    0.6201486251E+00    0.1225628504E+00
    0.3000000000E+08    0.7072132843E+00    0.1328351908E+00
    0.5000000000E+08    0.7706217019E+00    0.1418732439E+00
    0.7000000000E+08    0.8192638866E+00    0.1493184256E+00
    0.9000000000E+08    0.8577948226E+00    0.1555082462E+00
    0.1100000000E+09    0.8890664573E+00    0.1607355177E+00
    0.1300000000E+09    0.9149435397E+00    0.1652171120E+00
    0.1500000000E+09    0.9367008766E+00    0.1691113776E+00
    0.1700000000E+09    0.9552406565E+00    0.1725352091E+00
    0.1900000000E+09    0.9712196740E+00    0.1755763437E+00
    0.2100000000E+09    0.9851275652E+00    0.1783017755E+00
    0.2300000000E+09    0.9973368391E+00    0.1807634991E+00
    0.2500000000E+09    0.1008135929E+01    0.1830024759E+00
    0.2700000000E+09    0.1017751638E+01    0.1850514177E+00
    0.2900000000E+09    0.1026364759E+01    0.1869367718E+00
    0.3100000000E+09    0.1034121169E+01    0.1886801615E+00
    0.3300000000E+09    0.1041139860E+01    0.1902994460E+00
    0.3500000000E+09    0.1047518856E+01    0.1918095131E+00
    0.3700000000E+09    0.1053339629E+01    0.1932228788E+00
    0.3900000000E+09    0.1058670445E+01    0.1945501470E+00
    0.4100000000E+09    0.1063568932E+01    0.1958003658E+00
    0.4300000000E+09    0.1068084073E+01    0.1969813068E+00
    0.4500000000E+09    0.1072257763E+01    0.1980996856E+00
    0.4700000000E+09    0.1076126043E+01    0.1991613383E+00
    0.4900000000E+09    0.1079720088E+01    0.2001713631E+00
    0.5100000000E+09    0.1083067001E+01    0.2011342355E+00
    0.5300000000E+09    0.1086190449E+01    0.2020539022E+00
    0.5500000000E+09    0.1089111196E+01    0.2029338584E+00
    0.5700000000E+09    0.1091847530E+01    0.2037772121E+00
    0.5900000000E+09    0.1094415623E+01    0.2045867371E+00
    0.6100000000E+09    0.1096829823E+01    0.2053649178E+00
    0.6300000000E+09    0.1099102909E+01    0.2061139869E+00
    0.6500000000E+09    0.1101246296E+01    0.2068359570E+00
    0.6700000000E+09    0.1103270210E+01    0.2075326480E+00
    0.6900000000E+09    0.1105183842E+01    0.2082057099E+00
    0.7100000000E+09    0.1106995474E+01    0.2088566430E+00
    0.7300000000E+09    0.1108712587E+01    0.2094868146E+00
    0.7500000000E+09    0.1110341956E+01    0.2100974739E+00
    0.7700000000E+09    0.1111889732E+01    0.2106897651E+00
    0.7900000000E+09    0.1113361510E+01    0.2112647381E+00
    0.8100000000E+09    0.1114762391E+01    0.2118233586E+00
    0.8300000000E+09    0.1116097037E+01    0.2123665164E+00
    0.8500000000E+09    0.1117369713E+01    0.2128950332E+00
    0.8700000000E+09    0.1118584333E+01    0.2134096689E+00
    0.8900000000E+09    0.1119744491E+01    0.2139111276E+00
    0.9100000000E+09    0.1120853495E+01    0.2144000631E+00
    0.9300000000E+09    0.1121914394E+01    0.2148770827E+00
    0.9500000000E+09    0.1122930003E+01    0.2153427522E+00
    0.9700000000E+09    0.1123902927E+01    0.2157975992E+00
    0.9900000000E+09    0.1124835575E+01    0.2162421161E+00
    0.1000000000E+09    0.8742042311E+00    0.1582270437E+00
