# pressure,temperature,f1,f2,molkg1,molkg2
1.000000000000000000e+00,5.000000000000000000e+02,6.999999999999999556e-01,2.000000000000000111e-01,1.750609794000000056e-04,2.861591741000000101e-05
3.000000000000000000e+00,5.000000000000000000e+02,6.999999999999999556e-01,2.000000000000000111e-01,5.248700624999999478e-04,8.579565835000000501e-05
5.000000000000000000e+00,5.000000000000000000e+02,6.999999999999999556e-01,2.000000000000000111e-01,8.742626004000000070e-04,1.429060450000000000e-04
7.000000000000000000e+00,5.000000000000000000e+02,6.999999999999999556e-01,2.000000000000000111e-01,1.223239338000000048e-03,1.999472020999999993e-04
9.000000000000000000e+00,5.000000000000000000e+02,6.999999999999999556e-01,2.000000000000000111e-01,1.571801017999999986e-03,2.569192542000000093e-04
1.100000000000000000e+01,5.000000000000000000e+02,6.999999999999999556e-01,2.000000000000000111e-01,1.919948382000000089e-03,3.138223253999999733e-04
1.300000000000000000e+01,5.000000000000000000e+02,6.999999999999999556e-01,2.000000000000000111e-01,2.267682169999999785e-03,3.706565398000000243e-04
1.500000000000000000e+01,5.000000000000000000e+02,6.999999999999999556e-01,2.000000000000000111e-01,2.615003118999999817e-03,4.274220208000000160e-04
1.700000000000000000e+01,5.000000000000000000e+02,6.999999999999999556e-01,2.000000000000000111e-01,2.961911966999999837e-03,4.841188918000000193e-04
1.900000000000000000e+01,5.000000000000000000e+02,6.999999999999999556e-01,2.000000000000000111e-01,3.308409445999999955e-03,5.407472758999999542e-04
2.100000000000000000e+01,5.000000000000000000e+02,6.999999999999999556e-01,2.000000000000000111e-01,3.654496288999999846e-03,5.973072957000000139e-04
2.300000000000000000e+01,5.000000000000000000e+02,6.999999999999999556e-01,2.000000000000000111e-01,4.000173228000000053e-03,6.537990735999999478e-04
2.500000000000000000e+01,5.000000000000000000e+02,6.999999999999999556e-01,2.000000000000000111e-01,4.345440992000000266e-03,7.102227318999999612e-04
2.700000000000000000e+01,5.000000000000000000e+02,6.999999999999999556e-01,2.000000000000000111e-01,4.690300308000000182e-03,7.665783922999999580e-04
2.900000000000000000e+01,5.000000000000000000e+02,6.999999999999999556e-01,2.000000000000000111e-01,5.034751900999999939e-03,8.228661764999999507e-04
3.100000000000000000e+01,5.000000000000000000e+02,6.999999999999999556e-01,2.000000000000000111e-01,5.378796495999999677e-03,8.790862055999999758e-04
3.300000000000000000e+01,5.000000000000000000e+02,6.999999999999999556e-01,2.000000000000000111e-01,5.722434814999999980e-03,9.352386008000000478e-04
3.500000000000000000e+01,5.000000000000000000e+02,6.999999999999999556e-01,2.000000000000000111e-01,6.065667577999999706e-03,9.913234826000000104e-04
3.700000000000000000e+01,5.000000000000000000e+02,6.999999999999999556e-01,2.000000000000000111e-01,6.408495503999999884e-03,1.047340970999999926e-03
3.900000000000000000e+01,5.000000000000000000e+02,6.999999999999999556e-01,2.000000000000000111e-01,6.750919309999999819e-03,1.103291188000000067e-03
4.100000000000000000e+01,5.000000000000000000e+02,6.999999999999999556e-01,2.000000000000000111e-01,7.092939712999999681e-03,1.159174251000000093e-03
4.300000000000000000e+01,5.000000000000000000e+02,6.999999999999999556e-01,2.000000000000000111e-01,7.434557423999999665e-03,1.214990280999999955e-03
4.500000000000000000e+01,5.000000000000000000e+02,6.999999999999999556e-01,2.000000000000000111e-01,7.775773157999999949e-03,1.270739396000000049e-03
4.700000000000000000e+01,5.000000000000000000e+02,6.999999999999999556e-01,2.000000000000000111e-01,8.116587623000000307e-03,1.326421717000000108e-03
4.900000000000000000e+01,5.000000000000000000e+02,6.999999999999999556e-01,2.000000000000000111e-01,8.457001529000000503e-03,1.382037361000000098e-03
5.100000000000000000e+01,5.000000000000000000e+02,6.999999999999999556e-01,2.000000000000000111e-01,8.797015583000000749e-03,1.437586446999999977e-03
5.300000000000000000e+01,5.000000000000000000e+02,6.999999999999999556e-01,2.000000000000000111e-01,9.136630488999999966e-03,1.493069092999999925e-03
5.500000000000000000e+01,5.000000000000000000e+02,6.999999999999999556e-01,2.000000000000000111e-01,9.475846952999999670e-03,1.548485417999999900e-03
5.700000000000000000e+01,5.000000000000000000e+02,6.999999999999999556e-01,2.000000000000000111e-01,9.814665675000000533e-03,1.603835538000000088e-03
5.900000000000000000e+01,5.000000000000000000e+02,6.999999999999999556e-01,2.000000000000000111e-01,1.015308736000000017e-02,1.659119571000000019e-03
6.100000000000000000e+01,5.000000000000000000e+02,6.999999999999999556e-01,2.000000000000000111e-01,1.049111269999999929e-02,1.714337633000000095e-03
6.300000000000000000e+01,5.000000000000000000e+02,6.999999999999999556e-01,2.000000000000000111e-01,1.082874238999999988e-02,1.769489843000000059e-03
6.500000000000000000e+01,5.000000000000000000e+02,6.999999999999999556e-01,2.000000000000000111e-01,1.116597713999999998e-02,1.824576316000000101e-03
6.700000000000000000e+01,5.000000000000000000e+02,6.999999999999999556e-01,2.000000000000000111e-01,1.150281763000000033e-02,1.879597167999999974e-03
6.900000000000000000e+01,5.000000000000000000e+02,6.999999999999999556e-01,2.000000000000000111e-01,1.183926455000000079e-02,1.934552516000000080e-03
7.100000000000000000e+01,5.000000000000000000e+02,6.999999999999999556e-01,2.000000000000000111e-01,1.217531860999999938e-02,1.989442474999999957e-03
7.300000000000000000e+01,5.000000000000000000e+02,6.999999999999999556e-01,2.000000000000000111e-01,1.251098047999999949e-02,2.044267160000000014e-03
7.500000000000000000e+01,5.000000000000000000e+02,6.999999999999999556e-01,2.000000000000000111e-01,1.284625084999999924e-02,2.099026686999999787e-03
7.700000000000000000e+01,5.000000000000000000e+02,6.999999999999999556e-01,2.000000000000000111e-01,1.318113041999999929e-02,2.153721171000000118e-03
7.900000000000000000e+01,5.000000000000000000e+02,6.999999999999999556e-01,2.000000000000000111e-01,1.351561985999999958e-02,2.208350725000000122e-03
8.100000000000000000e+01,5.000000000000000000e+02,6.999999999999999556e-01,2.000000000000000111e-01,1.384971985000000086e-02,2.262915465000000202e-03
8.300000000000000000e+01,5.000000000000000000e+02,6.999999999999999556e-01,2.000000000000000111e-01,1.418343107999999950e-02,2.317415503999999907e-03
8.500000000000000000e+01,5.000000000000000000e+02,6.999999999999999556e-01,2.000000000000000111e-01,1.451675422999999972e-02,2.371850957000000079e-03
8.700000000000000000e+01,5.000000000000000000e+02,6.999999999999999556e-01,2.000000000000000111e-01,1.484968996999999971e-02,2.426221935999999836e-03
8.900000000000000000e+01,5.000000000000000000e+02,6.999999999999999556e-01,2.000000000000000111e-01,1.518223898999999932e-02,2.480528555000000024e-03
9.100000000000000000e+01,5.000000000000000000e+02,6.999999999999999556e-01,2.000000000000000111e-01,1.551440194999999939e-02,2.534770927000000191e-03
9.300000000000000000e+01,5.000000000000000000e+02,6.999999999999999556e-01,2.000000000000000111e-01,1.584617953000000065e-02,2.588949164999999886e-03
9.500000000000000000e+01,5.000000000000000000e+02,6.999999999999999556e-01,2.000000000000000111e-01,1.617757238999999875e-02,2.643063381999999958e-03
9.700000000000000000e+01,5.000000000000000000e+02,6.999999999999999556e-01,2.000000000000000111e-01,1.650858121999999872e-02,2.697113687999999967e-03
9.900000000000000000e+01,5.000000000000000000e+02,6.999999999999999556e-01,2.000000000000000111e-01,1.683920667999999968e-02,2.751100196999999893e-03
1.000000000000000000e+01,5.000000000000000000e+02,6.999999999999999556e-01,2.000000000000000111e-01,1.745926443000000040e-03,2.853794045999999808e-04
3.000000000000000000e+01,5.000000000000000000e+02,6.999999999999999556e-01,2.000000000000000111e-01,5.206825027999999883e-03,8.509846528999999568e-04
5.000000000000000000e+01,5.000000000000000000e+02,6.999999999999999556e-01,2.000000000000000111e-01,8.627058493000000147e-03,1.409820216000000001e-03
7.000000000000000000e+01,5.000000000000000000e+02,6.999999999999999556e-01,2.000000000000000111e-01,1.200734065000000003e-02,1.962005662000000129e-03
9.000000000000000000e+01,5.000000000000000000e+02,6.999999999999999556e-01,2.000000000000000111e-01,1.534836868000000014e-02,2.507657764999999921e-03
1.100000000000000000e+02,5.000000000000000000e+02,6.999999999999999556e-01,2.000000000000000111e-01,1.865082365999999950e-02,3.046890589999999826e-03
1.300000000000000000e+02,5.000000000000000000e+02,6.999999999999999556e-01,2.000000000000000111e-01,2.191537094999999880e-02,3.579815567999999979e-03
1.500000000000000000e+02,5.000000000000000000e+02,6.999999999999999556e-01,2.000000000000000111e-01,2.514266072999999865e-02,4.106541572999999890e-03
1.700000000000000000e+02,5.000000000000000000e+02,6.999999999999999556e-01,2.000000000000000111e-01,2.833332837000000076e-02,4.627174993999999889e-03
1.900000000000000000e+02,5.000000000000000000e+02,6.999999999999999556e-01,2.000000000000000111e-01,3.148799487000000091e-02,5.141819807000000409e-03
2.100000000000000000e+02,5.000000000000000000e+02,6.999999999999999556e-01,2.000000000000000111e-01,3.460726724999999698e-02,5.650577640000000422e-03
2.300000000000000000e+02,5.000000000000000000e+02,6.999999999999999556e-01,2.000000000000000111e-01,3.769173898000000023e-02,6.153547843000000198e-03
2.500000000000000000e+02,5.000000000000000000e+02,6.999999999999999556e-01,2.000000000000000111e-01,4.074199030999999666e-02,6.650827548000000193e-03
2.700000000000000000e+02,5.000000000000000000e+02,6.999999999999999556e-01,2.000000000000000111e-01,4.375858866000000014e-02,7.142511728999999948e-03
2.900000000000000000e+02,5.000000000000000000e+02,6.999999999999999556e-01,2.000000000000000111e-01,4.674208895999999724e-02,7.628693268999999985e-03
3.100000000000000000e+02,5.000000000000000000e+02,6.999999999999999556e-01,2.000000000000000111e-01,4.969303402999999952e-02,8.109463008999999445e-03
3.300000000000000000e+02,5.000000000000000000e+02,6.999999999999999556e-01,2.000000000000000111e-01,5.261195484000000255e-02,8.584909808000000184e-03
3.500000000000000000e+02,5.000000000000000000e+02,6.999999999999999556e-01,2.000000000000000111e-01,5.549937089999999740e-02,9.055120594000000064e-03
3.700000000000000000e+02,5.000000000000000000e+02,6.999999999999999556e-01,2.000000000000000111e-01,5.835579051999999906e-02,9.520180421000000101e-03
3.900000000000000000e+02,5.000000000000000000e+02,6.999999999999999556e-01,2.000000000000000111e-01,6.118171113999999744e-02,9.980172513000000814e-03
4.100000000000000000e+02,5.000000000000000000e+02,6.999999999999999556e-01,2.000000000000000111e-01,6.397761959999999359e-02,1.043517832000000027e-02
4.300000000000000000e+02,5.000000000000000000e+02,6.999999999999999556e-01,2.000000000000000111e-01,6.674399242999999593e-02,1.088527754999999916e-02
4.500000000000000000e+02,5.000000000000000000e+02,6.999999999999999556e-01,2.000000000000000111e-01,6.948129611999999400e-02,1.133054824000000009e-02
4.700000000000000000e+02,5.000000000000000000e+02,6.999999999999999556e-01,2.000000000000000111e-01,7.218998739000000164e-02,1.177106678000000052e-02
4.900000000000000000e+02,5.000000000000000000e+02,6.999999999999999556e-01,2.000000000000000111e-01,7.487051342000000664e-02,1.220690796999999994e-02
5.100000000000000000e+02,5.000000000000000000e+02,6.999999999999999556e-01,2.000000000000000111e-01,7.752331213999999471e-02,1.263814501999999985e-02
5.300000000000000000e+02,5.000000000000000000e+02,6.999999999999999556e-01,2.000000000000000111e-01,8.014881242000000683e-02,1.306484966999999983e-02
5.500000000000000000e+02,5.000000000000000000e+02,6.999999999999999556e-01,2.000000000000000111e-01,8.274743432999999426e-02,1.348709216000000023e-02
5.700000000000000000e+02,5.000000000000000000e+02,6.999999999999999556e-01,2.000000000000000111e-01,8.531958939000000575e-02,1.390494127999999940e-02
5.900000000000000000e+02,5.000000000000000000e+02,6.999999999999999556e-01,2.000000000000000111e-01,8.786568071000000479e-02,1.431846443999999947e-02
6.100000000000000000e+02,5.000000000000000000e+02,6.999999999999999556e-01,2.000000000000000111e-01,9.038610328000000471e-02,1.472772766000000032e-02
6.300000000000000000e+02,5.000000000000000000e+02,6.999999999999999556e-01,2.000000000000000111e-01,9.288124415000000023e-02,1.513279564000000015e-02
6.500000000000000000e+02,5.000000000000000000e+02,6.999999999999999556e-01,2.000000000000000111e-01,9.535148260999999625e-02,1.553373178999999972e-02
6.700000000000000000e+02,5.000000000000000000e+02,6.999999999999999556e-01,2.000000000000000111e-01,9.779719039999999752e-02,1.593059822999999889e-02
6.900000000000000000e+02,5.000000000000000000e+02,6.999999999999999556e-01,2.000000000000000111e-01,1.002187318999999965e-01,1.632345585000000154e-02
7.100000000000000000e+02,5.000000000000000000e+02,6.999999999999999556e-01,2.000000000000000111e-01,1.026164643000000015e-01,1.671236435999999895e-02
7.300000000000000000e+02,5.000000000000000000e+02,6.999999999999999556e-01,2.000000000000000111e-01,1.049907377000000031e-01,1.709738225999999847e-02
7.500000000000000000e+02,5.000000000000000000e+02,6.999999999999999556e-01,2.000000000000000111e-01,1.073418956000000007e-01,1.747856693000000156e-02
7.700000000000000000e+02,5.000000000000000000e+02,6.999999999999999556e-01,2.000000000000000111e-01,1.096702746000000062e-01,1.785597460000000122e-02
7.900000000000000000e+02,5.000000000000000000e+02,6.999999999999999556e-01,2.000000000000000111e-01,1.119762048000000065e-01,1.822966045000000077e-02
8.100000000000000000e+02,5.000000000000000000e+02,6.999999999999999556e-01,2.000000000000000111e-01,1.142600101000000035e-01,1.859967855999999919e-02
8.300000000000000000e+02,5.000000000000000000e+02,6.999999999999999556e-01,2.000000000000000111e-01,1.165220079999999964e-01,1.896608198000000051e-02
8.500000000000000000e+02,5.000000000000000000e+02,6.999999999999999556e-01,2.000000000000000111e-01,1.187625102000000044e-01,1.932892275000000146e-02
8.700000000000000000e+02,5.000000000000000000e+02,6.999999999999999556e-01,2.000000000000000111e-01,1.209818222999999998e-01,1.968825193000000098e-02
8.900000000000000000e+02,5.000000000000000000e+02,6.999999999999999556e-01,2.000000000000000111e-01,1.231802441000000026e-01,2.004411957999999855e-02
9.100000000000000000e+02,5.000000000000000000e+02,6.999999999999999556e-01,2.000000000000000111e-01,1.253580697999999993e-01,2.039657485000000159e-02
9.300000000000000000e+02,5.000000000000000000e+02,6.999999999999999556e-01,2.000000000000000111e-01,1.275155883000000101e-01,2.074566594000000139e-02
9.500000000000000000e+02,5.000000000000000000e+02,6.999999999999999556e-01,2.000000000000000111e-01,1.296530828999999940e-01,2.109144015999999885e-02
9.700000000000000000e+02,5.000000000000000000e+02,6.999999999999999556e-01,2.000000000000000111e-01,1.317708317000000073e-01,2.143394396000000007e-02
9.900000000000000000e+02,5.000000000000000000e+02,6.999999999999999556e-01,2.000000000000000111e-01,1.338691076000000091e-01,2.177322288999999911e-02
1.000000000000000000e+02,5.000000000000000000e+02,6.999999999999999556e-01,2.000000000000000111e-01,1.700437584999999960e-02,2.778069562000000121e-03
3.000000000000000000e+02,5.000000000000000000e+02,6.999999999999999556e-01,2.000000000000000111e-01,4.822159743999999970e-02,7.869749015000000042e-03
5.000000000000000000e+02,5.000000000000000000e+02,6.999999999999999556e-01,2.000000000000000111e-01,7.620035168000000025e-02,1.242309748999999991e-02
7.000000000000000000e+02,5.000000000000000000e+02,6.999999999999999556e-01,2.000000000000000111e-01,1.014205521999999998e-01,1.651840006000000055e-02
9.000000000000000000e+02,5.000000000000000000e+02,6.999999999999999556e-01,2.000000000000000111e-01,1.242717133000000029e-01,2.022077073000000044e-02
1.100000000000000000e+03,5.000000000000000000e+02,6.999999999999999556e-01,2.000000000000000111e-01,1.450732811999999872e-01,2.358357095000000042e-02
1.300000000000000000e+03,5.000000000000000000e+02,6.999999999999999556e-01,2.000000000000000111e-01,1.640897138999999894e-01,2.665094407999999901e-02
1.500000000000000000e+03,5.000000000000000000e+02,6.999999999999999556e-01,2.000000000000000111e-01,1.815418268000000002e-01,2.945972139999999961e-02
1.700000000000000000e+03,5.000000000000000000e+02,6.999999999999999556e-01,2.000000000000000111e-01,1.976154403000000004e-01,3.204087422000000129e-02
1.900000000000000000e+03,5.000000000000000000e+02,6.999999999999999556e-01,2.000000000000000111e-01,2.124680498000000028e-01,3.442063337000000195e-02
2.100000000000000000e+03,5.000000000000000000e+02,6.999999999999999556e-01,2.000000000000000111e-01,2.262340254999999911e-01,3.662136159999999918e-02
2.300000000000000000e+03,5.000000000000000000e+02,6.999999999999999556e-01,2.000000000000000111e-01,2.390287073000000040e-01,3.866224033000000004e-02
2.500000000000000000e+03,5.000000000000000000e+02,6.999999999999999556e-01,2.000000000000000111e-01,2.509516595999999877e-01,4.055981514999999760e-02
2.700000000000000000e+03,5.000000000000000000e+02,6.999999999999999556e-01,2.000000000000000111e-01,2.620892799000000273e-01,4.232843290999999813e-02
2.900000000000000000e+03,5.000000000000000000e+02,6.999999999999999556e-01,2.000000000000000111e-01,2.725169057999999866e-01,4.398059468999999944e-02
3.100000000000000000e+03,5.000000000000000000e+02,6.999999999999999556e-01,2.000000000000000111e-01,2.823005309000000129e-01,4.552724285999999732e-02
3.300000000000000000e+03,5.000000000000000000e+02,6.999999999999999556e-01,2.000000000000000111e-01,2.914982098000000188e-01,4.697799636000000306e-02
3.500000000000000000e+03,5.000000000000000000e+02,6.999999999999999556e-01,2.000000000000000111e-01,3.001612176999999826e-01,4.834134451000000193e-02
3.700000000000000000e+03,5.000000000000000000e+02,6.999999999999999556e-01,2.000000000000000111e-01,3.083350121999999804e-01,4.962480784000000006e-02
3.900000000000000000e+03,5.000000000000000000e+02,6.999999999999999556e-01,2.000000000000000111e-01,3.160600356000000111e-01,5.083507221999999937e-02
4.100000000000000000e+03,5.000000000000000000e+02,6.999999999999999556e-01,2.000000000000000111e-01,3.233723884999999965e-01,5.197810130000000278e-02
4.300000000000000000e+03,5.000000000000000000e+02,6.999999999999999556e-01,2.000000000000000111e-01,3.303043972999999967e-01,5.305923123999999741e-02
4.500000000000000000e+03,5.000000000000000000e+02,6.999999999999999556e-01,2.000000000000000111e-01,3.368850950000000233e-01,5.408325103000000134e-02
4.700000000000000000e+03,5.000000000000000000e+02,6.999999999999999556e-01,2.000000000000000111e-01,3.431406302000000186e-01,5.505447069000000276e-02
4.900000000000000000e+03,5.000000000000000000e+02,6.999999999999999556e-01,2.000000000000000111e-01,3.490946172000000125e-01,5.597677952999999956e-02
5.100000000000000000e+03,5.000000000000000000e+02,6.999999999999999556e-01,2.000000000000000111e-01,3.547684353000000179e-01,5.685369621999999956e-02
5.300000000000000000e+03,5.000000000000000000e+02,6.999999999999999556e-01,2.000000000000000111e-01,3.601814876000000165e-01,5.768841176000000237e-02
5.500000000000000000e+03,5.000000000000000000e+02,6.999999999999999556e-01,2.000000000000000111e-01,3.653514241999999967e-01,5.848382668999999728e-02
5.700000000000000000e+03,5.000000000000000000e+02,6.999999999999999556e-01,2.000000000000000111e-01,3.702943356999999769e-01,5.924258332000000016e-02
5.900000000000000000e+03,5.000000000000000000e+02,6.999999999999999556e-01,2.000000000000000111e-01,3.750249219999999828e-01,5.996709375999999952e-02
6.100000000000000000e+03,5.000000000000000000e+02,6.999999999999999556e-01,2.000000000000000111e-01,3.795566394000000066e-01,6.065956440999999838e-02
6.300000000000000000e+03,5.000000000000000000e+02,6.999999999999999556e-01,2.000000000000000111e-01,3.839018291999999888e-01,6.132201738000000318e-02
6.500000000000000000e+03,5.000000000000000000e+02,6.999999999999999556e-01,2.000000000000000111e-01,3.880718314000000113e-01,6.195630926000000177e-02
6.700000000000000000e+03,5.000000000000000000e+02,6.999999999999999556e-01,2.000000000000000111e-01,3.920770835999999870e-01,6.256414769000000209e-02
6.900000000000000000e+03,5.000000000000000000e+02,6.999999999999999556e-01,2.000000000000000111e-01,3.959272097000000046e-01,6.314710596000000509e-02
7.100000000000000000e+03,5.000000000000000000e+02,6.999999999999999556e-01,2.000000000000000111e-01,3.996310973000000155e-01,6.370663594000000596e-02
7.300000000000000000e+03,5.000000000000000000e+02,6.999999999999999556e-01,2.000000000000000111e-01,4.031969669000000089e-01,6.424407950999999617e-02
7.500000000000000000e+03,5.000000000000000000e+02,6.999999999999999556e-01,2.000000000000000111e-01,4.066324336000000095e-01,6.476067876999999640e-02
7.700000000000000000e+03,5.000000000000000000e+02,6.999999999999999556e-01,2.000000000000000111e-01,4.099445615000000265e-01,6.525758513000000371e-02
7.900000000000000000e+03,5.000000000000000000e+02,6.999999999999999556e-01,2.000000000000000111e-01,4.131399130999999780e-01,6.573586739999999484e-02
8.100000000000000000e+03,5.000000000000000000e+02,6.999999999999999556e-01,2.000000000000000111e-01,4.162245923999999819e-01,6.619651901999999699e-02
8.300000000000000000e+03,5.000000000000000000e+02,6.999999999999999556e-01,2.000000000000000111e-01,4.192042852000000264e-01,6.664046462000000615e-02
8.500000000000000000e+03,5.000000000000000000e+02,6.999999999999999556e-01,2.000000000000000111e-01,4.220842934999999851e-01,6.706856579999999346e-02
8.700000000000000000e+03,5.000000000000000000e+02,6.999999999999999556e-01,2.000000000000000111e-01,4.248695677000000059e-01,6.748162643999999766e-02
8.900000000000000000e+03,5.000000000000000000e+02,6.999999999999999556e-01,2.000000000000000111e-01,4.275647355000000149e-01,6.788039740000000044e-02
9.100000000000000000e+03,5.000000000000000000e+02,6.999999999999999556e-01,2.000000000000000111e-01,4.301741272999999866e-01,6.826558083000000554e-02
9.300000000000000000e+03,5.000000000000000000e+02,6.999999999999999556e-01,2.000000000000000111e-01,4.327018001999999863e-01,6.863783404999999893e-02
9.500000000000000000e+03,5.000000000000000000e+02,6.999999999999999556e-01,2.000000000000000111e-01,4.351515589000000128e-01,6.899777300999999918e-02
9.700000000000000000e+03,5.000000000000000000e+02,6.999999999999999556e-01,2.000000000000000111e-01,4.375269752000000012e-01,6.934597554999999414e-02
9.900000000000000000e+03,5.000000000000000000e+02,6.999999999999999556e-01,2.000000000000000111e-01,4.398314053999999862e-01,6.968298423999999547e-02
1.000000000000000000e+03,5.000000000000000000e+02,6.999999999999999556e-01,2.000000000000000111e-01,1.349110272000000055e-01,2.194166704000000134e-02
3.000000000000000000e+03,5.000000000000000000e+02,6.999999999999999556e-01,2.000000000000000111e-01,2.774854185999999778e-01,4.476647822999999665e-02
5.000000000000000000e+03,5.000000000000000000e+02,6.999999999999999556e-01,2.000000000000000111e-01,3.519652911000000217e-01,5.642070524000000059e-02
7.000000000000000000e+03,5.000000000000000000e+02,6.999999999999999556e-01,2.000000000000000111e-01,3.977969046000000009e-01,6.342971316999999887e-02
9.000000000000000000e+03,5.000000000000000000e+02,6.999999999999999556e-01,2.000000000000000111e-01,4.288798937000000144e-01,6.807464547000000032e-02
1.100000000000000000e+04,5.000000000000000000e+02,6.999999999999999556e-01,2.000000000000000111e-01,4.513691404999999879e-01,7.135778677000000070e-02
1.300000000000000000e+04,5.000000000000000000e+02,6.999999999999999556e-01,2.000000000000000111e-01,4.684105069000000232e-01,7.378748968999999935e-02
1.500000000000000000e+04,5.000000000000000000e+02,6.999999999999999556e-01,2.000000000000000111e-01,4.817799261999999860e-01,7.564854163999999714e-02
1.700000000000000000e+04,5.000000000000000000e+02,6.999999999999999556e-01,2.000000000000000111e-01,4.925561746000000074e-01,7.711261463000000649e-02
1.900000000000000000e+04,5.000000000000000000e+02,6.999999999999999556e-01,2.000000000000000111e-01,5.014325508000000431e-01,7.828919572999999688e-02
2.100000000000000000e+04,5.000000000000000000e+02,6.999999999999999556e-01,2.000000000000000111e-01,5.088750296999999811e-01,7.925131063000000198e-02
2.300000000000000000e+04,5.000000000000000000e+02,6.999999999999999556e-01,2.000000000000000111e-01,5.152084345999999870e-01,8.004947490000000054e-02
2.500000000000000000e+04,5.000000000000000000e+02,6.999999999999999556e-01,2.000000000000000111e-01,5.206661608999999524e-01,8.071970717000000184e-02
2.700000000000000000e+04,5.000000000000000000e+02,6.999999999999999556e-01,2.000000000000000111e-01,5.254202556999999496e-01,8.128835445000000270e-02
2.900000000000000000e+04,5.000000000000000000e+02,6.999999999999999556e-01,2.000000000000000111e-01,5.296003504999999834e-01,8.177511517999999646e-02
3.100000000000000000e+04,5.000000000000000000e+02,6.999999999999999556e-01,2.000000000000000111e-01,5.333059871999999979e-01,8.219499845000000082e-02
3.300000000000000000e+04,5.000000000000000000e+02,6.999999999999999556e-01,2.000000000000000111e-01,5.366148790000000446e-01,8.255963101999999609e-02
3.500000000000000000e+04,5.000000000000000000e+02,6.999999999999999556e-01,2.000000000000000111e-01,5.395885902999999484e-01,8.287815183999999724e-02
3.700000000000000000e+04,5.000000000000000000e+02,6.999999999999999556e-01,2.000000000000000111e-01,5.422765299999999788e-01,8.315783804000000112e-02
3.900000000000000000e+04,5.000000000000000000e+02,6.999999999999999556e-01,2.000000000000000111e-01,5.447188142000000122e-01,8.340455167999999420e-02
4.100000000000000000e+04,5.000000000000000000e+02,6.999999999999999556e-01,2.000000000000000111e-01,5.469483563999999465e-01,8.362306441000000312e-02
4.300000000000000000e+04,5.000000000000000000e+02,6.999999999999999556e-01,2.000000000000000111e-01,5.489924170000000103e-01,8.381729696999999646e-02
4.500000000000000000e+04,5.000000000000000000e+02,6.999999999999999556e-01,2.000000000000000111e-01,5.508737689999999576e-01,8.399049869999999918e-02
4.700000000000000000e+04,5.000000000000000000e+02,6.999999999999999556e-01,2.000000000000000111e-01,5.526115866999999904e-01,8.414538353999999332e-02
4.900000000000000000e+04,5.000000000000000000e+02,6.999999999999999556e-01,2.000000000000000111e-01,5.542221307000000374e-01,8.428423459000000673e-02
5.100000000000000000e+04,5.000000000000000000e+02,6.999999999999999556e-01,2.000000000000000111e-01,5.557192821999999977e-01,8.440898512000000187e-02
5.300000000000000000e+04,5.000000000000000000e+02,6.999999999999999556e-01,2.000000000000000111e-01,5.571149639000000375e-01,8.452128219000000497e-02
5.500000000000000000e+04,5.000000000000000000e+02,6.999999999999999556e-01,2.000000000000000111e-01,5.584194742000000433e-01,8.462253689000000245e-02
5.700000000000000000e+04,5.000000000000000000e+02,6.999999999999999556e-01,2.000000000000000111e-01,5.596417554000000516e-01,8.471396443999999748e-02
5.900000000000000000e+04,5.000000000000000000e+02,6.999999999999999556e-01,2.000000000000000111e-01,5.607896104999999798e-01,8.479661652999999355e-02
6.100000000000000000e+04,5.000000000000000000e+02,6.999999999999999556e-01,2.000000000000000111e-01,5.618698790999999693e-01,8.487140736999999879e-02
6.300000000000000000e+04,5.000000000000000000e+02,6.999999999999999556e-01,2.000000000000000111e-01,5.628885823000000510e-01,8.493913509000000639e-02
6.500000000000000000e+04,5.000000000000000000e+02,6.999999999999999556e-01,2.000000000000000111e-01,5.638510418000000080e-01,8.500049920999999675e-02
6.700000000000000000e+04,5.000000000000000000e+02,6.999999999999999556e-01,2.000000000000000111e-01,5.647619791000000333e-01,8.505611509999999598e-02
6.900000000000000000e+04,5.000000000000000000e+02,6.999999999999999556e-01,2.000000000000000111e-01,5.656255974999999658e-01,8.510652604000000510e-02
7.100000000000000000e+04,5.000000000000000000e+02,6.999999999999999556e-01,2.000000000000000111e-01,5.664456519999999662e-01,8.515221317000000456e-02
7.300000000000000000e+04,5.000000000000000000e+02,6.999999999999999556e-01,2.000000000000000111e-01,5.672255075000000035e-01,8.519360401000000693e-02
7.500000000000000000e+04,5.000000000000000000e+02,6.999999999999999556e-01,2.000000000000000111e-01,5.679681883999999625e-01,8.523107949000000017e-02
7.700000000000000000e+04,5.000000000000000000e+02,6.999999999999999556e-01,2.000000000000000111e-01,5.686764205000000016e-01,8.526497997000000162e-02
7.900000000000000000e+04,5.000000000000000000e+02,6.999999999999999556e-01,2.000000000000000111e-01,5.693526676000000286e-01,8.529561041000000010e-02
8.100000000000000000e+04,5.000000000000000000e+02,6.999999999999999556e-01,2.000000000000000111e-01,5.699991615999999706e-01,8.532324467999999329e-02
8.300000000000000000e+04,5.000000000000000000e+02,6.999999999999999556e-01,2.000000000000000111e-01,5.706179300999999482e-01,8.534812934999999601e-02
8.500000000000000000e+04,5.000000000000000000e+02,6.999999999999999556e-01,2.000000000000000111e-01,5.712108184999999949e-01,8.537048690000000051e-02
8.700000000000000000e+04,5.000000000000000000e+02,6.999999999999999556e-01,2.000000000000000111e-01,5.717795109000000098e-01,8.539051849999999833e-02
8.900000000000000000e+04,5.000000000000000000e+02,6.999999999999999556e-01,2.000000000000000111e-01,5.723255467000000207e-01,8.540840640999999844e-02
9.100000000000000000e+04,5.000000000000000000e+02,6.999999999999999556e-01,2.000000000000000111e-01,5.728503364000000486e-01,8.542431612999999702e-02
9.300000000000000000e+04,5.000000000000000000e+02,6.999999999999999556e-01,2.000000000000000111e-01,5.733551743999999450e-01,8.543839815999999809e-02
9.500000000000000000e+04,5.000000000000000000e+02,6.999999999999999556e-01,2.000000000000000111e-01,5.738412511999999577e-01,8.545078963999999666e-02
9.700000000000000000e+04,5.000000000000000000e+02,6.999999999999999556e-01,2.000000000000000111e-01,5.743096635000000116e-01,8.546161573999999650e-02
9.900000000000000000e+04,5.000000000000000000e+02,6.999999999999999556e-01,2.000000000000000111e-01,5.747614231000000018e-01,8.547099089000000094e-02
1.000000000000000000e+04,5.000000000000000000e+02,6.999999999999999556e-01,2.000000000000000111e-01,4.409579947999999749e-01,6.984745146000000127e-02
3.000000000000000000e+04,5.000000000000000000e+02,6.999999999999999556e-01,2.000000000000000111e-01,5.315071839999999659e-01,8.199262262999999773e-02
5.000000000000000000e+04,5.000000000000000000e+02,6.999999999999999556e-01,2.000000000000000111e-01,5.549840937000000141e-01,8.434826340999999894e-02
7.000000000000000000e+04,5.000000000000000000e+02,6.999999999999999556e-01,2.000000000000000111e-01,5.660408514000000446e-01,8.512993218999999334e-02
9.000000000000000000e+04,5.000000000000000000e+02,6.999999999999999556e-01,2.000000000000000111e-01,5.725905138000000338e-01,8.541659880999999399e-02
1.100000000000000000e+05,5.000000000000000000e+02,6.999999999999999556e-01,2.000000000000000111e-01,5.769869474000000054e-01,8.550089187999999896e-02
1.300000000000000000e+05,5.000000000000000000e+02,6.999999999999999556e-01,2.000000000000000111e-01,5.801817317999999890e-01,8.549040047000000531e-02
1.500000000000000000e+05,5.000000000000000000e+02,6.999999999999999556e-01,2.000000000000000111e-01,5.826346353000000367e-01,8.543215781000000619e-02
1.700000000000000000e+05,5.000000000000000000e+02,6.999999999999999556e-01,2.000000000000000111e-01,5.845956938999999908e-01,8.534914231000000073e-02
1.900000000000000000e+05,5.000000000000000000e+02,6.999999999999999556e-01,2.000000000000000111e-01,5.862129101999999925e-01,8.525346198000000042e-02
2.100000000000000000e+05,5.000000000000000000e+02,6.999999999999999556e-01,2.000000000000000111e-01,5.875796712999999949e-01,8.515183944000000171e-02
2.300000000000000000e+05,5.000000000000000000e+02,6.999999999999999556e-01,2.000000000000000111e-01,5.887579239000000353e-01,8.504814050999999486e-02
2.500000000000000000e+05,5.000000000000000000e+02,6.999999999999999556e-01,2.000000000000000111e-01,5.897904456000000462e-01,8.494463445000000057e-02
2.700000000000000000e+05,5.000000000000000000e+02,6.999999999999999556e-01,2.000000000000000111e-01,5.907077705000000067e-01,8.484266168000000052e-02
2.900000000000000000e+05,5.000000000000000000e+02,6.999999999999999556e-01,2.000000000000000111e-01,5.915323058000000467e-01,8.474300522000000058e-02
3.100000000000000000e+05,5.000000000000000000e+02,6.999999999999999556e-01,2.000000000000000111e-01,5.922808862999999757e-01,8.464610578999999524e-02
3.300000000000000000e+05,5.000000000000000000e+02,6.999999999999999556e-01,2.000000000000000111e-01,5.929664191000000306e-01,8.455219043999999406e-02
3.500000000000000000e+05,5.000000000000000000e+02,6.999999999999999556e-01,2.000000000000000111e-01,5.935989758999999921e-01,8.446135152000000534e-02
3.700000000000000000e+05,5.000000000000000000e+02,6.999999999999999556e-01,2.000000000000000111e-01,5.941865384000000194e-01,8.437359633999999553e-02
3.900000000000000000e+05,5.000000000000000000e+02,6.999999999999999556e-01,2.000000000000000111e-01,5.947355187999999737e-01,8.428887881999999609e-02
4.100000000000000000e+05,5.000000000000000000e+02,6.999999999999999556e-01,2.000000000000000111e-01,5.952511321000000244e-01,8.420712002999999890e-02
4.300000000000000000e+05,5.000000000000000000e+02,6.999999999999999556e-01,2.000000000000000111e-01,5.957376655999999659e-01,8.412822165000000130e-02
4.500000000000000000e+05,5.000000000000000000e+02,6.999999999999999556e-01,2.000000000000000111e-01,5.961986795000000505e-01,8.405207474999999706e-02
4.700000000000000000e+05,5.000000000000000000e+02,6.999999999999999556e-01,2.000000000000000111e-01,5.966371562000000184e-01,8.397856559999999915e-02
4.900000000000000000e+05,5.000000000000000000e+02,6.999999999999999556e-01,2.000000000000000111e-01,5.970556149000000312e-01,8.390757957000000156e-02
5.100000000000000000e+05,5.000000000000000000e+02,6.999999999999999556e-01,2.000000000000000111e-01,5.974561991000000294e-01,8.383900348999999419e-02
5.300000000000000000e+05,5.000000000000000000e+02,6.999999999999999556e-01,2.000000000000000111e-01,5.978407451999999678e-01,8.377272733000000471e-02
5.500000000000000000e+05,5.000000000000000000e+02,6.999999999999999556e-01,2.000000000000000111e-01,5.982108365999999622e-01,8.370864509000000564e-02
5.700000000000000000e+05,5.000000000000000000e+02,6.999999999999999556e-01,2.000000000000000111e-01,5.985678462000000311e-01,8.364665538000000400e-02
5.900000000000000000e+05,5.000000000000000000e+02,6.999999999999999556e-01,2.000000000000000111e-01,5.989129710999999689e-01,8.358666166000000564e-02
6.100000000000000000e+05,5.000000000000000000e+02,6.999999999999999556e-01,2.000000000000000111e-01,5.992472601999999648e-01,8.352857235999999741e-02
6.300000000000000000e+05,5.000000000000000000e+02,6.999999999999999556e-01,2.000000000000000111e-01,5.995716369000000379e-01,8.347230077999999442e-02
6.500000000000000000e+05,5.000000000000000000e+02,6.999999999999999556e-01,2.000000000000000111e-01,5.998869173999999971e-01,8.341776499000000400e-02
6.700000000000000000e+05,5.000000000000000000e+02,6.999999999999999556e-01,2.000000000000000111e-01,6.001938266999999883e-01,8.336488763999999607e-02
6.900000000000000000e+05,5.000000000000000000e+02,6.999999999999999556e-01,2.000000000000000111e-01,6.004930105000000351e-01,8.331359577999999932e-02
7.100000000000000000e+05,5.000000000000000000e+02,6.999999999999999556e-01,2.000000000000000111e-01,6.007850464999999751e-01,8.326382055999999310e-02
7.300000000000000000e+05,5.000000000000000000e+02,6.999999999999999556e-01,2.000000000000000111e-01,6.010704529999999490e-01,8.321549708000000600e-02
7.500000000000000000e+05,5.000000000000000000e+02,6.999999999999999556e-01,2.000000000000000111e-01,6.013496967000000470e-01,8.316856410999999560e-02
7.700000000000000000e+05,5.000000000000000000e+02,6.999999999999999556e-01,2.000000000000000111e-01,6.016231990999999502e-01,8.312296387999999758e-02
7.900000000000000000e+05,5.000000000000000000e+02,6.999999999999999556e-01,2.000000000000000111e-01,6.018913416000000183e-01,8.307864184999999568e-02
8.100000000000000000e+05,5.000000000000000000e+02,6.999999999999999556e-01,2.000000000000000111e-01,6.021544707999999524e-01,8.303554655000000562e-02
8.300000000000000000e+05,5.000000000000000000e+02,6.999999999999999556e-01,2.000000000000000111e-01,6.024129020999999806e-01,8.299362931999999804e-02
8.500000000000000000e+05,5.000000000000000000e+02,6.999999999999999556e-01,2.000000000000000111e-01,6.026669233000000458e-01,8.295284416999999799e-02
8.700000000000000000e+05,5.000000000000000000e+02,6.999999999999999556e-01,2.000000000000000111e-01,6.029167976000000539e-01,8.291314758999999979e-02
8.900000000000000000e+05,5.000000000000000000e+02,6.999999999999999556e-01,2.000000000000000111e-01,6.031627663999999944e-01,8.287449838999999541e-02
9.100000000000000000e+05,5.000000000000000000e+02,6.999999999999999556e-01,2.000000000000000111e-01,6.034050514000000032e-01,8.283685757000000538e-02
9.300000000000000000e+05,5.000000000000000000e+02,6.999999999999999556e-01,2.000000000000000111e-01,6.036438564999999645e-01,8.280018815999999615e-02
9.500000000000000000e+05,5.000000000000000000e+02,6.999999999999999556e-01,2.000000000000000111e-01,6.038793700000000264e-01,8.276445507000000645e-02
9.700000000000000000e+05,5.000000000000000000e+02,6.999999999999999556e-01,2.000000000000000111e-01,6.041117657000000252e-01,8.272962503000000356e-02
9.900000000000000000e+05,5.000000000000000000e+02,6.999999999999999556e-01,2.000000000000000111e-01,6.043412044999999511e-01,8.269566641999999412e-02
1.000000000000000000e+05,5.000000000000000000e+02,6.999999999999999556e-01,2.000000000000000111e-01,5.749813531999999894e-01,8.547516745000000027e-02
3.000000000000000000e+05,5.000000000000000000e+02,6.999999999999999556e-01,2.000000000000000111e-01,5.919152064999999574e-01,8.469419277999999662e-02
5.000000000000000000e+05,5.000000000000000000e+02,6.999999999999999556e-01,2.000000000000000111e-01,5.972580199999999451e-01,8.387299724999999762e-02
7.000000000000000000e+05,5.000000000000000000e+02,6.999999999999999556e-01,2.000000000000000111e-01,6.006398883000000355e-01,8.328852272999999473e-02
9.000000000000000000e+05,5.000000000000000000e+02,6.999999999999999556e-01,2.000000000000000111e-01,6.032843561999999826e-01,8.285555428999999417e-02
1.100000000000000000e+06,5.000000000000000000e+02,6.999999999999999556e-01,2.000000000000000111e-01,6.055564261000000448e-01,8.252319861000000090e-02
1.300000000000000000e+06,5.000000000000000000e+02,6.999999999999999556e-01,2.000000000000000111e-01,6.076075619999999899e-01,8.226172519999999655e-02
1.500000000000000000e+06,5.000000000000000000e+02,6.999999999999999556e-01,2.000000000000000111e-01,6.095134221000000352e-01,8.205263074999999406e-02
1.700000000000000000e+06,5.000000000000000000e+02,6.999999999999999556e-01,2.000000000000000111e-01,6.113166401999999833e-01,8.188370434000000198e-02
1.900000000000000000e+06,5.000000000000000000e+02,6.999999999999999556e-01,2.000000000000000111e-01,6.130433740999999825e-01,8.174649257999999641e-02
2.100000000000000000e+06,5.000000000000000000e+02,6.999999999999999556e-01,2.000000000000000111e-01,6.147107237000000168e-01,8.163491242999999786e-02
2.300000000000000000e+06,5.000000000000000000e+02,6.999999999999999556e-01,2.000000000000000111e-01,6.163304309999999564e-01,8.154444582000000552e-02
2.500000000000000000e+06,5.000000000000000000e+02,6.999999999999999556e-01,2.000000000000000111e-01,6.179108815999999615e-01,8.147164792000000100e-02
2.700000000000000000e+06,5.000000000000000000e+02,6.999999999999999556e-01,2.000000000000000111e-01,6.194582592999999804e-01,8.141383366000000399e-02
2.900000000000000000e+06,5.000000000000000000e+02,6.999999999999999556e-01,2.000000000000000111e-01,6.209772477999999651e-01,8.136887058000000228e-02
3.100000000000000000e+06,5.000000000000000000e+02,6.999999999999999556e-01,2.000000000000000111e-01,6.224714757999999515e-01,8.133503752000000031e-02
3.300000000000000000e+06,5.000000000000000000e+02,6.999999999999999556e-01,2.000000000000000111e-01,6.239438096999999628e-01,8.131092568999999382e-02
3.500000000000000000e+06,5.000000000000000000e+02,6.999999999999999556e-01,2.000000000000000111e-01,6.253965521000000027e-01,8.129536768999999496e-02
3.700000000000000000e+06,5.000000000000000000e+02,6.999999999999999556e-01,2.000000000000000111e-01,6.268315804999999852e-01,8.128738559999999780e-02
3.900000000000000000e+06,5.000000000000000000e+02,6.999999999999999556e-01,2.000000000000000111e-01,6.282504455999999848e-01,8.128615224999999334e-02
4.100000000000000000e+06,5.000000000000000000e+02,6.999999999999999556e-01,2.000000000000000111e-01,6.296544436000000022e-01,8.129096191000000082e-02
4.300000000000000000e+06,5.000000000000000000e+02,6.999999999999999556e-01,2.000000000000000111e-01,6.310446687999999860e-01,8.130120773000000522e-02
4.500000000000000000e+06,5.000000000000000000e+02,6.999999999999999556e-01,2.000000000000000111e-01,6.324220542999999806e-01,8.131636423999999419e-02
4.700000000000000000e+06,5.000000000000000000e+02,6.999999999999999556e-01,2.000000000000000111e-01,6.337874023999999773e-01,8.133597344000000062e-02
4.900000000000000000e+06,5.000000000000000000e+02,6.999999999999999556e-01,2.000000000000000111e-01,6.351414083999999960e-01,8.135963386000000241e-02
5.100000000000000000e+06,5.000000000000000000e+02,6.999999999999999556e-01,2.000000000000000111e-01,6.364846792999999670e-01,8.138699166000000484e-02
5.300000000000000000e+06,5.000000000000000000e+02,6.999999999999999556e-01,2.000000000000000111e-01,6.378177484999999480e-01,8.141773344000000079e-02
5.500000000000000000e+06,5.000000000000000000e+02,6.999999999999999556e-01,2.000000000000000111e-01,6.391410873999999742e-01,8.145158035999999768e-02
5.700000000000000000e+06,5.000000000000000000e+02,6.999999999999999556e-01,2.000000000000000111e-01,6.404551153999999968e-01,8.148828329000000481e-02
5.900000000000000000e+06,5.000000000000000000e+02,6.999999999999999556e-01,2.000000000000000111e-01,6.417602073000000518e-01,8.152761874000000186e-02
6.100000000000000000e+06,5.000000000000000000e+02,6.999999999999999556e-01,2.000000000000000111e-01,6.430566998000000201e-01,8.156938555999999896e-02
6.300000000000000000e+06,5.000000000000000000e+02,6.999999999999999556e-01,2.000000000000000111e-01,6.443448968999999638e-01,8.161340202000000321e-02
6.500000000000000000e+06,5.000000000000000000e+02,6.999999999999999556e-01,2.000000000000000111e-01,6.456250741000000293e-01,8.165950347000000553e-02
6.700000000000000000e+06,5.000000000000000000e+02,6.999999999999999556e-01,2.000000000000000111e-01,6.468974821999999847e-01,8.170754026000000281e-02
6.900000000000000000e+06,5.000000000000000000e+02,6.999999999999999556e-01,2.000000000000000111e-01,6.481623504000000313e-01,8.175737602999999520e-02
7.100000000000000000e+06,5.000000000000000000e+02,6.999999999999999556e-01,2.000000000000000111e-01,6.494198888000000114e-01,8.180888615999999669e-02
7.300000000000000000e+06,5.000000000000000000e+02,6.999999999999999556e-01,2.000000000000000111e-01,6.506702909999999562e-01,8.186195653000000183e-02
7.500000000000000000e+06,5.000000000000000000e+02,6.999999999999999556e-01,2.000000000000000111e-01,6.519137353999999718e-01,8.191648236000000083e-02
7.700000000000000000e+06,5.000000000000000000e+02,6.999999999999999556e-01,2.000000000000000111e-01,6.531503875999999931e-01,8.197236724999999724e-02
7.900000000000000000e+06,5.000000000000000000e+02,6.999999999999999556e-01,2.000000000000000111e-01,6.543804010999999532e-01,8.202952232000000621e-02
8.100000000000000000e+06,5.000000000000000000e+02,6.999999999999999556e-01,2.000000000000000111e-01,6.556039192999999488e-01,8.208786546999999323e-02
8.300000000000000000e+06,5.000000000000000000e+02,6.999999999999999556e-01,2.000000000000000111e-01,6.568210758000000427e-01,8.214732070999999913e-02
8.500000000000000000e+06,5.000000000000000000e+02,6.999999999999999556e-01,2.000000000000000111e-01,6.580319959000000551e-01,8.220781761999999826e-02
8.700000000000000000e+06,5.000000000000000000e+02,6.999999999999999556e-01,2.000000000000000111e-01,6.592367971000000493e-01,8.226929078000000395e-02
8.900000000000000000e+06,5.000000000000000000e+02,6.999999999999999556e-01,2.000000000000000111e-01,6.604355899999999613e-01,8.233167936000000686e-02
9.100000000000000000e+06,5.000000000000000000e+02,6.999999999999999556e-01,2.000000000000000111e-01,6.616284789999999916e-01,8.239492667999999409e-02
9.300000000000000000e+06,5.000000000000000000e+02,6.999999999999999556e-01,2.000000000000000111e-01,6.628155626999999717e-01,8.245897989000000594e-02
9.500000000000000000e+06,5.000000000000000000e+02,6.999999999999999556e-01,2.000000000000000111e-01,6.639969342999999524e-01,8.252378960999999513e-02
9.700000000000000000e+06,5.000000000000000000e+02,6.999999999999999556e-01,2.000000000000000111e-01,6.651726824000000482e-01,8.258930965999999874e-02
9.900000000000000000e+06,5.000000000000000000e+02,6.999999999999999556e-01,2.000000000000000111e-01,6.663428913000000176e-01,8.265549680000000565e-02
1.000000000000000000e+06,5.000000000000000000e+02,6.999999999999999556e-01,2.000000000000000111e-01,6.044548620999999899e-01,8.267900443999999516e-02
3.000000000000000000e+06,5.000000000000000000e+02,6.999999999999999556e-01,2.000000000000000111e-01,6.217272625999999969e-01,8.135065722999999804e-02
5.000000000000000000e+06,5.000000000000000000e+02,6.999999999999999556e-01,2.000000000000000111e-01,6.358143509000000471e-01,8.137287105000000353e-02
7.000000000000000000e+06,5.000000000000000000e+02,6.999999999999999556e-01,2.000000000000000111e-01,6.487920233999999731e-01,8.178292916000000357e-02
9.000000000000000000e+06,5.000000000000000000e+02,6.999999999999999556e-01,2.000000000000000111e-01,6.610327661999999549e-01,8.236319906000000302e-02
1.100000000000000000e+07,5.000000000000000000e+02,6.999999999999999556e-01,2.000000000000000111e-01,6.726834300999999794e-01,8.302975700999999653e-02
1.300000000000000000e+07,5.000000000000000000e+02,6.999999999999999556e-01,2.000000000000000111e-01,6.838242977999999805e-01,8.374201897999999922e-02
1.500000000000000000e+07,5.000000000000000000e+02,6.999999999999999556e-01,2.000000000000000111e-01,6.945082897000000033e-01,8.447769431000000384e-02
1.700000000000000000e+07,5.000000000000000000e+02,6.999999999999999556e-01,2.000000000000000111e-01,7.047745759000000332e-01,8.522352091000000296e-02
1.900000000000000000e+07,5.000000000000000000e+02,6.999999999999999556e-01,2.000000000000000111e-01,7.146543733000000342e-01,8.597118254999999709e-02
2.100000000000000000e+07,5.000000000000000000e+02,6.999999999999999556e-01,2.000000000000000111e-01,7.241737863999999636e-01,8.671528133000000471e-02
2.300000000000000000e+07,5.000000000000000000e+02,6.999999999999999556e-01,2.000000000000000111e-01,7.333553562000000303e-01,8.745223914999999959e-02
2.500000000000000000e+07,5.000000000000000000e+02,6.999999999999999556e-01,2.000000000000000111e-01,7.422189773999999796e-01,8.817966161000000136e-02
2.700000000000000000e+07,5.000000000000000000e+02,6.999999999999999556e-01,2.000000000000000111e-01,7.507824813000000264e-01,8.889594978999999786e-02
2.900000000000000000e+07,5.000000000000000000e+02,6.999999999999999556e-01,2.000000000000000111e-01,7.590620286000000494e-01,8.960005325000000576e-02
3.100000000000000000e+07,5.000000000000000000e+02,6.999999999999999556e-01,2.000000000000000111e-01,7.670723874000000553e-01,9.029130733000000075e-02
3.300000000000000000e+07,5.000000000000000000e+02,6.999999999999999556e-01,2.000000000000000111e-01,7.748271381000000346e-01,9.096932283000000452e-02
3.500000000000000000e+07,5.000000000000000000e+02,6.999999999999999556e-01,2.000000000000000111e-01,7.823388309000000040e-01,9.163390951000000006e-02
3.700000000000000000e+07,5.000000000000000000e+02,6.999999999999999556e-01,2.000000000000000111e-01,7.896191096000000353e-01,9.228502187999999828e-02
3.900000000000000000e+07,5.000000000000000000e+02,6.999999999999999556e-01,2.000000000000000111e-01,7.966788124000000471e-01,9.292272012999999720e-02
4.100000000000000000e+07,5.000000000000000000e+02,6.999999999999999556e-01,2.000000000000000111e-01,8.035280544999999774e-01,9.354714164999999859e-02
4.300000000000000000e+07,5.000000000000000000e+02,6.999999999999999556e-01,2.000000000000000111e-01,8.101762984999999473e-01,9.415847991999999611e-02
4.500000000000000000e+07,5.000000000000000000e+02,6.999999999999999556e-01,2.000000000000000111e-01,8.166324139999999732e-01,9.475696878000000600e-02
4.700000000000000000e+07,5.000000000000000000e+02,6.999999999999999556e-01,2.000000000000000111e-01,8.229047295000000428e-01,9.534287060000000424e-02
4.900000000000000000e+07,5.000000000000000000e+02,6.999999999999999556e-01,2.000000000000000111e-01,8.290010774999999610e-01,9.591646725999999901e-02
5.100000000000000000e+07,5.000000000000000000e+02,6.999999999999999556e-01,2.000000000000000111e-01,8.349288343999999862e-01,9.647805335999999621e-02
5.300000000000000000e+07,5.000000000000000000e+02,6.999999999999999556e-01,2.000000000000000111e-01,8.406949563000000181e-01,9.702793098999999699e-02
5.500000000000000000e+07,5.000000000000000000e+02,6.999999999999999556e-01,2.000000000000000111e-01,8.463060104999999833e-01,9.756640572999999983e-02
5.700000000000000000e+07,5.000000000000000000e+02,6.999999999999999556e-01,2.000000000000000111e-01,8.517682036999999484e-01,9.809378366000000293e-02
5.900000000000000000e+07,5.000000000000000000e+02,6.999999999999999556e-01,2.000000000000000111e-01,8.570874083999999726e-01,9.861036898000000162e-02
6.100000000000000000e+07,5.000000000000000000e+02,6.999999999999999556e-01,2.000000000000000111e-01,8.622691856999999960e-01,9.911646227999999781e-02
6.300000000000000000e+07,5.000000000000000000e+02,6.999999999999999556e-01,2.000000000000000111e-01,8.673188069999999694e-01,9.961235924000000352e-02
6.500000000000000000e+07,5.000000000000000000e+02,6.999999999999999556e-01,2.000000000000000111e-01,8.722412727999999671e-01,1.000983495999999973e-01
6.700000000000000000e+07,5.000000000000000000e+02,6.999999999999999556e-01,2.000000000000000111e-01,8.770413309000000268e-01,1.005747166000000026e-01
6.900000000000000000e+07,5.000000000000000000e+02,6.999999999999999556e-01,2.000000000000000111e-01,8.817234925000000390e-01,1.010417361999999958e-01
7.100000000000000000e+07,5.000000000000000000e+02,6.999999999999999556e-01,2.000000000000000111e-01,8.862920474000000048e-01,1.014996769999999965e-01
7.300000000000000000e+07,5.000000000000000000e+02,6.999999999999999556e-01,2.000000000000000111e-01,8.907510773000000270e-01,1.019488001000000005e-01
7.500000000000000000e+07,5.000000000000000000e+02,6.999999999999999556e-01,2.000000000000000111e-01,8.951044688000000527e-01,1.023893585999999939e-01
7.700000000000000000e+07,5.000000000000000000e+02,6.999999999999999556e-01,2.000000000000000111e-01,8.993559252999999698e-01,1.028215980999999946e-01
7.900000000000000000e+07,5.000000000000000000e+02,6.999999999999999556e-01,2.000000000000000111e-01,9.035089777000000488e-01,1.032457561999999968e-01
8.100000000000000000e+07,5.000000000000000000e+02,6.999999999999999556e-01,2.000000000000000111e-01,9.075669943999999933e-01,1.036620632000000014e-01
8.300000000000000000e+07,5.000000000000000000e+02,6.999999999999999556e-01,2.000000000000000111e-01,9.115331907999999483e-01,1.040707416000000024e-01
8.500000000000000000e+07,5.000000000000000000e+02,6.999999999999999556e-01,2.000000000000000111e-01,9.154106382000000153e-01,1.044720066999999947e-01
8.700000000000000000e+07,5.000000000000000000e+02,6.999999999999999556e-01,2.000000000000000111e-01,9.192022715000000010e-01,1.048660666000000019e-01
8.900000000000000000e+07,5.000000000000000000e+02,6.999999999999999556e-01,2.000000000000000111e-01,9.229108969999999523e-01,1.052531225000000042e-01
9.100000000000000000e+07,5.000000000000000000e+02,6.999999999999999556e-01,2.000000000000000111e-01,9.265391995999999741e-01,1.056333685999999994e-01
9.300000000000000000e+07,5.000000000000000000e+02,6.999999999999999556e-01,2.000000000000000111e-01,9.300897487999999491e-01,1.060069928000000050e-01
9.500000000000000000e+07,5.000000000000000000e+02,6.999999999999999556e-01,2.000000000000000111e-01,9.335650055999999974e-01,1.063741764000000062e-01
9.700000000000000000e+07,5.000000000000000000e+02,6.999999999999999556e-01,2.000000000000000111e-01,9.369673278000000272e-01,1.067350945000000023e-01
9.900000000000000000e+07,5.000000000000000000e+02,6.999999999999999556e-01,2.000000000000000111e-01,9.402989753999999589e-01,1.070899166000000013e-01
1.000000000000000000e+07,5.000000000000000000e+02,6.999999999999999556e-01,2.000000000000000111e-01,6.669259437000000235e-01,8.268882775999999990e-02
3.000000000000000000e+07,5.000000000000000000e+02,6.999999999999999556e-01,2.000000000000000111e-01,7.630999819999999545e-01,8.994731622000000371e-02
5.000000000000000000e+07,5.000000000000000000e+02,6.999999999999999556e-01,2.000000000000000111e-01,8.319855856000000216e-01,9.619874287000000634e-02
7.000000000000000000e+07,5.000000000000000000e+02,6.999999999999999556e-01,2.000000000000000111e-01,8.840217110000000433e-01,1.012718249999999959e-01
9.000000000000000000e+07,5.000000000000000000e+02,6.999999999999999556e-01,2.000000000000000111e-01,9.247349254000000185e-01,1.054440848999999986e-01
1.000000000000000000e+08,5.000000000000000000e+02,6.999999999999999556e-01,2.000000000000000111e-01,9.419389769999999551e-01,1.072650928999999975e-01
