# pressure,temperature,f1,f2,molkg1,molkg2
1.000000000000000000e+00,5.000000000000000000e+02,8.000000000000000444e-01,1.000000000000000056e-01,2.110263219999999960e-04,1.271781145999999924e-05
3.000000000000000000e+00,5.000000000000000000e+02,8.000000000000000444e-01,1.000000000000000056e-01,6.326653207000000048e-04,3.812804144000000279e-05
5.000000000000000000e+00,5.000000000000000000e+02,8.000000000000000444e-01,1.000000000000000056e-01,1.053753692999999988e-03,6.350446981000000622e-05
7.000000000000000000e+00,5.000000000000000000e+02,8.000000000000000444e-01,1.000000000000000056e-01,1.474292517999999975e-03,8.884716319000000428e-05
9.000000000000000000e+00,5.000000000000000000e+02,8.000000000000000444e-01,1.000000000000000056e-01,1.894282870999999943e-03,1.141561880000000037e-04
1.100000000000000000e+01,5.000000000000000000e+02,8.000000000000000444e-01,1.000000000000000056e-01,2.313725825000000156e-03,1.394316106000000055e-04
1.300000000000000000e+01,5.000000000000000000e+02,8.000000000000000444e-01,1.000000000000000056e-01,2.732622451000000022e-03,1.646734970999999981e-04
1.500000000000000000e+01,5.000000000000000000e+02,8.000000000000000444e-01,1.000000000000000056e-01,3.150973815999999830e-03,1.898819134000000110e-04
1.700000000000000000e+01,5.000000000000000000e+02,8.000000000000000444e-01,1.000000000000000056e-01,3.568780985000000096e-03,2.150569252000000093e-04
1.900000000000000000e+01,5.000000000000000000e+02,8.000000000000000444e-01,1.000000000000000056e-01,3.986045021000000042e-03,2.401985982000000124e-04
2.100000000000000000e+01,5.000000000000000000e+02,8.000000000000000444e-01,1.000000000000000056e-01,4.402766980999999781e-03,2.653069977999999974e-04
2.300000000000000000e+01,5.000000000000000000e+02,8.000000000000000444e-01,1.000000000000000056e-01,4.818947922000000293e-03,2.903821892000000128e-04
2.500000000000000000e+01,5.000000000000000000e+02,8.000000000000000444e-01,1.000000000000000056e-01,5.234588899000000399e-03,3.154242374999999938e-04
2.700000000000000000e+01,5.000000000000000000e+02,8.000000000000000444e-01,1.000000000000000056e-01,5.649690962999999802e-03,3.404332075999999736e-04
2.900000000000000000e+01,5.000000000000000000e+02,8.000000000000000444e-01,1.000000000000000056e-01,6.064255160000000394e-03,3.654091643000000078e-04
3.100000000000000000e+01,5.000000000000000000e+02,8.000000000000000444e-01,1.000000000000000056e-01,6.478282537999999723e-03,3.903521721000000012e-04
3.300000000000000000e+01,5.000000000000000000e+02,8.000000000000000444e-01,1.000000000000000056e-01,6.891774138000000133e-03,4.152622953999999893e-04
3.500000000000000000e+01,5.000000000000000000e+02,8.000000000000000444e-01,1.000000000000000056e-01,7.304731000999999634e-03,4.401395984999999754e-04
3.700000000000000000e+01,5.000000000000000000e+02,8.000000000000000444e-01,1.000000000000000056e-01,7.717154165000000149e-03,4.649841455000000069e-04
3.900000000000000000e+01,5.000000000000000000e+02,8.000000000000000444e-01,1.000000000000000056e-01,8.129044663000000587e-03,4.897960001999999806e-04
4.100000000000000000e+01,5.000000000000000000e+02,8.000000000000000444e-01,1.000000000000000056e-01,8.540403529000000285e-03,5.145752263999999561e-04
4.300000000000000000e+01,5.000000000000000000e+02,8.000000000000000444e-01,1.000000000000000056e-01,8.951231791000000340e-03,5.393218877000000369e-04
4.500000000000000000e+01,5.000000000000000000e+02,8.000000000000000444e-01,1.000000000000000056e-01,9.361530477000000114e-03,5.640360474999999915e-04
4.700000000000000000e+01,5.000000000000000000e+02,8.000000000000000444e-01,1.000000000000000056e-01,9.771300610000000289e-03,5.887177689999999576e-04
4.900000000000000000e+01,5.000000000000000000e+02,8.000000000000000444e-01,1.000000000000000056e-01,1.018054321000000026e-02,6.133671152999999867e-04
5.100000000000000000e+01,5.000000000000000000e+02,8.000000000000000444e-01,1.000000000000000056e-01,1.058925930000000071e-02,6.379841492999999576e-04
5.300000000000000000e+01,5.000000000000000000e+02,8.000000000000000444e-01,1.000000000000000056e-01,1.099744989000000020e-02,6.625689337999999878e-04
5.500000000000000000e+01,5.000000000000000000e+02,8.000000000000000444e-01,1.000000000000000056e-01,1.140511599999999987e-02,6.871215314000000225e-04
5.700000000000000000e+01,5.000000000000000000e+02,8.000000000000000444e-01,1.000000000000000056e-01,1.181225864000000000e-02,7.116420045000000508e-04
5.900000000000000000e+01,5.000000000000000000e+02,8.000000000000000444e-01,1.000000000000000056e-01,1.221887881999999918e-02,7.361304153999999756e-04
6.100000000000000000e+01,5.000000000000000000e+02,8.000000000000000444e-01,1.000000000000000056e-01,1.262497754000000035e-02,7.605868261999999607e-04
6.300000000000000000e+01,5.000000000000000000e+02,8.000000000000000444e-01,1.000000000000000056e-01,1.303055579999999949e-02,7.850112988999999753e-04
6.500000000000000000e+01,5.000000000000000000e+02,8.000000000000000444e-01,1.000000000000000056e-01,1.343561461000000040e-02,8.094038951999999463e-04
6.700000000000000000e+01,5.000000000000000000e+02,8.000000000000000444e-01,1.000000000000000056e-01,1.384015497000000081e-02,8.337646768000000173e-04
6.900000000000000000e+01,5.000000000000000000e+02,8.000000000000000444e-01,1.000000000000000056e-01,1.424417786000000026e-02,8.580937050999999649e-04
7.100000000000000000e+01,5.000000000000000000e+02,8.000000000000000444e-01,1.000000000000000056e-01,1.464768429000000080e-02,8.823910414999999990e-04
7.300000000000000000e+01,5.000000000000000000e+02,8.000000000000000444e-01,1.000000000000000056e-01,1.505067524000000025e-02,9.066567472000000485e-04
7.500000000000000000e+01,5.000000000000000000e+02,8.000000000000000444e-01,1.000000000000000056e-01,1.545315170999999980e-02,9.308908831000000002e-04
7.700000000000000000e+01,5.000000000000000000e+02,8.000000000000000444e-01,1.000000000000000056e-01,1.585511466999999994e-02,9.550935100999999577e-04
7.900000000000000000e+01,5.000000000000000000e+02,8.000000000000000444e-01,1.000000000000000056e-01,1.625656510999999929e-02,9.792646887999999824e-04
8.100000000000000000e+01,5.000000000000000000e+02,8.000000000000000444e-01,1.000000000000000056e-01,1.665750401000000089e-02,1.003404480000000092e-03
8.300000000000000000e+01,5.000000000000000000e+02,8.000000000000000444e-01,1.000000000000000056e-01,1.705793234999999908e-02,1.027512944000000088e-03
8.500000000000000000e+01,5.000000000000000000e+02,8.000000000000000444e-01,1.000000000000000056e-01,1.745785110000000126e-02,1.051590139999999908e-03
8.700000000000000000e+01,5.000000000000000000e+02,8.000000000000000444e-01,1.000000000000000056e-01,1.785726123000000096e-02,1.075636129999999954e-03
8.900000000000000000e+01,5.000000000000000000e+02,8.000000000000000444e-01,1.000000000000000056e-01,1.825616373000000028e-02,1.099650972999999992e-03
9.100000000000000000e+01,5.000000000000000000e+02,8.000000000000000444e-01,1.000000000000000056e-01,1.865455955000000152e-02,1.123634728000000001e-03
9.300000000000000000e+01,5.000000000000000000e+02,8.000000000000000444e-01,1.000000000000000056e-01,1.905244966000000165e-02,1.147587455999999955e-03
9.500000000000000000e+01,5.000000000000000000e+02,8.000000000000000444e-01,1.000000000000000056e-01,1.944983502000000031e-02,1.171509215000000057e-03
9.700000000000000000e+01,5.000000000000000000e+02,8.000000000000000444e-01,1.000000000000000056e-01,1.984671659000000060e-02,1.195400066000000061e-03
9.900000000000000000e+01,5.000000000000000000e+02,8.000000000000000444e-01,1.000000000000000056e-01,2.024309533999999952e-02,1.219260066999999954e-03
1.000000000000000000e+01,5.000000000000000000e+02,8.000000000000000444e-01,1.000000000000000056e-01,2.104072706000000015e-03,1.267980955000000127e-04
3.000000000000000000e+01,5.000000000000000000e+02,8.000000000000000444e-01,1.000000000000000056e-01,6.271335886000000207e-03,3.778847827000000165e-04
5.000000000000000000e+01,5.000000000000000000e+02,8.000000000000000444e-01,1.000000000000000056e-01,1.038496700999999925e-02,6.256796674000000358e-04
7.000000000000000000e+01,5.000000000000000000e+02,8.000000000000000444e-01,1.000000000000000056e-01,1.444599556999999999e-02,8.702463309999999537e-04
9.000000000000000000e+01,5.000000000000000000e+02,8.000000000000000444e-01,1.000000000000000056e-01,1.845542491000000049e-02,1.111646733000000095e-03
1.100000000000000000e+02,5.000000000000000000e+02,8.000000000000000444e-01,1.000000000000000056e-01,2.241423298000000050e-02,1.349941260999999943e-03
1.300000000000000000e+02,5.000000000000000000e+02,8.000000000000000444e-01,1.000000000000000056e-01,2.632337318000000162e-02,1.585188782000000090e-03
1.500000000000000000e+02,5.000000000000000000e+02,8.000000000000000444e-01,1.000000000000000056e-01,3.018377511999999901e-02,1.817446689999999967e-03
1.700000000000000000e+02,5.000000000000000000e+02,8.000000000000000444e-01,1.000000000000000056e-01,3.399634532999999681e-02,2.046770947999999955e-03
1.900000000000000000e+02,5.000000000000000000e+02,8.000000000000000444e-01,1.000000000000000056e-01,3.776196801000000075e-02,2.273216138000000094e-03
2.100000000000000000e+02,5.000000000000000000e+02,8.000000000000000444e-01,1.000000000000000056e-01,4.148150569999999732e-02,2.496835498999999941e-03
2.300000000000000000e+02,5.000000000000000000e+02,8.000000000000000444e-01,1.000000000000000056e-01,4.515579992999999709e-02,2.717680969000000127e-03
2.500000000000000000e+02,5.000000000000000000e+02,8.000000000000000444e-01,1.000000000000000056e-01,4.878567184000000279e-02,2.935803224999999819e-03
2.700000000000000000e+02,5.000000000000000000e+02,8.000000000000000444e-01,1.000000000000000056e-01,5.237192285000000225e-02,3.151251721000000033e-03
2.900000000000000000e+02,5.000000000000000000e+02,8.000000000000000444e-01,1.000000000000000056e-01,5.591533519999999924e-02,3.364074725000000023e-03
3.100000000000000000e+02,5.000000000000000000e+02,8.000000000000000444e-01,1.000000000000000056e-01,5.941667251999999816e-02,3.574319353000000171e-03
3.300000000000000000e+02,5.000000000000000000e+02,8.000000000000000444e-01,1.000000000000000056e-01,6.287668039999999570e-02,3.782031603000000127e-03
3.500000000000000000e+02,5.000000000000000000e+02,8.000000000000000444e-01,1.000000000000000056e-01,6.629608693999999858e-02,3.987256391000000393e-03
3.700000000000000000e+02,5.000000000000000000e+02,8.000000000000000444e-01,1.000000000000000056e-01,6.967560320000000529e-02,4.190037578999999610e-03
3.900000000000000000e+02,5.000000000000000000e+02,8.000000000000000444e-01,1.000000000000000056e-01,7.301592375000000301e-02,4.390418006000000074e-03
4.100000000000000000e+02,5.000000000000000000e+02,8.000000000000000444e-01,1.000000000000000056e-01,7.631772709999999627e-02,4.588439520999999799e-03
4.300000000000000000e+02,5.000000000000000000e+02,8.000000000000000444e-01,1.000000000000000056e-01,7.958167622999999524e-02,4.784143006999999788e-03
4.500000000000000000e+02,5.000000000000000000e+02,8.000000000000000444e-01,1.000000000000000056e-01,8.280841894000000314e-02,4.977568412000000012e-03
4.700000000000000000e+02,5.000000000000000000e+02,8.000000000000000444e-01,1.000000000000000056e-01,8.599858836000000284e-02,5.168754773000000177e-03
4.900000000000000000e+02,5.000000000000000000e+02,8.000000000000000444e-01,1.000000000000000056e-01,8.915280332000000141e-02,5.357740245000000047e-03
5.100000000000000000e+02,5.000000000000000000e+02,8.000000000000000444e-01,1.000000000000000056e-01,9.227166877999999628e-02,5.544562123000000217e-03
5.300000000000000000e+02,5.000000000000000000e+02,8.000000000000000444e-01,1.000000000000000056e-01,9.535577618000000422e-02,5.729256864999999858e-03
5.500000000000000000e+02,5.000000000000000000e+02,8.000000000000000444e-01,1.000000000000000056e-01,9.840570383999999726e-02,5.911860120000000073e-03
5.700000000000000000e+02,5.000000000000000000e+02,8.000000000000000444e-01,1.000000000000000056e-01,1.014220173000000003e-01,6.092406744999999922e-03
5.900000000000000000e+02,5.000000000000000000e+02,8.000000000000000444e-01,1.000000000000000056e-01,1.044052698000000057e-01,6.270930832000000225e-03
6.100000000000000000e+02,5.000000000000000000e+02,8.000000000000000444e-01,1.000000000000000056e-01,1.073560023999999974e-01,6.447465724000000023e-03
6.300000000000000000e+02,5.000000000000000000e+02,8.000000000000000444e-01,1.000000000000000056e-01,1.102747443000000049e-01,6.622044038999999951e-03
6.500000000000000000e+02,5.000000000000000000e+02,8.000000000000000444e-01,1.000000000000000056e-01,1.131620135999999999e-01,6.794697685999999577e-03
6.700000000000000000e+02,5.000000000000000000e+02,8.000000000000000444e-01,1.000000000000000056e-01,1.160183169000000014e-01,6.965457888999999903e-03
6.900000000000000000e+02,5.000000000000000000e+02,8.000000000000000444e-01,1.000000000000000056e-01,1.188441503000000066e-01,7.134355200000000279e-03
7.100000000000000000e+02,5.000000000000000000e+02,8.000000000000000444e-01,1.000000000000000056e-01,1.216399992000000013e-01,7.301419521999999614e-03
7.300000000000000000e+02,5.000000000000000000e+02,8.000000000000000444e-01,1.000000000000000056e-01,1.244063386999999937e-01,7.466680122000000225e-03
7.500000000000000000e+02,5.000000000000000000e+02,8.000000000000000444e-01,1.000000000000000056e-01,1.271436340000000054e-01,7.630165650000000389e-03
7.700000000000000000e+02,5.000000000000000000e+02,8.000000000000000444e-01,1.000000000000000056e-01,1.298523404999999964e-01,7.791904153000000360e-03
7.900000000000000000e+02,5.000000000000000000e+02,8.000000000000000444e-01,1.000000000000000056e-01,1.325329043000000040e-01,7.951923095999999247e-03
8.100000000000000000e+02,5.000000000000000000e+02,8.000000000000000444e-01,1.000000000000000056e-01,1.351857619999999871e-01,8.110249369999999319e-03
8.300000000000000000e+02,5.000000000000000000e+02,8.000000000000000444e-01,1.000000000000000056e-01,1.378113414000000092e-01,8.266909310000000732e-03
8.500000000000000000e+02,5.000000000000000000e+02,8.000000000000000444e-01,1.000000000000000056e-01,1.404100615999999968e-01,8.421928712999999719e-03
8.700000000000000000e+02,5.000000000000000000e+02,8.000000000000000444e-01,1.000000000000000056e-01,1.429823328000000005e-01,8.575332843999999843e-03
8.900000000000000000e+02,5.000000000000000000e+02,8.000000000000000444e-01,1.000000000000000056e-01,1.455285574000000082e-01,8.727146457000000204e-03
9.100000000000000000e+02,5.000000000000000000e+02,8.000000000000000444e-01,1.000000000000000056e-01,1.480491291999999903e-01,8.877393802000000181e-03
9.300000000000000000e+02,5.000000000000000000e+02,8.000000000000000444e-01,1.000000000000000056e-01,1.505444344000000101e-01,9.026098643000000227e-03
9.500000000000000000e+02,5.000000000000000000e+02,8.000000000000000444e-01,1.000000000000000056e-01,1.530148514000000126e-01,9.173284264999999674e-03
9.700000000000000000e+02,5.000000000000000000e+02,8.000000000000000444e-01,1.000000000000000056e-01,1.554607510000000081e-01,9.318973490000000137e-03
9.900000000000000000e+02,5.000000000000000000e+02,8.000000000000000444e-01,1.000000000000000056e-01,1.578824967999999940e-01,9.463188686000000710e-03
1.000000000000000000e+02,5.000000000000000000e+02,8.000000000000000444e-01,1.000000000000000056e-01,2.044109645000000142e-02,1.231178516999999976e-03
3.000000000000000000e+02,5.000000000000000000e+02,8.000000000000000444e-01,1.000000000000000056e-01,5.767121622000000170e-02,3.469516435000000176e-03
5.000000000000000000e+02,5.000000000000000000e+02,8.000000000000000444e-01,1.000000000000000056e-01,9.071661745999999582e-02,5.451419334999999845e-03
7.000000000000000000e+02,5.000000000000000000e+02,8.000000000000000444e-01,1.000000000000000056e-01,1.202457928999999953e-01,7.218114640999999908e-03
9.000000000000000000e+02,5.000000000000000000e+02,8.000000000000000444e-01,1.000000000000000056e-01,1.467920255999999868e-01,8.802464416999999930e-03
1.100000000000000000e+03,5.000000000000000000e+02,8.000000000000000444e-01,1.000000000000000056e-01,1.707859301999999913e-01,1.023098253000000006e-02
1.300000000000000000e+03,5.000000000000000000e+02,8.000000000000000444e-01,1.000000000000000056e-01,1.925790274999999996e-01,1.152529526999999943e-02
1.500000000000000000e+03,5.000000000000000000e+02,8.000000000000000444e-01,1.000000000000000056e-01,2.124611077999999931e-01,1.270321664999999982e-02
1.700000000000000000e+03,5.000000000000000000e+02,8.000000000000000444e-01,1.000000000000000056e-01,2.306732129000000076e-01,1.377955196000000063e-02
1.900000000000000000e+03,5.000000000000000000e+02,8.000000000000000444e-01,1.000000000000000056e-01,2.474174735000000125e-01,1.476670637000000036e-02
2.100000000000000000e+03,5.000000000000000000e+02,8.000000000000000444e-01,1.000000000000000056e-01,2.628646573999999791e-01,1.567515171000000151e-02
2.300000000000000000e+03,5.000000000000000000e+02,8.000000000000000444e-01,1.000000000000000056e-01,2.771600255000000179e-01,1.651378841000000069e-02
2.500000000000000000e+03,5.000000000000000000e+02,8.000000000000000444e-01,1.000000000000000056e-01,2.904279233000000016e-01,1.729022916000000007e-02
2.700000000000000000e+03,5.000000000000000000e+02,8.000000000000000444e-01,1.000000000000000056e-01,3.027754147000000229e-01,1.801102327999999989e-02
2.900000000000000000e+03,5.000000000000000000e+02,8.000000000000000444e-01,1.000000000000000056e-01,3.142951840000000052e-01,1.868183584000000091e-02
3.100000000000000000e+03,5.000000000000000000e+02,8.000000000000000444e-01,1.000000000000000056e-01,3.250678714999999941e-01,1.930759171999999954e-02
3.300000000000000000e+03,5.000000000000000000e+02,8.000000000000000444e-01,1.000000000000000056e-01,3.351639691000000143e-01,1.989259247999999869e-02
3.500000000000000000e+03,5.000000000000000000e+02,8.000000000000000444e-01,1.000000000000000056e-01,3.446453675000000216e-01,2.044061176000000132e-02
3.700000000000000000e+03,5.000000000000000000e+02,8.000000000000000444e-01,1.000000000000000056e-01,3.535666299999999929e-01,2.095497368999999985e-02
3.900000000000000000e+03,5.000000000000000000e+02,8.000000000000000444e-01,1.000000000000000056e-01,3.619760455000000099e-01,2.143861773000000151e-02
4.100000000000000000e+03,5.000000000000000000e+02,8.000000000000000444e-01,1.000000000000000056e-01,3.699165053999999841e-01,2.189415266999999998e-02
4.300000000000000000e+03,5.000000000000000000e+02,8.000000000000000444e-01,1.000000000000000056e-01,3.774262375999999919e-01,2.232390172000000075e-02
4.500000000000000000e+03,5.000000000000000000e+02,8.000000000000000444e-01,1.000000000000000056e-01,3.845394229999999913e-01,2.272994044999999963e-02
4.700000000000000000e+03,5.000000000000000000e+02,8.000000000000000444e-01,1.000000000000000056e-01,3.912867180999999861e-01,2.311412889999999928e-02
4.900000000000000000e+03,5.000000000000000000e+02,8.000000000000000444e-01,1.000000000000000056e-01,3.976956972999999840e-01,2.347813870999999886e-02
5.100000000000000000e+03,5.000000000000000000e+02,8.000000000000000444e-01,1.000000000000000056e-01,4.037912309999999727e-01,2.382347639000000072e-02
5.300000000000000000e+03,5.000000000000000000e+02,8.000000000000000444e-01,1.000000000000000056e-01,4.095958093000000022e-01,2.415150313000000160e-02
5.500000000000000000e+03,5.000000000000000000e+02,8.000000000000000444e-01,1.000000000000000056e-01,4.151298198999999745e-01,2.446345185999999894e-02
5.700000000000000000e+03,5.000000000000000000e+02,8.000000000000000444e-01,1.000000000000000056e-01,4.204117884999999943e-01,2.476044197999999891e-02
5.900000000000000000e+03,5.000000000000000000e+02,8.000000000000000444e-01,1.000000000000000056e-01,4.254585865000000133e-01,2.504349209999999840e-02
6.100000000000000000e+03,5.000000000000000000e+02,8.000000000000000444e-01,1.000000000000000056e-01,4.302856113999999899e-01,2.531353107999999991e-02
6.300000000000000000e+03,5.000000000000000000e+02,8.000000000000000444e-01,1.000000000000000056e-01,4.349069448999999810e-01,2.557140772000000145e-02
6.500000000000000000e+03,5.000000000000000000e+02,8.000000000000000444e-01,1.000000000000000056e-01,4.393354901000000035e-01,2.581789909999999966e-02
6.700000000000000000e+03,5.000000000000000000e+02,8.000000000000000444e-01,1.000000000000000056e-01,4.435830924999999980e-01,2.605371805000000068e-02
6.900000000000000000e+03,5.000000000000000000e+02,8.000000000000000444e-01,1.000000000000000056e-01,4.476606461000000037e-01,2.627951959000000143e-02
7.100000000000000000e+03,5.000000000000000000e+02,8.000000000000000444e-01,1.000000000000000056e-01,4.515781871999999808e-01,2.649590668000000038e-02
7.300000000000000000e+03,5.000000000000000000e+02,8.000000000000000444e-01,1.000000000000000056e-01,4.553449770999999924e-01,2.670343524000000010e-02
7.500000000000000000e+03,5.000000000000000000e+02,8.000000000000000444e-01,1.000000000000000056e-01,4.589695753999999961e-01,2.690261866999999960e-02
7.700000000000000000e+03,5.000000000000000000e+02,8.000000000000000444e-01,1.000000000000000056e-01,4.624599055999999986e-01,2.709393180999999928e-02
7.900000000000000000e+03,5.000000000000000000e+02,8.000000000000000444e-01,1.000000000000000056e-01,4.658233125999999835e-01,2.727781447999999900e-02
8.100000000000000000e+03,5.000000000000000000e+02,8.000000000000000444e-01,1.000000000000000056e-01,4.690666151999999811e-01,2.745467462999999844e-02
8.300000000000000000e+03,5.000000000000000000e+02,8.000000000000000444e-01,1.000000000000000056e-01,4.721961518000000191e-01,2.762489117999999966e-02
8.500000000000000000e+03,5.000000000000000000e+02,8.000000000000000444e-01,1.000000000000000056e-01,4.752178222999999813e-01,2.778881654000000048e-02
8.700000000000000000e+03,5.000000000000000000e+02,8.000000000000000444e-01,1.000000000000000056e-01,4.781371253999999738e-01,2.794677888999999929e-02
8.900000000000000000e+03,5.000000000000000000e+02,8.000000000000000444e-01,1.000000000000000056e-01,4.809591919999999798e-01,2.809908418000000088e-02
9.100000000000000000e+03,5.000000000000000000e+02,8.000000000000000444e-01,1.000000000000000056e-01,4.836888155999999883e-01,2.824601801999999939e-02
9.300000000000000000e+03,5.000000000000000000e+02,8.000000000000000444e-01,1.000000000000000056e-01,4.863304794000000153e-01,2.838784731999999950e-02
9.500000000000000000e+03,5.000000000000000000e+02,8.000000000000000444e-01,1.000000000000000056e-01,4.888883811999999995e-01,2.852482178000000090e-02
9.700000000000000000e+03,5.000000000000000000e+02,8.000000000000000444e-01,1.000000000000000056e-01,4.913664555999999739e-01,2.865717526000000070e-02
9.900000000000000000e+03,5.000000000000000000e+02,8.000000000000000444e-01,1.000000000000000056e-01,4.937683944999999852e-01,2.878512698999999980e-02
1.000000000000000000e+03,5.000000000000000000e+02,8.000000000000000444e-01,1.000000000000000056e-01,1.590844237000000050e-01,9.534750391999999991e-03
3.000000000000000000e+03,5.000000000000000000e+02,8.000000000000000444e-01,1.000000000000000056e-01,3.197702889999999853e-01,1.900006360999999949e-02
5.000000000000000000e+03,5.000000000000000000e+02,8.000000000000000444e-01,1.000000000000000056e-01,4.007811868999999749e-01,2.365305330000000081e-02
7.000000000000000000e+03,5.000000000000000000e+02,8.000000000000000444e-01,1.000000000000000056e-01,4.496388222000000101e-01,2.638885414999999832e-02
9.000000000000000000e+03,5.000000000000000000e+02,8.000000000000000444e-01,1.000000000000000056e-01,4.823352719999999816e-01,2.817320543000000066e-02
1.100000000000000000e+04,5.000000000000000000e+02,8.000000000000000444e-01,1.000000000000000056e-01,5.057631754000000424e-01,2.941877912999999942e-02
1.300000000000000000e+04,5.000000000000000000e+02,8.000000000000000444e-01,1.000000000000000056e-01,5.233822581000000529e-01,3.033095666999999912e-02
1.500000000000000000e+04,5.000000000000000000e+02,8.000000000000000444e-01,1.000000000000000056e-01,5.371201733999999561e-01,3.102320319999999840e-02
1.700000000000000000e+04,5.000000000000000000e+02,8.000000000000000444e-01,1.000000000000000056e-01,5.481361713000000302e-01,3.156317798000000258e-02
1.900000000000000000e+04,5.000000000000000000e+02,8.000000000000000444e-01,1.000000000000000056e-01,5.571693546999999525e-01,3.199365385999999867e-02
2.100000000000000000e+04,5.000000000000000000e+02,8.000000000000000444e-01,1.000000000000000056e-01,5.647132543999999754e-01,3.234295007000000111e-02
2.300000000000000000e+04,5.000000000000000000e+02,8.000000000000000444e-01,1.000000000000000056e-01,5.711100266999999953e-01,3.263053303999999960e-02
2.500000000000000000e+04,5.000000000000000000e+02,8.000000000000000444e-01,1.000000000000000056e-01,5.766043757000000047e-01,3.287020603000000152e-02
2.700000000000000000e+04,5.000000000000000000e+02,8.000000000000000444e-01,1.000000000000000056e-01,5.813759548000000388e-01,3.307201611999999874e-02
2.900000000000000000e+04,5.000000000000000000e+02,8.000000000000000444e-01,1.000000000000000056e-01,5.855596442999999596e-01,3.324344159999999965e-02
3.100000000000000000e+04,5.000000000000000000e+02,8.000000000000000444e-01,1.000000000000000056e-01,5.892586875999999974e-01,3.339015716999999689e-02
3.300000000000000000e+04,5.000000000000000000e+02,8.000000000000000444e-01,1.000000000000000056e-01,5.925534575999999998e-01,3.351654209999999773e-02
3.500000000000000000e+04,5.000000000000000000e+02,8.000000000000000444e-01,1.000000000000000056e-01,5.955074608000000547e-01,3.362602642000000336e-02
3.700000000000000000e+04,5.000000000000000000e+02,8.000000000000000444e-01,1.000000000000000056e-01,5.981715434000000053e-01,3.372133227000000122e-02
3.900000000000000000e+04,5.000000000000000000e+02,8.000000000000000444e-01,1.000000000000000056e-01,6.005868985000000215e-01,3.380464547999999930e-02
4.100000000000000000e+04,5.000000000000000000e+02,8.000000000000000444e-01,1.000000000000000056e-01,6.027872546000000442e-01,3.387773990000000207e-02
4.300000000000000000e+04,5.000000000000000000e+02,8.000000000000000444e-01,1.000000000000000056e-01,6.048004942000000383e-01,3.394206881999999731e-02
4.500000000000000000e+04,5.000000000000000000e+02,8.000000000000000444e-01,1.000000000000000056e-01,6.066498689000000555e-01,3.399883324999999901e-02
4.700000000000000000e+04,5.000000000000000000e+02,8.000000000000000444e-01,1.000000000000000056e-01,6.083549230000000474e-01,3.404903355999999714e-02
4.900000000000000000e+04,5.000000000000000000e+02,8.000000000000000444e-01,1.000000000000000056e-01,6.099322050000000051e-01,3.409350905999999903e-02
5.100000000000000000e+04,5.000000000000000000e+02,8.000000000000000444e-01,1.000000000000000056e-01,6.113958205999999729e-01,3.413296862000000237e-02
5.300000000000000000e+04,5.000000000000000000e+02,8.000000000000000444e-01,1.000000000000000056e-01,6.127578680999999916e-01,3.416801458999999680e-02
5.500000000000000000e+04,5.000000000000000000e+02,8.000000000000000444e-01,1.000000000000000056e-01,6.140287830999999752e-01,3.419916174999999836e-02
5.700000000000000000e+04,5.000000000000000000e+02,8.000000000000000444e-01,1.000000000000000056e-01,6.152176156999999979e-01,3.422685227999999746e-02
5.900000000000000000e+04,5.000000000000000000e+02,8.000000000000000444e-01,1.000000000000000056e-01,6.163322524000000024e-01,3.425146795000000299e-02
6.100000000000000000e+04,5.000000000000000000e+02,8.000000000000000444e-01,1.000000000000000056e-01,6.173795982999999987e-01,3.427333979000000280e-02
6.300000000000000000e+04,5.000000000000000000e+02,8.000000000000000444e-01,1.000000000000000056e-01,6.183657246999999524e-01,3.429275610000000196e-02
6.500000000000000000e+04,5.000000000000000000e+02,8.000000000000000444e-01,1.000000000000000056e-01,6.192959917000000480e-01,3.430996894999999852e-02
6.700000000000000000e+04,5.000000000000000000e+02,8.000000000000000444e-01,1.000000000000000056e-01,6.201751495999999753e-01,3.432519955999999844e-02
6.900000000000000000e+04,5.000000000000000000e+02,8.000000000000000444e-01,1.000000000000000056e-01,6.210074230000000028e-01,3.433864273000000050e-02
7.100000000000000000e+04,5.000000000000000000e+02,8.000000000000000444e-01,1.000000000000000056e-01,6.217965820999999949e-01,3.435047061000000290e-02
7.300000000000000000e+04,5.000000000000000000e+02,8.000000000000000444e-01,1.000000000000000056e-01,6.225460016999999624e-01,3.436083575999999973e-02
7.500000000000000000e+04,5.000000000000000000e+02,8.000000000000000444e-01,1.000000000000000056e-01,6.232587124999999784e-01,3.436987378999999815e-02
7.700000000000000000e+04,5.000000000000000000e+02,8.000000000000000444e-01,1.000000000000000056e-01,6.239374431999999970e-01,3.437770559000000170e-02
7.900000000000000000e+04,5.000000000000000000e+02,8.000000000000000444e-01,1.000000000000000056e-01,6.245846577000000455e-01,3.438443919999999848e-02
8.100000000000000000e+04,5.000000000000000000e+02,8.000000000000000444e-01,1.000000000000000056e-01,6.252025865000000460e-01,3.439017140000000250e-02
8.300000000000000000e+04,5.000000000000000000e+02,8.000000000000000444e-01,1.000000000000000056e-01,6.257932535000000351e-01,3.439498911999999686e-02
8.500000000000000000e+04,5.000000000000000000e+02,8.000000000000000444e-01,1.000000000000000056e-01,6.263584997000000154e-01,3.439897059000000118e-02
8.700000000000000000e+04,5.000000000000000000e+02,8.000000000000000444e-01,1.000000000000000056e-01,6.269000031999999445e-01,3.440218636999999718e-02
8.900000000000000000e+04,5.000000000000000000e+02,8.000000000000000444e-01,1.000000000000000056e-01,6.274192968999999787e-01,3.440470025000000320e-02
9.100000000000000000e+04,5.000000000000000000e+02,8.000000000000000444e-01,1.000000000000000056e-01,6.279177841999999954e-01,3.440656997000000189e-02
9.300000000000000000e+04,5.000000000000000000e+02,8.000000000000000444e-01,1.000000000000000056e-01,6.283967518999999946e-01,3.440784790999999732e-02
9.500000000000000000e+04,5.000000000000000000e+02,8.000000000000000444e-01,1.000000000000000056e-01,6.288573825000000062e-01,3.440858170000000299e-02
9.700000000000000000e+04,5.000000000000000000e+02,8.000000000000000444e-01,1.000000000000000056e-01,6.293007643000000373e-01,3.440881466000000194e-02
9.900000000000000000e+04,5.000000000000000000e+02,8.000000000000000444e-01,1.000000000000000056e-01,6.297279009999999788e-01,3.440858631999999667e-02
1.000000000000000000e+04,5.000000000000000000e+02,8.000000000000000444e-01,1.000000000000000056e-01,4.949419051000000236e-01,2.884751701000000043e-02
3.000000000000000000e+04,5.000000000000000000e+02,8.000000000000000444e-01,1.000000000000000056e-01,5.874642683999999893e-01,3.331958874000000292e-02
5.000000000000000000e+04,5.000000000000000000e+02,8.000000000000000444e-01,1.000000000000000056e-01,6.106774224000000029e-01,3.411382593000000102e-02
7.000000000000000000e+04,5.000000000000000000e+02,8.000000000000000444e-01,1.000000000000000056e-01,6.214071722999999769e-01,3.434474861999999712e-02
9.000000000000000000e+04,5.000000000000000000e+02,8.000000000000000444e-01,1.000000000000000056e-01,6.276710584000000370e-01,3.440571223999999706e-02
1.100000000000000000e+05,5.000000000000000000e+02,8.000000000000000444e-01,1.000000000000000056e-01,6.318249059999999639e-01,3.440055211000000307e-02
1.300000000000000000e+05,5.000000000000000000e+02,8.000000000000000444e-01,1.000000000000000056e-01,6.348125223999999678e-01,3.436642603000000101e-02
1.500000000000000000e+05,5.000000000000000000e+02,8.000000000000000444e-01,1.000000000000000056e-01,6.370864616000000424e-01,3.431909438999999895e-02
1.700000000000000000e+05,5.000000000000000000e+02,8.000000000000000444e-01,1.000000000000000056e-01,6.388911617000000431e-01,3.426598667999999903e-02
1.900000000000000000e+05,5.000000000000000000e+02,8.000000000000000444e-01,1.000000000000000056e-01,6.403704001000000146e-01,3.421084860999999699e-02
2.100000000000000000e+05,5.000000000000000000e+02,8.000000000000000444e-01,1.000000000000000056e-01,6.416143583000000206e-01,3.415564481000000346e-02
2.300000000000000000e+05,5.000000000000000000e+02,8.000000000000000444e-01,1.000000000000000056e-01,6.426825162000000535e-01,3.410142121000000331e-02
2.500000000000000000e+05,5.000000000000000000e+02,8.000000000000000444e-01,1.000000000000000056e-01,6.436157234999999588e-01,3.404872694000000283e-02
2.700000000000000000e+05,5.000000000000000000e+02,8.000000000000000444e-01,1.000000000000000056e-01,6.444429833999999468e-01,3.399783338000000182e-02
2.900000000000000000e+05,5.000000000000000000e+02,8.000000000000000444e-01,1.000000000000000056e-01,6.451854701000000469e-01,3.394885319000000290e-02
3.100000000000000000e+05,5.000000000000000000e+02,8.000000000000000444e-01,1.000000000000000056e-01,6.458590121999999711e-01,3.390180748999999799e-02
3.300000000000000000e+05,5.000000000000000000e+02,8.000000000000000444e-01,1.000000000000000056e-01,6.464756856000000163e-01,3.385666479999999839e-02
3.500000000000000000e+05,5.000000000000000000e+02,8.000000000000000444e-01,1.000000000000000056e-01,6.470448683999999728e-01,3.381336413000000235e-02
3.700000000000000000e+05,5.000000000000000000e+02,8.000000000000000444e-01,1.000000000000000056e-01,6.475739573000000027e-01,3.377182885999999856e-02
3.900000000000000000e+05,5.000000000000000000e+02,8.000000000000000444e-01,1.000000000000000056e-01,6.480688674000000260e-01,3.373197515999999674e-02
4.100000000000000000e+05,5.000000000000000000e+02,8.000000000000000444e-01,1.000000000000000056e-01,6.485343872000000065e-01,3.369371707999999771e-02
4.300000000000000000e+05,5.000000000000000000e+02,8.000000000000000444e-01,1.000000000000000056e-01,6.489744363999999655e-01,3.365696962999999847e-02
4.500000000000000000e+05,5.000000000000000000e+02,8.000000000000000444e-01,1.000000000000000056e-01,6.493922550999999821e-01,3.362165057000000151e-02
4.700000000000000000e+05,5.000000000000000000e+02,8.000000000000000444e-01,1.000000000000000056e-01,6.497905460999999772e-01,3.358768137999999792e-02
4.900000000000000000e+05,5.000000000000000000e+02,8.000000000000000444e-01,1.000000000000000056e-01,6.501715824999999560e-01,3.355498778999999737e-02
5.100000000000000000e+05,5.000000000000000000e+02,8.000000000000000444e-01,1.000000000000000056e-01,6.505372905999999844e-01,3.352349995000000055e-02
5.300000000000000000e+05,5.000000000000000000e+02,8.000000000000000444e-01,1.000000000000000056e-01,6.508893138000000356e-01,3.349315238000000194e-02
5.500000000000000000e+05,5.000000000000000000e+02,8.000000000000000444e-01,1.000000000000000056e-01,6.512290631999999579e-01,3.346388393000000044e-02
5.700000000000000000e+05,5.000000000000000000e+02,8.000000000000000444e-01,1.000000000000000056e-01,6.515577576000000093e-01,3.343563747000000141e-02
5.900000000000000000e+05,5.000000000000000000e+02,8.000000000000000444e-01,1.000000000000000056e-01,6.518764553000000461e-01,3.340835976999999984e-02
6.100000000000000000e+05,5.000000000000000000e+02,8.000000000000000444e-01,1.000000000000000056e-01,6.521860802000000179e-01,3.338200117000000161e-02
6.300000000000000000e+05,5.000000000000000000e+02,8.000000000000000444e-01,1.000000000000000056e-01,6.524874422999999979e-01,3.335651537999999999e-02
6.500000000000000000e+05,5.000000000000000000e+02,8.000000000000000444e-01,1.000000000000000056e-01,6.527812551999999657e-01,3.333185920000000108e-02
6.700000000000000000e+05,5.000000000000000000e+02,8.000000000000000444e-01,1.000000000000000056e-01,6.530681498000000529e-01,3.330799235000000275e-02
6.900000000000000000e+05,5.000000000000000000e+02,8.000000000000000444e-01,1.000000000000000056e-01,6.533486863999999894e-01,3.328487717999999845e-02
7.100000000000000000e+05,5.000000000000000000e+02,8.000000000000000444e-01,1.000000000000000056e-01,6.536233644000000176e-01,3.326247849999999784e-02
7.300000000000000000e+05,5.000000000000000000e+02,8.000000000000000444e-01,1.000000000000000056e-01,6.538926301999999913e-01,3.324076340999999879e-02
7.500000000000000000e+05,5.000000000000000000e+02,8.000000000000000444e-01,1.000000000000000056e-01,6.541568840999999468e-01,3.321970109999999865e-02
7.700000000000000000e+05,5.000000000000000000e+02,8.000000000000000444e-01,1.000000000000000056e-01,6.544164865999999581e-01,3.319926265999999931e-02
7.900000000000000000e+05,5.000000000000000000e+02,8.000000000000000444e-01,1.000000000000000056e-01,6.546717627999999456e-01,3.317942101000000144e-02
8.100000000000000000e+05,5.000000000000000000e+02,8.000000000000000444e-01,1.000000000000000056e-01,6.549230069000000487e-01,3.316015071000000258e-02
8.300000000000000000e+05,5.000000000000000000e+02,8.000000000000000444e-01,1.000000000000000056e-01,6.551704858000000353e-01,3.314142781999999954e-02
8.500000000000000000e+05,5.000000000000000000e+02,8.000000000000000444e-01,1.000000000000000056e-01,6.554144423000000108e-01,3.312322983999999720e-02
8.700000000000000000e+05,5.000000000000000000e+02,8.000000000000000444e-01,1.000000000000000056e-01,6.556550977999999752e-01,3.310553556999999703e-02
8.900000000000000000e+05,5.000000000000000000e+02,8.000000000000000444e-01,1.000000000000000056e-01,6.558926543999999970e-01,3.308832502000000342e-02
9.100000000000000000e+05,5.000000000000000000e+02,8.000000000000000444e-01,1.000000000000000056e-01,6.561272972999999675e-01,3.307157933999999716e-02
9.300000000000000000e+05,5.000000000000000000e+02,8.000000000000000444e-01,1.000000000000000056e-01,6.563591962999999474e-01,3.305528071000000262e-02
9.500000000000000000e+05,5.000000000000000000e+02,8.000000000000000444e-01,1.000000000000000056e-01,6.565885075999999820e-01,3.303941227999999952e-02
9.700000000000000000e+05,5.000000000000000000e+02,8.000000000000000444e-01,1.000000000000000056e-01,6.568153749999999791e-01,3.302395813000000291e-02
9.900000000000000000e+05,5.000000000000000000e+02,8.000000000000000444e-01,1.000000000000000056e-01,6.570399312000000380e-01,3.300890315999999852e-02
1.000000000000000000e+05,5.000000000000000000e+02,8.000000000000000444e-01,1.000000000000000056e-01,6.299356698000000421e-01,3.440831055000000138e-02
3.000000000000000000e+05,5.000000000000000000e+02,8.000000000000000444e-01,1.000000000000000056e-01,6.455300309000000514e-01,3.392508958999999880e-02
5.000000000000000000e+05,5.000000000000000000e+02,8.000000000000000444e-01,1.000000000000000056e-01,6.503562439000000195e-01,3.353909733999999726e-02
7.000000000000000000e+05,5.000000000000000000e+02,8.000000000000000444e-01,1.000000000000000056e-01,6.534867287000000191e-01,3.327359039000000324e-02
9.000000000000000000e+05,5.000000000000000000e+02,8.000000000000000444e-01,1.000000000000000056e-01,6.560103291000000114e-01,3.307989521000000155e-02
1.100000000000000000e+06,5.000000000000000000e+02,8.000000000000000444e-01,1.000000000000000056e-01,6.582387286999999976e-01,3.293263216000000271e-02
1.300000000000000000e+06,5.000000000000000000e+02,8.000000000000000444e-01,1.000000000000000056e-01,6.602968587999999972e-01,3.281760871000000135e-02
1.500000000000000000e+06,5.000000000000000000e+02,8.000000000000000444e-01,1.000000000000000056e-01,6.622452636000000226e-01,3.272618607000000318e-02
1.700000000000000000e+06,5.000000000000000000e+02,8.000000000000000444e-01,1.000000000000000056e-01,6.641171556999999614e-01,3.265274079000000246e-02
1.900000000000000000e+06,5.000000000000000000e+02,8.000000000000000444e-01,1.000000000000000056e-01,6.659324282999999900e-01,3.259341619000000190e-02
2.100000000000000000e+06,5.000000000000000000e+02,8.000000000000000444e-01,1.000000000000000056e-01,6.677038077000000404e-01,3.254545610000000172e-02
2.300000000000000000e+06,5.000000000000000000e+02,8.000000000000000444e-01,1.000000000000000056e-01,6.694398639999999956e-01,3.250682424000000265e-02
2.500000000000000000e+06,5.000000000000000000e+02,8.000000000000000444e-01,1.000000000000000056e-01,6.711466110999999568e-01,3.247597465000000294e-02
2.700000000000000000e+06,5.000000000000000000e+02,8.000000000000000444e-01,1.000000000000000056e-01,6.728284144999999716e-01,3.245170652999999905e-02
2.900000000000000000e+06,5.000000000000000000e+02,8.000000000000000444e-01,1.000000000000000056e-01,6.744885344000000060e-01,3.243306900000000187e-02
3.100000000000000000e+06,5.000000000000000000e+02,8.000000000000000444e-01,1.000000000000000056e-01,6.761294651000000488e-01,3.241929653000000244e-02
3.300000000000000000e+06,5.000000000000000000e+02,8.000000000000000444e-01,1.000000000000000056e-01,6.777531553000000208e-01,3.240976389999999929e-02
3.500000000000000000e+06,5.000000000000000000e+02,8.000000000000000444e-01,1.000000000000000056e-01,6.793611555999999885e-01,3.240395405000000284e-02
3.700000000000000000e+06,5.000000000000000000e+02,8.000000000000000444e-01,1.000000000000000056e-01,6.809547197999999968e-01,3.240143457999999921e-02
3.900000000000000000e+06,5.000000000000000000e+02,8.000000000000000444e-01,1.000000000000000056e-01,6.825348764999999984e-01,3.240184033000000074e-02
4.100000000000000000e+06,5.000000000000000000e+02,8.000000000000000444e-01,1.000000000000000056e-01,6.841024806000000069e-01,3.240486020999999717e-02
4.300000000000000000e+06,5.000000000000000000e+02,8.000000000000000444e-01,1.000000000000000056e-01,6.856582506999999715e-01,3.241022706999999864e-02
4.500000000000000000e+06,5.000000000000000000e+02,8.000000000000000444e-01,1.000000000000000056e-01,6.872027977000000343e-01,3.241770986999999854e-02
4.700000000000000000e+06,5.000000000000000000e+02,8.000000000000000444e-01,1.000000000000000056e-01,6.887366459999999524e-01,3.242710750000000336e-02
4.900000000000000000e+06,5.000000000000000000e+02,8.000000000000000444e-01,1.000000000000000056e-01,6.902602495999999865e-01,3.243824383999999866e-02
5.100000000000000000e+06,5.000000000000000000e+02,8.000000000000000444e-01,1.000000000000000056e-01,6.917740048999999614e-01,3.245096383999999945e-02
5.300000000000000000e+06,5.000000000000000000e+02,8.000000000000000444e-01,1.000000000000000056e-01,6.932782607999999902e-01,3.246513030999999966e-02
5.500000000000000000e+06,5.000000000000000000e+02,8.000000000000000444e-01,1.000000000000000056e-01,6.947733267000000268e-01,3.248062131999999991e-02
5.700000000000000000e+06,5.000000000000000000e+02,8.000000000000000444e-01,1.000000000000000056e-01,6.962594784000000203e-01,3.249732802000000059e-02
5.900000000000000000e+06,5.000000000000000000e+02,8.000000000000000444e-01,1.000000000000000056e-01,6.977369636000000375e-01,3.251515286000000032e-02
6.100000000000000000e+06,5.000000000000000000e+02,8.000000000000000444e-01,1.000000000000000056e-01,6.992060062999999603e-01,3.253400811999999920e-02
6.300000000000000000e+06,5.000000000000000000e+02,8.000000000000000444e-01,1.000000000000000056e-01,7.006668095000000429e-01,3.255381462000000309e-02
6.500000000000000000e+06,5.000000000000000000e+02,8.000000000000000444e-01,1.000000000000000056e-01,7.021195587999999876e-01,3.257450069000000087e-02
6.700000000000000000e+06,5.000000000000000000e+02,8.000000000000000444e-01,1.000000000000000056e-01,7.035644243999999992e-01,3.259600123999999849e-02
6.900000000000000000e+06,5.000000000000000000e+02,8.000000000000000444e-01,1.000000000000000056e-01,7.050015630000000533e-01,3.261825701999999938e-02
7.100000000000000000e+06,5.000000000000000000e+02,8.000000000000000444e-01,1.000000000000000056e-01,7.064311197999999514e-01,3.264121392000000205e-02
7.300000000000000000e+06,5.000000000000000000e+02,8.000000000000000444e-01,1.000000000000000056e-01,7.078532294999999586e-01,3.266482243999999785e-02
7.500000000000000000e+06,5.000000000000000000e+02,8.000000000000000444e-01,1.000000000000000056e-01,7.092680179000000473e-01,3.268903715000000265e-02
7.700000000000000000e+06,5.000000000000000000e+02,8.000000000000000444e-01,1.000000000000000056e-01,7.106756025999999560e-01,3.271381632999999928e-02
7.900000000000000000e+06,5.000000000000000000e+02,8.000000000000000444e-01,1.000000000000000056e-01,7.120760940999999455e-01,3.273912150000000271e-02
8.100000000000000000e+06,5.000000000000000000e+02,8.000000000000000444e-01,1.000000000000000056e-01,7.134695966999999861e-01,3.276491718999999941e-02
8.300000000000000000e+06,5.000000000000000000e+02,8.000000000000000444e-01,1.000000000000000056e-01,7.148562085999999871e-01,3.279117057000000002e-02
8.500000000000000000e+06,5.000000000000000000e+02,8.000000000000000444e-01,1.000000000000000056e-01,7.162360229999999994e-01,3.281785125000000192e-02
8.700000000000000000e+06,5.000000000000000000e+02,8.000000000000000444e-01,1.000000000000000056e-01,7.176091285000000264e-01,3.284493103000000330e-02
8.900000000000000000e+06,5.000000000000000000e+02,8.000000000000000444e-01,1.000000000000000056e-01,7.189756094000000486e-01,3.287238371000000131e-02
9.100000000000000000e+06,5.000000000000000000e+02,8.000000000000000444e-01,1.000000000000000056e-01,7.203355461999999543e-01,3.290018489999999712e-02
9.300000000000000000e+06,5.000000000000000000e+02,8.000000000000000444e-01,1.000000000000000056e-01,7.216890159000000082e-01,3.292831187999999826e-02
9.500000000000000000e+06,5.000000000000000000e+02,8.000000000000000444e-01,1.000000000000000056e-01,7.230360922999999884e-01,3.295674343999999839e-02
9.700000000000000000e+06,5.000000000000000000e+02,8.000000000000000444e-01,1.000000000000000056e-01,7.243768462999999880e-01,3.298545977000000295e-02
9.900000000000000000e+06,5.000000000000000000e+02,8.000000000000000444e-01,1.000000000000000056e-01,7.257113459999999794e-01,3.301444231999999673e-02
1.000000000000000000e+06,5.000000000000000000e+02,8.000000000000000444e-01,1.000000000000000056e-01,6.571513812000000510e-01,3.300152087000000206e-02
3.000000000000000000e+06,5.000000000000000000e+02,8.000000000000000444e-01,1.000000000000000056e-01,6.753112658000000046e-01,3.242561657000000291e-02
5.000000000000000000e+06,5.000000000000000000e+02,8.000000000000000444e-01,1.000000000000000056e-01,6.910183354000000167e-01,3.244441483999999792e-02
7.000000000000000000e+06,5.000000000000000000e+02,8.000000000000000444e-01,1.000000000000000056e-01,7.057172805000000437e-01,3.262965102999999811e-02
9.000000000000000000e+06,5.000000000000000000e+02,8.000000000000000444e-01,1.000000000000000056e-01,7.196563908999999981e-01,3.288624219999999876e-02
1.100000000000000000e+07,5.000000000000000000e+02,8.000000000000000444e-01,1.000000000000000056e-01,7.329421283999999481e-01,3.317788083999999998e-02
1.300000000000000000e+07,5.000000000000000000e+02,8.000000000000000444e-01,1.000000000000000056e-01,7.456402205000000061e-01,3.348718061000000024e-02
1.500000000000000000e+07,5.000000000000000000e+02,8.000000000000000444e-01,1.000000000000000056e-01,7.577992628999999924e-01,3.380470011000000219e-02
1.700000000000000000e+07,5.000000000000000000e+02,8.000000000000000444e-01,1.000000000000000056e-01,7.694587027999999496e-01,3.412489911000000237e-02
1.900000000000000000e+07,5.000000000000000000e+02,8.000000000000000444e-01,1.000000000000000056e-01,7.806522271000000401e-01,3.444436244000000091e-02
2.100000000000000000e+07,5.000000000000000000e+02,8.000000000000000444e-01,1.000000000000000056e-01,7.914094542999999815e-01,3.476092062999999732e-02
2.300000000000000000e+07,5.000000000000000000e+02,8.000000000000000444e-01,1.000000000000000056e-01,8.017568938000000367e-01,3.507317509999999944e-02
2.500000000000000000e+07,5.000000000000000000e+02,8.000000000000000444e-01,1.000000000000000056e-01,8.117185472000000290e-01,3.538022413999999949e-02
2.700000000000000000e+07,5.000000000000000000e+02,8.000000000000000444e-01,1.000000000000000056e-01,8.213163178000000286e-01,3.568149646000000341e-02
2.900000000000000000e+07,5.000000000000000000e+02,8.000000000000000444e-01,1.000000000000000056e-01,8.305703081999999959e-01,3.597664563999999898e-02
3.100000000000000000e+07,5.000000000000000000e+02,8.000000000000000444e-01,1.000000000000000056e-01,8.394990478999999617e-01,3.626548115000000072e-02
3.300000000000000000e+07,5.000000000000000000e+02,8.000000000000000444e-01,1.000000000000000056e-01,8.481196744000000232e-01,3.654792179000000002e-02
3.500000000000000000e+07,5.000000000000000000e+02,8.000000000000000444e-01,1.000000000000000056e-01,8.564480816999999746e-01,3.682396361000000312e-02
3.700000000000000000e+07,5.000000000000000000e+02,8.000000000000000444e-01,1.000000000000000056e-01,8.644990450999999743e-01,3.709365746999999935e-02
3.900000000000000000e+07,5.000000000000000000e+02,8.000000000000000444e-01,1.000000000000000056e-01,8.722863270999999807e-01,3.735709291000000043e-02
4.100000000000000000e+07,5.000000000000000000e+02,8.000000000000000444e-01,1.000000000000000056e-01,8.798227699999999762e-01,3.761438660000000073e-02
4.300000000000000000e+07,5.000000000000000000e+02,8.000000000000000444e-01,1.000000000000000056e-01,8.871203766999999907e-01,3.786567387999999895e-02
4.500000000000000000e+07,5.000000000000000000e+02,8.000000000000000444e-01,1.000000000000000056e-01,8.941903812999999479e-01,3.811110248999999978e-02
4.700000000000000000e+07,5.000000000000000000e+02,8.000000000000000444e-01,1.000000000000000056e-01,9.010433128000000513e-01,3.835082799000000264e-02
4.900000000000000000e+07,5.000000000000000000e+02,8.000000000000000444e-01,1.000000000000000056e-01,9.076890515000000104e-01,3.858501031000000081e-02
5.100000000000000000e+07,5.000000000000000000e+02,8.000000000000000444e-01,1.000000000000000056e-01,9.141368801000000488e-01,3.881381122000000100e-02
5.300000000000000000e+07,5.000000000000000000e+02,8.000000000000000444e-01,1.000000000000000056e-01,9.203955286999999652e-01,3.903739243999999886e-02
5.500000000000000000e+07,5.000000000000000000e+02,8.000000000000000444e-01,1.000000000000000056e-01,9.264732169999999600e-01,3.925591424000000190e-02
5.700000000000000000e+07,5.000000000000000000e+02,8.000000000000000444e-01,1.000000000000000056e-01,9.323776915000000498e-01,3.946953437000000342e-02
5.900000000000000000e+07,5.000000000000000000e+02,8.000000000000000444e-01,1.000000000000000056e-01,9.381162594999999937e-01,3.967840739000000339e-02
6.100000000000000000e+07,5.000000000000000000e+02,8.000000000000000444e-01,1.000000000000000056e-01,9.436958206000000127e-01,3.988268407000000043e-02
6.300000000000000000e+07,5.000000000000000000e+02,8.000000000000000444e-01,1.000000000000000056e-01,9.491228949000000137e-01,4.008251107000000008e-02
6.500000000000000000e+07,5.000000000000000000e+02,8.000000000000000444e-01,1.000000000000000056e-01,9.544036489999999651e-01,4.027803070000000180e-02
6.700000000000000000e+07,5.000000000000000000e+02,8.000000000000000444e-01,1.000000000000000056e-01,9.595439201000000029e-01,4.046938077000000050e-02
6.900000000000000000e+07,5.000000000000000000e+02,8.000000000000000444e-01,1.000000000000000056e-01,9.645492375999999979e-01,4.065669453000000239e-02
7.100000000000000000e+07,5.000000000000000000e+02,8.000000000000000444e-01,1.000000000000000056e-01,9.694248437000000385e-01,4.084010067999999799e-02
7.300000000000000000e+07,5.000000000000000000e+02,8.000000000000000444e-01,1.000000000000000056e-01,9.741757116000000494e-01,4.101972336000000302e-02
7.500000000000000000e+07,5.000000000000000000e+02,8.000000000000000444e-01,1.000000000000000056e-01,9.788065625999999853e-01,4.119568227999999971e-02
7.700000000000000000e+07,5.000000000000000000e+02,8.000000000000000444e-01,1.000000000000000056e-01,9.833218823999999580e-01,4.136809276000000257e-02
7.900000000000000000e+07,5.000000000000000000e+02,8.000000000000000444e-01,1.000000000000000056e-01,9.877259351999999604e-01,4.153706587000000061e-02
8.100000000000000000e+07,5.000000000000000000e+02,8.000000000000000444e-01,1.000000000000000056e-01,9.920227775000000081e-01,4.170270854000000110e-02
8.300000000000000000e+07,5.000000000000000000e+02,8.000000000000000444e-01,1.000000000000000056e-01,9.962162706999999617e-01,4.186512366999999707e-02
8.500000000000000000e+07,5.000000000000000000e+02,8.000000000000000444e-01,1.000000000000000056e-01,1.000310092999999956e+00,4.202441031000000299e-02
8.700000000000000000e+07,5.000000000000000000e+02,8.000000000000000444e-01,1.000000000000000056e-01,1.004307748000000000e+00,4.218066374999999979e-02
8.900000000000000000e+07,5.000000000000000000e+02,8.000000000000000444e-01,1.000000000000000056e-01,1.008212579999999914e+00,4.233397568999999749e-02
9.100000000000000000e+07,5.000000000000000000e+02,8.000000000000000444e-01,1.000000000000000056e-01,1.012027776999999906e+00,4.248443435000000268e-02
9.300000000000000000e+07,5.000000000000000000e+02,8.000000000000000444e-01,1.000000000000000056e-01,1.015756383999999901e+00,4.263212464999999868e-02
9.500000000000000000e+07,5.000000000000000000e+02,8.000000000000000444e-01,1.000000000000000056e-01,1.019401309000000033e+00,4.277712827999999995e-02
9.700000000000000000e+07,5.000000000000000000e+02,8.000000000000000444e-01,1.000000000000000056e-01,1.022965330999999978e+00,4.291952386999999675e-02
9.900000000000000000e+07,5.000000000000000000e+02,8.000000000000000444e-01,1.000000000000000056e-01,1.026451106999999974e+00,4.305938713000000140e-02
1.000000000000000000e+07,5.000000000000000000e+02,8.000000000000000444e-01,1.000000000000000056e-01,7.263762712000000343e-01,3.302902795999999863e-02
3.000000000000000000e+07,5.000000000000000000e+02,8.000000000000000444e-01,1.000000000000000056e-01,8.350742325000000132e-01,3.612185980999999685e-02
5.000000000000000000e+07,5.000000000000000000e+02,8.000000000000000444e-01,1.000000000000000056e-01,9.109371465000000168e-01,3.870007330999999939e-02
7.000000000000000000e+07,5.000000000000000000e+02,8.000000000000000444e-01,1.000000000000000056e-01,9.670029377000000093e-01,4.074887818999999717e-02
9.000000000000000000e+07,5.000000000000000000e+02,8.000000000000000444e-01,1.000000000000000056e-01,1.010131188999999985e+00,4.240955628999999727e-02
1.000000000000000000e+08,5.000000000000000000e+02,8.000000000000000444e-01,1.000000000000000056e-01,1.028165452000000091e+00,4.312839201000000233e-02
