# pressure,temperature,f1,f2,molkg1,molkg2
1.000000000000000000e+00,6.000000000000000000e+02,1.000000000000000056e-01,8.000000000000000444e-01,1.692361114000000066e-06,3.264124999999999855e-06
3.000000000000000000e+00,6.000000000000000000e+02,1.000000000000000056e-01,8.000000000000000444e-01,5.077029707000000136e-06,9.792255758999999536e-06
5.000000000000000000e+00,6.000000000000000000e+02,1.000000000000000056e-01,8.000000000000000444e-01,8.461626788999999251e-06,1.632022753000000144e-05
7.000000000000000000e+00,6.000000000000000000e+02,1.000000000000000056e-01,8.000000000000000444e-01,1.184615235999999932e-05,2.284804032999999916e-05
9.000000000000000000e+00,6.000000000000000000e+02,1.000000000000000056e-01,8.000000000000000444e-01,1.523060643999999998e-05,2.937569416000000149e-05
1.100000000000000000e+01,6.000000000000000000e+02,1.000000000000000056e-01,8.000000000000000444e-01,1.861498901000000023e-05,3.590318902999999810e-05
1.300000000000000000e+01,6.000000000000000000e+02,1.000000000000000056e-01,8.000000000000000444e-01,2.199930008999999970e-05,4.243052494000000254e-05
1.500000000000000000e+01,6.000000000000000000e+02,1.000000000000000056e-01,8.000000000000000444e-01,2.538353968000000010e-05,4.895770188999999786e-05
1.700000000000000000e+01,6.000000000000000000e+02,1.000000000000000056e-01,8.000000000000000444e-01,2.876770778000000141e-05,5.548471991000000048e-05
1.900000000000000000e+01,6.000000000000000000e+02,1.000000000000000056e-01,8.000000000000000444e-01,3.215180439999999669e-05,6.201157897999999720e-05
2.100000000000000000e+01,6.000000000000000000e+02,1.000000000000000056e-01,8.000000000000000444e-01,3.553582954999999933e-05,6.853827912999999766e-05
2.300000000000000000e+01,6.000000000000000000e+02,1.000000000000000056e-01,8.000000000000000444e-01,3.891978320999999949e-05,7.506482035000000541e-05
2.500000000000000000e+01,6.000000000000000000e+02,1.000000000000000056e-01,8.000000000000000444e-01,4.230366541000000005e-05,8.159120265999999979e-05
2.700000000000000000e+01,6.000000000000000000e+02,1.000000000000000056e-01,8.000000000000000444e-01,4.568747613999999779e-05,8.811742605000000468e-05
2.900000000000000000e+01,6.000000000000000000e+02,1.000000000000000056e-01,8.000000000000000444e-01,4.907121541999999914e-05,9.464349053999999940e-05
3.100000000000000000e+01,6.000000000000000000e+02,1.000000000000000056e-01,8.000000000000000444e-01,5.245488322999999767e-05,1.011693961000000014e-04
3.300000000000000000e+01,6.000000000000000000e+02,1.000000000000000056e-01,8.000000000000000444e-01,5.583847958999999981e-05,1.076951428000000061e-04
3.500000000000000000e+01,6.000000000000000000e+02,1.000000000000000056e-01,8.000000000000000444e-01,5.922200449999999878e-05,1.142207306000000007e-04
3.700000000000000000e+01,6.000000000000000000e+02,1.000000000000000056e-01,8.000000000000000444e-01,6.260545796000000136e-05,1.207461596000000036e-04
3.900000000000000000e+01,6.000000000000000000e+02,1.000000000000000056e-01,8.000000000000000444e-01,6.598883998999999364e-05,1.272714296000000049e-04
4.100000000000000000e+01,6.000000000000000000e+02,1.000000000000000056e-01,8.000000000000000444e-01,6.937215057000000308e-05,1.337965407999999875e-04
4.300000000000000000e+01,6.000000000000000000e+02,1.000000000000000056e-01,8.000000000000000444e-01,7.275538972999999866e-05,1.403214931999999921e-04
4.500000000000000000e+01,6.000000000000000000e+02,1.000000000000000056e-01,8.000000000000000444e-01,7.613855745000000107e-05,1.468462866999999865e-04
4.700000000000000000e+01,6.000000000000000000e+02,1.000000000000000056e-01,8.000000000000000444e-01,7.952165375000000316e-05,1.533709212999999978e-04
4.900000000000000000e+01,6.000000000000000000e+02,1.000000000000000056e-01,8.000000000000000444e-01,8.290467863000000495e-05,1.598953971000000040e-04
5.100000000000000000e+01,6.000000000000000000e+02,1.000000000000000056e-01,8.000000000000000444e-01,8.628763209000000643e-05,1.664197141000000051e-04
5.300000000000000000e+01,6.000000000000000000e+02,1.000000000000000056e-01,8.000000000000000444e-01,8.967051415000000048e-05,1.729438721999999960e-04
5.500000000000000000e+01,6.000000000000000000e+02,1.000000000000000056e-01,8.000000000000000444e-01,9.305332478999999422e-05,1.794678715999999867e-04
5.700000000000000000e+01,6.000000000000000000e+02,1.000000000000000056e-01,8.000000000000000444e-01,9.643606402000000442e-05,1.859917120999999944e-04
5.900000000000000000e+01,6.000000000000000000e+02,1.000000000000000056e-01,8.000000000000000444e-01,9.981873185999999684e-05,1.925153937999999970e-04
6.100000000000000000e+01,6.000000000000000000e+02,1.000000000000000056e-01,8.000000000000000444e-01,1.032013282999999954e-04,1.990389166999999944e-04
6.300000000000000000e+01,6.000000000000000000e+02,1.000000000000000056e-01,8.000000000000000444e-01,1.065838534000000058e-04,2.055622807999999866e-04
6.500000000000000000e+01,6.000000000000000000e+02,1.000000000000000056e-01,8.000000000000000444e-01,1.099663070000000037e-04,2.120854861000000008e-04
6.700000000000000000e+01,6.000000000000000000e+02,1.000000000000000056e-01,8.000000000000000444e-01,1.133486892999999992e-04,2.186085326999999878e-04
6.900000000000000000e+01,6.000000000000000000e+02,1.000000000000000056e-01,8.000000000000000444e-01,1.167310002000000008e-04,2.251314203999999917e-04
7.100000000000000000e+01,6.000000000000000000e+02,1.000000000000000056e-01,8.000000000000000444e-01,1.201132396999999950e-04,2.316541493999999955e-04
7.300000000000000000e+01,6.000000000000000000e+02,1.000000000000000056e-01,8.000000000000000444e-01,1.234954078999999868e-04,2.381767196999999992e-04
7.500000000000000000e+01,6.000000000000000000e+02,1.000000000000000056e-01,8.000000000000000444e-01,1.268775046000000068e-04,2.446991311999999977e-04
7.700000000000000000e+01,6.000000000000000000e+02,1.000000000000000056e-01,8.000000000000000444e-01,1.302595301000000023e-04,2.512213838999999911e-04
7.900000000000000000e+01,6.000000000000000000e+02,1.000000000000000056e-01,8.000000000000000444e-01,1.336414841000000125e-04,2.577434779000000115e-04
8.100000000000000000e+01,6.000000000000000000e+02,1.000000000000000056e-01,8.000000000000000444e-01,1.370233667999999931e-04,2.642654132000000046e-04
8.300000000000000000e+01,6.000000000000000000e+02,1.000000000000000056e-01,8.000000000000000444e-01,1.404051781999999984e-04,2.707871896999999926e-04
8.500000000000000000e+01,6.000000000000000000e+02,1.000000000000000056e-01,8.000000000000000444e-01,1.437869181999999963e-04,2.773088075000000076e-04
8.700000000000000000e+01,6.000000000000000000e+02,1.000000000000000056e-01,8.000000000000000444e-01,1.471685867999999867e-04,2.838302666999999732e-04
8.900000000000000000e+01,6.000000000000000000e+02,1.000000000000000056e-01,8.000000000000000444e-01,1.505501842000000069e-04,2.903515670000000101e-04
9.100000000000000000e+01,6.000000000000000000e+02,1.000000000000000056e-01,8.000000000000000444e-01,1.539317101999999925e-04,2.968727086999999975e-04
9.300000000000000000e+01,6.000000000000000000e+02,1.000000000000000056e-01,8.000000000000000444e-01,1.573131647999999978e-04,3.033936917000000120e-04
9.500000000000000000e+01,6.000000000000000000e+02,1.000000000000000056e-01,8.000000000000000444e-01,1.606945481000000007e-04,3.099145160999999772e-04
9.700000000000000000e+01,6.000000000000000000e+02,1.000000000000000056e-01,8.000000000000000444e-01,1.640758602000000062e-04,3.164351816999999914e-04
9.900000000000000000e+01,6.000000000000000000e+02,1.000000000000000056e-01,8.000000000000000444e-01,1.674571007999999992e-04,3.229556885999999784e-04
1.000000000000000000e+01,6.000000000000000000e+02,1.000000000000000056e-01,8.000000000000000444e-01,1.692280665999999832e-05,3.263946145999999679e-05
3.000000000000000000e+01,6.000000000000000000e+02,1.000000000000000056e-01,8.000000000000000444e-01,5.076305824999999934e-05,9.790646319999999714e-05
5.000000000000000000e+01,6.000000000000000000e+02,1.000000000000000056e-01,8.000000000000000444e-01,8.459616428999999467e-05,1.631575754999999874e-04
7.000000000000000000e+01,6.000000000000000000e+02,1.000000000000000056e-01,8.000000000000000444e-01,1.184221288999999934e-04,2.283928048000000036e-04
9.000000000000000000e+01,6.000000000000000000e+02,1.000000000000000056e-01,8.000000000000000444e-01,1.522409560999999994e-04,2.936121576999999841e-04
1.100000000000000000e+02,6.000000000000000000e+02,1.000000000000000056e-01,8.000000000000000444e-01,1.860526500000000050e-04,3.588156407999999894e-04
1.300000000000000000e+02,6.000000000000000000e+02,1.000000000000000056e-01,8.000000000000000444e-01,2.198572148000000042e-04,4.240032606000000205e-04
1.500000000000000000e+02,6.000000000000000000e+02,1.000000000000000056e-01,8.000000000000000444e-01,2.536546543999999761e-04,4.891750235999999972e-04
1.700000000000000000e+02,6.000000000000000000e+02,1.000000000000000056e-01,8.000000000000000444e-01,2.874449729999999960e-04,5.543309363999999800e-04
1.900000000000000000e+02,6.000000000000000000e+02,1.000000000000000056e-01,8.000000000000000444e-01,3.212281747000000258e-04,6.194710054000000191e-04
2.100000000000000000e+02,6.000000000000000000e+02,1.000000000000000056e-01,8.000000000000000444e-01,3.550042634999999954e-04,6.845952371999999581e-04
2.300000000000000000e+02,6.000000000000000000e+02,1.000000000000000056e-01,8.000000000000000444e-01,3.887732436000000073e-04,7.497036382999999879e-04
2.500000000000000000e+02,6.000000000000000000e+02,1.000000000000000056e-01,8.000000000000000444e-01,4.225351189000000132e-04,8.147962152999999519e-04
2.700000000000000000e+02,6.000000000000000000e+02,1.000000000000000056e-01,8.000000000000000444e-01,4.562898936000000074e-04,8.798729744999999767e-04
2.900000000000000000e+02,6.000000000000000000e+02,1.000000000000000056e-01,8.000000000000000444e-01,4.900375715999999958e-04,9.449339225999999923e-04
3.100000000000000000e+02,6.000000000000000000e+02,1.000000000000000056e-01,8.000000000000000444e-01,5.237781572000000047e-04,1.009979065999999995e-03
3.300000000000000000e+02,6.000000000000000000e+02,1.000000000000000056e-01,8.000000000000000444e-01,5.575116543000000402e-04,1.075008411000000002e-03
3.500000000000000000e+02,6.000000000000000000e+02,1.000000000000000056e-01,8.000000000000000444e-01,5.912380669999999557e-04,1.140021965000000007e-03
3.700000000000000000e+02,6.000000000000000000e+02,1.000000000000000056e-01,8.000000000000000444e-01,6.249573992999999522e-04,1.205019732999999989e-03
3.900000000000000000e+02,6.000000000000000000e+02,1.000000000000000056e-01,8.000000000000000444e-01,6.586696552999999916e-04,1.270001722999999916e-03
4.100000000000000000e+02,6.000000000000000000e+02,1.000000000000000056e-01,8.000000000000000444e-01,6.923748391000000358e-04,1.334967939999999985e-03
4.300000000000000000e+02,6.000000000000000000e+02,1.000000000000000056e-01,8.000000000000000444e-01,7.260729545999999824e-04,1.399918390999999951e-03
4.500000000000000000e+02,6.000000000000000000e+02,1.000000000000000056e-01,8.000000000000000444e-01,7.597640059999999883e-04,1.464853084000000000e-03
4.700000000000000000e+02,6.000000000000000000e+02,1.000000000000000056e-01,8.000000000000000444e-01,7.934479971999999510e-04,1.529772022999999898e-03
4.900000000000000000e+02,6.000000000000000000e+02,1.000000000000000056e-01,8.000000000000000444e-01,8.271249323000000493e-04,1.594675216000000046e-03
5.100000000000000000e+02,6.000000000000000000e+02,1.000000000000000056e-01,8.000000000000000444e-01,8.607948154000000284e-04,1.659562668999999989e-03
5.300000000000000000e+02,6.000000000000000000e+02,1.000000000000000056e-01,8.000000000000000444e-01,8.944576504000000027e-04,1.724434388999999913e-03
5.500000000000000000e+02,6.000000000000000000e+02,1.000000000000000056e-01,8.000000000000000444e-01,9.281134415000000205e-04,1.789290382000000013e-03
5.700000000000000000e+02,6.000000000000000000e+02,1.000000000000000056e-01,8.000000000000000444e-01,9.617621925000000016e-04,1.854130654000000046e-03
5.900000000000000000e+02,6.000000000000000000e+02,1.000000000000000056e-01,8.000000000000000444e-01,9.954039076000001027e-04,1.918955211999999987e-03
6.100000000000000000e+02,6.000000000000000000e+02,1.000000000000000056e-01,8.000000000000000444e-01,1.029038590999999938e-03,1.983764062000000026e-03
6.300000000000000000e+02,6.000000000000000000e+02,1.000000000000000056e-01,8.000000000000000444e-01,1.062666245999999972e-03,2.048557210999999920e-03
6.500000000000000000e+02,6.000000000000000000e+02,1.000000000000000056e-01,8.000000000000000444e-01,1.096286877000000100e-03,2.113334666000000073e-03
6.700000000000000000e+02,6.000000000000000000e+02,1.000000000000000056e-01,8.000000000000000444e-01,1.129900489000000086e-03,2.178096432000000034e-03
6.900000000000000000e+02,6.000000000000000000e+02,1.000000000000000056e-01,8.000000000000000444e-01,1.163507083999999921e-03,2.242842516000000206e-03
7.100000000000000000e+02,6.000000000000000000e+02,1.000000000000000056e-01,8.000000000000000444e-01,1.197106668000000014e-03,2.307572924000000133e-03
7.300000000000000000e+02,6.000000000000000000e+02,1.000000000000000056e-01,8.000000000000000444e-01,1.230699242999999925e-03,2.372287664000000216e-03
7.500000000000000000e+02,6.000000000000000000e+02,1.000000000000000056e-01,8.000000000000000444e-01,1.264284815000000064e-03,2.436986740000000005e-03
7.700000000000000000e+02,6.000000000000000000e+02,1.000000000000000056e-01,8.000000000000000444e-01,1.297863386999999983e-03,2.501670160999999899e-03
7.900000000000000000e+02,6.000000000000000000e+02,1.000000000000000056e-01,8.000000000000000444e-01,1.331434963000000101e-03,2.566337930999999881e-03
8.100000000000000000e+02,6.000000000000000000e+02,1.000000000000000056e-01,8.000000000000000444e-01,1.364999546999999969e-03,2.630990057999999920e-03
8.300000000000000000e+02,6.000000000000000000e+02,1.000000000000000056e-01,8.000000000000000444e-01,1.398557144000000000e-03,2.695626547999999990e-03
8.500000000000000000e+02,6.000000000000000000e+02,1.000000000000000056e-01,8.000000000000000444e-01,1.432107755999999970e-03,2.760247407000000069e-03
8.700000000000000000e+02,6.000000000000000000e+02,1.000000000000000056e-01,8.000000000000000444e-01,1.465651388000000074e-03,2.824852642000000129e-03
8.900000000000000000e+02,6.000000000000000000e+02,1.000000000000000056e-01,8.000000000000000444e-01,1.499188044000000081e-03,2.889442259000000145e-03
9.100000000000000000e+02,6.000000000000000000e+02,1.000000000000000056e-01,8.000000000000000444e-01,1.532717728999999970e-03,2.954016264000000093e-03
9.300000000000000000e+02,6.000000000000000000e+02,1.000000000000000056e-01,8.000000000000000444e-01,1.566240444999999950e-03,3.018574664999999942e-03
9.500000000000000000e+02,6.000000000000000000e+02,1.000000000000000056e-01,8.000000000000000444e-01,1.599756197000000001e-03,3.083117466000000109e-03
9.700000000000000000e+02,6.000000000000000000e+02,1.000000000000000056e-01,8.000000000000000444e-01,1.633264989000000108e-03,3.147644675000000128e-03
9.900000000000000000e+02,6.000000000000000000e+02,1.000000000000000056e-01,8.000000000000000444e-01,1.666766825000000037e-03,3.212156297999999976e-03
1.000000000000000000e+02,6.000000000000000000e+02,1.000000000000000056e-01,8.000000000000000444e-01,1.691476944000000102e-04,3.262158826000000089e-04
3.000000000000000000e+02,6.000000000000000000e+02,1.000000000000000056e-01,8.000000000000000444e-01,5.069087507000000258e-04,9.774584694000000486e-04
5.000000000000000000e+02,6.000000000000000000e+02,1.000000000000000056e-01,8.000000000000000444e-01,8.439607551000000412e-04,1.627120909999999962e-03
7.000000000000000000e+02,6.000000000000000000e+02,1.000000000000000056e-01,8.000000000000000444e-01,1.180307752000000045e-03,2.275209679000000148e-03
9.000000000000000000e+02,6.000000000000000000e+02,1.000000000000000056e-01,8.000000000000000444e-01,1.515953758000000012e-03,2.921731212999999910e-03
1.100000000000000000e+03,6.000000000000000000e+02,1.000000000000000056e-01,8.000000000000000444e-01,1.850902758999999976e-03,3.566691908000000147e-03
1.300000000000000000e+03,6.000000000000000000e+02,1.000000000000000056e-01,8.000000000000000444e-01,2.185158715000000158e-03,4.210098124000000164e-03
1.500000000000000000e+03,6.000000000000000000e+02,1.000000000000000056e-01,8.000000000000000444e-01,2.518725556999999813e-03,4.851956180999999861e-03
1.700000000000000000e+03,6.000000000000000000e+02,1.000000000000000056e-01,8.000000000000000444e-01,2.851607188000000043e-03,5.492272359999999728e-03
1.900000000000000000e+03,6.000000000000000000e+02,1.000000000000000056e-01,8.000000000000000444e-01,3.183807482000000112e-03,6.131052906999999962e-03
2.100000000000000000e+03,6.000000000000000000e+02,1.000000000000000056e-01,8.000000000000000444e-01,3.515330288999999817e-03,6.768304028999999611e-03
2.300000000000000000e+03,6.000000000000000000e+02,1.000000000000000056e-01,8.000000000000000444e-01,3.846179428999999938e-03,7.404031896000000043e-03
2.500000000000000000e+03,6.000000000000000000e+02,1.000000000000000056e-01,8.000000000000000444e-01,4.176358695999999628e-03,8.038242641000000605e-03
2.700000000000000000e+03,6.000000000000000000e+02,1.000000000000000056e-01,8.000000000000000444e-01,4.505871857999999876e-03,8.670942363000000777e-03
2.900000000000000000e+03,6.000000000000000000e+02,1.000000000000000056e-01,8.000000000000000444e-01,4.834722653999999620e-03,9.302137121000000203e-03
3.100000000000000000e+03,6.000000000000000000e+02,1.000000000000000056e-01,8.000000000000000444e-01,5.162914799999999624e-03,9.931832942000000386e-03
3.300000000000000000e+03,6.000000000000000000e+02,1.000000000000000056e-01,8.000000000000000444e-01,5.490451983000000334e-03,1.056003580999999997e-02
3.500000000000000000e+03,6.000000000000000000e+02,1.000000000000000056e-01,8.000000000000000444e-01,5.817337867000000121e-03,1.118675168999999983e-02
3.700000000000000000e+03,6.000000000000000000e+02,1.000000000000000056e-01,8.000000000000000444e-01,6.143576086999999637e-03,1.181198649000000066e-02
3.900000000000000000e+03,6.000000000000000000e+02,1.000000000000000056e-01,8.000000000000000444e-01,6.469170253999999634e-03,1.243574610000000059e-02
4.100000000000000000e+03,6.000000000000000000e+02,1.000000000000000056e-01,8.000000000000000444e-01,6.794123955999999652e-03,1.305803636999999968e-02
4.300000000000000000e+03,6.000000000000000000e+02,1.000000000000000056e-01,8.000000000000000444e-01,7.118440753000000211e-03,1.367886312000000069e-02
4.500000000000000000e+03,6.000000000000000000e+02,1.000000000000000056e-01,8.000000000000000444e-01,7.442124179999999763e-03,1.429823212000000052e-02
4.700000000000000000e+03,6.000000000000000000e+02,1.000000000000000056e-01,8.000000000000000444e-01,7.765177750000000316e-03,1.491614911999999959e-02
4.900000000000000000e+03,6.000000000000000000e+02,1.000000000000000056e-01,8.000000000000000444e-01,8.087604947999999655e-03,1.553261985000000019e-02
5.100000000000000000e+03,6.000000000000000000e+02,1.000000000000000056e-01,8.000000000000000444e-01,8.409409238999999980e-03,1.614764997000000049e-02
5.300000000000000000e+03,6.000000000000000000e+02,1.000000000000000056e-01,8.000000000000000444e-01,8.730594059000000573e-03,1.676124513999999871e-02
5.500000000000000000e+03,6.000000000000000000e+02,1.000000000000000056e-01,8.000000000000000444e-01,9.051162823999999926e-03,1.737341098000000014e-02
5.700000000000000000e+03,6.000000000000000000e+02,1.000000000000000056e-01,8.000000000000000444e-01,9.371118924999999669e-03,1.798415307000000157e-02
5.900000000000000000e+03,6.000000000000000000e+02,1.000000000000000056e-01,8.000000000000000444e-01,9.690465727999999362e-03,1.859347696000000077e-02
6.100000000000000000e+03,6.000000000000000000e+02,1.000000000000000056e-01,8.000000000000000444e-01,1.000920658000000081e-02,1.920138815999999915e-02
6.300000000000000000e+03,6.000000000000000000e+02,1.000000000000000056e-01,8.000000000000000444e-01,1.032734480000000073e-02,1.980789218000000157e-02
6.500000000000000000e+03,6.000000000000000000e+02,1.000000000000000056e-01,8.000000000000000444e-01,1.064488367999999983e-02,2.041299446000000017e-02
6.700000000000000000e+03,6.000000000000000000e+02,1.000000000000000056e-01,8.000000000000000444e-01,1.096182650999999973e-02,2.101670041999999933e-02
6.900000000000000000e+03,6.000000000000000000e+02,1.000000000000000056e-01,8.000000000000000444e-01,1.127817652000000052e-02,2.161901546999999910e-02
7.100000000000000000e+03,6.000000000000000000e+02,1.000000000000000056e-01,8.000000000000000444e-01,1.159393696999999959e-02,2.221994496999999888e-02
7.300000000000000000e+03,6.000000000000000000e+02,1.000000000000000056e-01,8.000000000000000444e-01,1.190911103999999984e-02,2.281949424999999906e-02
7.500000000000000000e+03,6.000000000000000000e+02,1.000000000000000056e-01,8.000000000000000444e-01,1.222370193000000063e-02,2.341766861000000102e-02
7.700000000000000000e+03,6.000000000000000000e+02,1.000000000000000056e-01,8.000000000000000444e-01,1.253771279999999974e-02,2.401447333000000101e-02
7.900000000000000000e+03,6.000000000000000000e+02,1.000000000000000056e-01,8.000000000000000444e-01,1.285114679000000024e-02,2.460991364000000153e-02
8.100000000000000000e+03,6.000000000000000000e+02,1.000000000000000056e-01,8.000000000000000444e-01,1.316400702999999915e-02,2.520399477999999902e-02
8.300000000000000000e+03,6.000000000000000000e+02,1.000000000000000056e-01,8.000000000000000444e-01,1.347629661000000062e-02,2.579672191000000059e-02
8.500000000000000000e+03,6.000000000000000000e+02,1.000000000000000056e-01,8.000000000000000444e-01,1.378801860999999927e-02,2.638810018999999951e-02
8.700000000000000000e+03,6.000000000000000000e+02,1.000000000000000056e-01,8.000000000000000444e-01,1.409917609000000023e-02,2.697813475000000044e-02
8.900000000000000000e+03,6.000000000000000000e+02,1.000000000000000056e-01,8.000000000000000444e-01,1.440977207999999919e-02,2.756683068999999861e-02
9.100000000000000000e+03,6.000000000000000000e+02,1.000000000000000056e-01,8.000000000000000444e-01,1.471980959000000061e-02,2.815419308000000065e-02
9.300000000000000000e+03,6.000000000000000000e+02,1.000000000000000056e-01,8.000000000000000444e-01,1.502929163999999936e-02,2.874022694999999947e-02
9.500000000000000000e+03,6.000000000000000000e+02,1.000000000000000056e-01,8.000000000000000444e-01,1.533822116999999929e-02,2.932493732999999839e-02
9.700000000000000000e+03,6.000000000000000000e+02,1.000000000000000056e-01,8.000000000000000444e-01,1.564660115999999893e-02,2.990832918999999923e-02
9.900000000000000000e+03,6.000000000000000000e+02,1.000000000000000056e-01,8.000000000000000444e-01,1.595443452999999873e-02,3.049040750000000036e-02
1.000000000000000000e+03,6.000000000000000000e+02,1.000000000000000056e-01,8.000000000000000444e-01,1.683515135999999902e-03,3.244406266999999826e-03
3.000000000000000000e+03,6.000000000000000000e+02,1.000000000000000056e-01,8.000000000000000444e-01,4.998900827000000296e-03,9.617172024000000125e-03
5.000000000000000000e+03,6.000000000000000000e+02,1.000000000000000056e-01,8.000000000000000444e-01,8.248584741999999415e-03,1.584031463000000126e-02
7.000000000000000000e+03,6.000000000000000000e+02,1.000000000000000056e-01,8.000000000000000444e-01,1.143613023999999999e-02,2.191965308000000043e-02
9.000000000000000000e+03,6.000000000000000000e+02,1.000000000000000056e-01,8.000000000000000444e-01,1.456486046000000055e-02,2.786067826000000053e-02
1.100000000000000000e+04,6.000000000000000000e+02,1.000000000000000056e-01,8.000000000000000444e-01,1.763787653999999983e-02,3.366857733999999852e-02
1.300000000000000000e+04,6.000000000000000000e+02,1.000000000000000056e-01,8.000000000000000444e-01,2.065807433999999887e-02,3.934825598000000341e-02
1.500000000000000000e+04,6.000000000000000000e+02,1.000000000000000056e-01,8.000000000000000444e-01,2.362815964000000019e-02,4.490435855000000226e-02
1.700000000000000000e+04,6.000000000000000000e+02,1.000000000000000056e-01,8.000000000000000444e-01,2.655066211000000134e-02,5.034128657999999840e-02
1.900000000000000000e+04,6.000000000000000000e+02,1.000000000000000056e-01,8.000000000000000444e-01,2.942794810000000025e-02,5.566321560999999696e-02
2.100000000000000000e+04,6.000000000000000000e+02,1.000000000000000056e-01,8.000000000000000444e-01,3.226223235000000300e-02,6.087411062999999872e-02
2.300000000000000000e+04,6.000000000000000000e+02,1.000000000000000056e-01,8.000000000000000444e-01,3.505558872999999659e-02,6.597774022999999821e-02
2.500000000000000000e+04,6.000000000000000000e+02,1.000000000000000056e-01,8.000000000000000444e-01,3.780996015000000210e-02,7.097768948999999550e-02
2.700000000000000000e+04,6.000000000000000000e+02,1.000000000000000056e-01,8.000000000000000444e-01,4.052716761999999862e-02,7.587737196999999600e-02
2.900000000000000000e+04,6.000000000000000000e+02,1.000000000000000056e-01,8.000000000000000444e-01,4.320891865999999804e-02,8.068004061000000338e-02
3.100000000000000000e+04,6.000000000000000000e+02,1.000000000000000056e-01,8.000000000000000444e-01,4.585681496999999968e-02,8.538879782000000085e-02
3.300000000000000000e+04,6.000000000000000000e+02,1.000000000000000056e-01,8.000000000000000444e-01,4.847235955999999735e-02,9.000660480000000074e-02
3.500000000000000000e+04,6.000000000000000000e+02,1.000000000000000056e-01,8.000000000000000444e-01,5.105696330000000088e-02,9.453629009000000250e-02
3.700000000000000000e+04,6.000000000000000000e+02,1.000000000000000056e-01,8.000000000000000444e-01,5.361195100999999880e-02,9.898055753999999984e-02
3.900000000000000000e+04,6.000000000000000000e+02,1.000000000000000056e-01,8.000000000000000444e-01,5.613856706999999918e-02,1.033419936000000011e-01
4.100000000000000000e+04,6.000000000000000000e+02,1.000000000000000056e-01,8.000000000000000444e-01,5.863798058999999951e-02,1.076230742000000018e-01
4.300000000000000000e+04,6.000000000000000000e+02,1.000000000000000056e-01,8.000000000000000444e-01,6.111129023999999771e-02,1.118261710000000020e-01
4.500000000000000000e+04,6.000000000000000000e+02,1.000000000000000056e-01,8.000000000000000444e-01,6.355952872999999503e-02,1.159535570999999932e-01
4.700000000000000000e+04,6.000000000000000000e+02,1.000000000000000056e-01,8.000000000000000444e-01,6.598366695000000559e-02,1.200074128000000045e-01
4.900000000000000000e+04,6.000000000000000000e+02,1.000000000000000056e-01,8.000000000000000444e-01,6.838461781000000628e-02,1.239898304999999951e-01
5.100000000000000000e+04,6.000000000000000000e+02,1.000000000000000056e-01,8.000000000000000444e-01,7.076323982000000401e-02,1.279028192999999980e-01
5.300000000000000000e+04,6.000000000000000000e+02,1.000000000000000056e-01,8.000000000000000444e-01,7.312034046000000231e-02,1.317483096000000020e-01
5.500000000000000000e+04,6.000000000000000000e+02,1.000000000000000056e-01,8.000000000000000444e-01,7.545667926999999331e-02,1.355281569000000019e-01
5.700000000000000000e+04,6.000000000000000000e+02,1.000000000000000056e-01,8.000000000000000444e-01,7.777297071000000006e-02,1.392441462000000019e-01
5.900000000000000000e+04,6.000000000000000000e+02,1.000000000000000056e-01,8.000000000000000444e-01,8.006988695000000211e-02,1.428979948999999916e-01
6.100000000000000000e+04,6.000000000000000000e+02,1.000000000000000056e-01,8.000000000000000444e-01,8.234806031999999942e-02,1.464913566999999917e-01
6.300000000000000000e+04,6.000000000000000000e+02,1.000000000000000056e-01,8.000000000000000444e-01,8.460808571000000278e-02,1.500258242999999991e-01
6.500000000000000000e+04,6.000000000000000000e+02,1.000000000000000056e-01,8.000000000000000444e-01,8.685052276999999377e-02,1.535029326000000027e-01
6.700000000000000000e+04,6.000000000000000000e+02,1.000000000000000056e-01,8.000000000000000444e-01,8.907589798999999975e-02,1.569241617000000089e-01
6.900000000000000000e+04,6.000000000000000000e+02,1.000000000000000056e-01,8.000000000000000444e-01,9.128470665000000539e-02,1.602909389000000129e-01
7.100000000000000000e+04,6.000000000000000000e+02,1.000000000000000056e-01,8.000000000000000444e-01,9.347741458000000114e-02,1.636046416999999975e-01
7.300000000000000000e+04,6.000000000000000000e+02,1.000000000000000056e-01,8.000000000000000444e-01,9.565445995999999340e-02,1.668665995999999985e-01
7.500000000000000000e+04,6.000000000000000000e+02,1.000000000000000056e-01,8.000000000000000444e-01,9.781625485000000619e-02,1.700780967999999949e-01
7.700000000000000000e+04,6.000000000000000000e+02,1.000000000000000056e-01,8.000000000000000444e-01,9.996318673000000044e-02,1.732403738000000137e-01
7.900000000000000000e+04,6.000000000000000000e+02,1.000000000000000056e-01,8.000000000000000444e-01,1.020956199000000036e-01,1.763546294999999986e-01
8.100000000000000000e+04,6.000000000000000000e+02,1.000000000000000056e-01,8.000000000000000444e-01,1.042138969000000054e-01,1.794220230999999943e-01
8.300000000000000000e+04,6.000000000000000000e+02,1.000000000000000056e-01,8.000000000000000444e-01,1.063183396000000058e-01,1.824436757000000020e-01
8.500000000000000000e+04,6.000000000000000000e+02,1.000000000000000056e-01,8.000000000000000444e-01,1.084092504999999984e-01,1.854206717000000115e-01
8.700000000000000000e+04,6.000000000000000000e+02,1.000000000000000056e-01,8.000000000000000444e-01,1.104869138999999972e-01,1.883540609000000088e-01
8.900000000000000000e+04,6.000000000000000000e+02,1.000000000000000056e-01,8.000000000000000444e-01,1.125515968000000006e-01,1.912448593999999946e-01
9.100000000000000000e+04,6.000000000000000000e+02,1.000000000000000056e-01,8.000000000000000444e-01,1.146035501000000068e-01,1.940940512999999867e-01
9.300000000000000000e+04,6.000000000000000000e+02,1.000000000000000056e-01,8.000000000000000444e-01,1.166430091999999946e-01,1.969025897999999997e-01
9.500000000000000000e+04,6.000000000000000000e+02,1.000000000000000056e-01,8.000000000000000444e-01,1.186701953000000032e-01,1.996713985999999941e-01
9.700000000000000000e+04,6.000000000000000000e+02,1.000000000000000056e-01,8.000000000000000444e-01,1.206853160000000008e-01,2.024013729999999955e-01
9.900000000000000000e+04,6.000000000000000000e+02,1.000000000000000056e-01,8.000000000000000444e-01,1.226885660999999933e-01,2.050933808000000025e-01
1.000000000000000000e+04,6.000000000000000000e+02,1.000000000000000056e-01,8.000000000000000444e-01,1.610814714999999828e-02,3.078095561000000063e-02
3.000000000000000000e+04,6.000000000000000000e+02,1.000000000000000056e-01,8.000000000000000444e-01,4.453700248999999806e-02,8.304596985999999903e-02
5.000000000000000000e+04,6.000000000000000000e+02,1.000000000000000056e-01,8.000000000000000444e-01,6.957666829000000441e-02,1.259548810999999990e-01
7.000000000000000000e+04,6.000000000000000000e+02,1.000000000000000056e-01,8.000000000000000444e-01,9.238304518999999881e-02,1.619543404000000075e-01
9.000000000000000000e+04,6.000000000000000000e+02,1.000000000000000056e-01,8.000000000000000444e-01,1.135791495999999984e-01,1.926745958999999953e-01
1.100000000000000000e+05,6.000000000000000000e+02,1.000000000000000056e-01,8.000000000000000444e-01,1.335018806000000113e-01,2.192571550000000091e-01
1.300000000000000000e+05,6.000000000000000000e+02,1.000000000000000056e-01,8.000000000000000444e-01,1.523312545000000129e-01,2.425305992000000022e-01
1.500000000000000000e+05,6.000000000000000000e+02,1.000000000000000056e-01,8.000000000000000444e-01,1.701626140999999981e-01,2.631127070000000012e-01
1.700000000000000000e+05,6.000000000000000000e+02,1.000000000000000056e-01,8.000000000000000444e-01,1.870484450999999881e-01,2.814737258000000186e-01
1.900000000000000000e+05,6.000000000000000000e+02,1.000000000000000056e-01,8.000000000000000444e-01,2.030225874999999902e-01,2.979776749999999974e-01
2.100000000000000000e+05,6.000000000000000000e+02,1.000000000000000056e-01,8.000000000000000444e-01,2.181136616999999889e-01,3.129104483999999853e-01
2.300000000000000000e+05,6.000000000000000000e+02,1.000000000000000056e-01,8.000000000000000444e-01,2.323517724999999978e-01,3.264995466999999763e-01
2.500000000000000000e+05,6.000000000000000000e+02,1.000000000000000056e-01,8.000000000000000444e-01,2.457711187000000130e-01,3.389282573999999881e-01
2.700000000000000000e+05,6.000000000000000000e+02,1.000000000000000056e-01,8.000000000000000444e-01,2.584102670000000268e-01,3.503460109000000045e-01
2.900000000000000000e+05,6.000000000000000000e+02,1.000000000000000056e-01,8.000000000000000444e-01,2.703112500000000029e-01,3.608760354000000170e-01
3.100000000000000000e+05,6.000000000000000000e+02,1.000000000000000056e-01,8.000000000000000444e-01,2.815182184999999726e-01,3.706210654000000049e-01
3.300000000000000000e+05,6.000000000000000000e+02,1.000000000000000056e-01,8.000000000000000444e-01,2.920760680999999748e-01,3.796676326999999795e-01
3.500000000000000000e+05,6.000000000000000000e+02,1.000000000000000056e-01,8.000000000000000444e-01,3.020292526999999727e-01,3.880893174000000223e-01
3.700000000000000000e+05,6.000000000000000000e+02,1.000000000000000056e-01,8.000000000000000444e-01,3.114208649999999912e-01,3.959492311000000209e-01
3.900000000000000000e+05,6.000000000000000000e+02,1.000000000000000056e-01,8.000000000000000444e-01,3.202919897000000016e-01,4.033019315999999965e-01
4.100000000000000000e+05,6.000000000000000000e+02,1.000000000000000056e-01,8.000000000000000444e-01,3.286812966000000058e-01,4.101949134999999802e-01
4.300000000000000000e+05,6.000000000000000000e+02,1.000000000000000056e-01,8.000000000000000444e-01,3.366248262000000047e-01,4.166697808000000003e-01
4.500000000000000000e+05,6.000000000000000000e+02,1.000000000000000056e-01,8.000000000000000444e-01,3.441559224999999889e-01,4.227631800000000162e-01
4.700000000000000000e+05,6.000000000000000000e+02,1.000000000000000056e-01,8.000000000000000444e-01,3.513052676000000263e-01,4.285075503999999924e-01
4.900000000000000000e+05,6.000000000000000000e+02,1.000000000000000056e-01,8.000000000000000444e-01,3.581009867000000124e-01,4.339317334000000193e-01
5.100000000000000000e+05,6.000000000000000000e+02,1.000000000000000056e-01,8.000000000000000444e-01,3.645687941999999904e-01,4.390614729999999799e-01
5.300000000000000000e+05,6.000000000000000000e+02,1.000000000000000056e-01,8.000000000000000444e-01,3.707321635999999976e-01,4.439198305000000011e-01
5.500000000000000000e+05,6.000000000000000000e+02,1.000000000000000056e-01,8.000000000000000444e-01,3.766125060000000135e-01,4.485275309999999793e-01
5.700000000000000000e+05,6.000000000000000000e+02,1.000000000000000056e-01,8.000000000000000444e-01,3.822293481999999853e-01,4.529032555999999987e-01
5.900000000000000000e+05,6.000000000000000000e+02,1.000000000000000056e-01,8.000000000000000444e-01,3.876005043999999899e-01,4.570638890000000010e-01
6.100000000000000000e+05,6.000000000000000000e+02,1.000000000000000056e-01,8.000000000000000444e-01,3.927422380000000213e-01,4.610247310000000209e-01
6.300000000000000000e+05,6.000000000000000000e+02,1.000000000000000056e-01,8.000000000000000444e-01,3.976694114000000058e-01,4.647996782000000104e-01
6.500000000000000000e+05,6.000000000000000000e+02,1.000000000000000056e-01,8.000000000000000444e-01,4.023956234000000132e-01,4.684013810000000055e-01
6.700000000000000000e+05,6.000000000000000000e+02,1.000000000000000056e-01,8.000000000000000444e-01,4.069333333999999858e-01,4.718413793999999828e-01
6.900000000000000000e+05,6.000000000000000000e+02,1.000000000000000056e-01,8.000000000000000444e-01,4.112939744999999925e-01,4.751302215000000051e-01
7.100000000000000000e+05,6.000000000000000000e+02,1.000000000000000056e-01,8.000000000000000444e-01,4.154880534000000014e-01,4.782775673999999921e-01
7.300000000000000000e+05,6.000000000000000000e+02,1.000000000000000056e-01,8.000000000000000444e-01,4.195252419000000121e-01,4.812922793000000143e-01
7.500000000000000000e+05,6.000000000000000000e+02,1.000000000000000056e-01,8.000000000000000444e-01,4.234144570000000218e-01,4.841825021000000229e-01
7.700000000000000000e+05,6.000000000000000000e+02,1.000000000000000056e-01,8.000000000000000444e-01,4.271639334999999815e-01,4.869557334999999876e-01
7.900000000000000000e+05,6.000000000000000000e+02,1.000000000000000056e-01,8.000000000000000444e-01,4.307812885000000258e-01,4.896188865000000168e-01
8.100000000000000000e+05,6.000000000000000000e+02,1.000000000000000056e-01,8.000000000000000444e-01,4.342735784999999793e-01,4.921783449000000088e-01
8.300000000000000000e+05,6.000000000000000000e+02,1.000000000000000056e-01,8.000000000000000444e-01,4.376473511000000260e-01,4.946400123999999954e-01
8.500000000000000000e+05,6.000000000000000000e+02,1.000000000000000056e-01,8.000000000000000444e-01,4.409086910000000192e-01,4.970093566000000074e-01
8.700000000000000000e+05,6.000000000000000000e+02,1.000000000000000056e-01,8.000000000000000444e-01,4.440632607000000176e-01,4.992914480000000266e-01
8.900000000000000000e+05,6.000000000000000000e+02,1.000000000000000056e-01,8.000000000000000444e-01,4.471163377999999855e-01,5.014909950999999477e-01
9.100000000000000000e+05,6.000000000000000000e+02,1.000000000000000056e-01,8.000000000000000444e-01,4.500728473999999757e-01,5.036123759999999727e-01
9.300000000000000000e+05,6.000000000000000000e+02,1.000000000000000056e-01,8.000000000000000444e-01,4.529373923000000191e-01,5.056596666999999545e-01
9.500000000000000000e+05,6.000000000000000000e+02,1.000000000000000056e-01,8.000000000000000444e-01,4.557142794999999857e-01,5.076366662000000307e-01
9.700000000000000000e+05,6.000000000000000000e+02,1.000000000000000056e-01,8.000000000000000444e-01,4.584075440000000001e-01,5.095469196999999895e-01
9.900000000000000000e+05,6.000000000000000000e+02,1.000000000000000056e-01,8.000000000000000444e-01,4.610209706999999768e-01,5.113937393999999914e-01
1.000000000000000000e+05,6.000000000000000000e+02,1.000000000000000056e-01,8.000000000000000444e-01,1.236857972999999972e-01,2.064254114000000084e-01
3.000000000000000000e+05,6.000000000000000000e+02,1.000000000000000056e-01,8.000000000000000444e-01,2.759986823999999728e-01,3.658409291999999979e-01
5.000000000000000000e+05,6.000000000000000000e+02,1.000000000000000056e-01,8.000000000000000444e-01,3.613743617999999880e-01,4.365319087999999792e-01
7.000000000000000000e+05,6.000000000000000000e+02,1.000000000000000056e-01,8.000000000000000444e-01,4.134112111000000089e-01,4.767210098999999923e-01
9.000000000000000000e+05,6.000000000000000000e+02,1.000000000000000056e-01,8.000000000000000444e-01,4.486063686000000272e-01,5.025611948000000551e-01
1.100000000000000000e+06,6.000000000000000000e+02,1.000000000000000056e-01,8.000000000000000444e-01,4.741164025999999865e-01,5.205463849000000476e-01
1.300000000000000000e+06,6.000000000000000000e+02,1.000000000000000056e-01,8.000000000000000444e-01,4.934943866000000012e-01,5.337786182000000546e-01
1.500000000000000000e+06,6.000000000000000000e+02,1.000000000000000056e-01,8.000000000000000444e-01,5.087263883000000542e-01,5.439200100000000093e-01
1.700000000000000000e+06,6.000000000000000000e+02,1.000000000000000056e-01,8.000000000000000444e-01,5.210185625000000043e-01,5.519395526000000496e-01
1.900000000000000000e+06,6.000000000000000000e+02,1.000000000000000056e-01,8.000000000000000444e-01,5.311486530000000261e-01,5.584398130000000071e-01
2.100000000000000000e+06,6.000000000000000000e+02,1.000000000000000056e-01,8.000000000000000444e-01,5.396416236000000088e-01,5.638150320999999465e-01
2.300000000000000000e+06,6.000000000000000000e+02,1.000000000000000056e-01,8.000000000000000444e-01,5.468649569000000321e-01,5.683339455000000484e-01
2.500000000000000000e+06,6.000000000000000000e+02,1.000000000000000056e-01,8.000000000000000444e-01,5.530837036000000317e-01,5.721860277000000439e-01
2.700000000000000000e+06,6.000000000000000000e+02,1.000000000000000056e-01,8.000000000000000444e-01,5.584938930999999718e-01,5.755087008000000504e-01
2.900000000000000000e+06,6.000000000000000000e+02,1.000000000000000056e-01,8.000000000000000444e-01,5.632436457999999702e-01,5.784040576000000211e-01
3.100000000000000000e+06,6.000000000000000000e+02,1.000000000000000056e-01,8.000000000000000444e-01,5.674469745000000342e-01,5.809495281000000011e-01
3.300000000000000000e+06,6.000000000000000000e+02,1.000000000000000056e-01,8.000000000000000444e-01,5.711930714999999825e-01,5.832049021999999860e-01
3.500000000000000000e+06,6.000000000000000000e+02,1.000000000000000056e-01,8.000000000000000444e-01,5.745527160000000189e-01,5.852170822000000161e-01
3.700000000000000000e+06,6.000000000000000000e+02,1.000000000000000056e-01,8.000000000000000444e-01,5.775827932999999526e-01,5.870233773999999904e-01
3.900000000000000000e+06,6.000000000000000000e+02,1.000000000000000056e-01,8.000000000000000444e-01,5.803295451000000105e-01,5.886538369999999576e-01
4.100000000000000000e+06,6.000000000000000000e+02,1.000000000000000056e-01,8.000000000000000444e-01,5.828309476999999905e-01,5.901329346000000475e-01
4.300000000000000000e+06,6.000000000000000000e+02,1.000000000000000056e-01,8.000000000000000444e-01,5.851184804000000295e-01,5.914808034999999853e-01
4.500000000000000000e+06,6.000000000000000000e+02,1.000000000000000056e-01,8.000000000000000444e-01,5.872184574000000046e-01,5.927141583999999686e-01
4.700000000000000000e+06,6.000000000000000000e+02,1.000000000000000056e-01,8.000000000000000444e-01,5.891530457000000442e-01,5.938469910000000462e-01
4.900000000000000000e+06,6.000000000000000000e+02,1.000000000000000056e-01,8.000000000000000444e-01,5.909410514999999808e-01,5.948911032999999460e-01
5.100000000000000000e+06,6.000000000000000000e+02,1.000000000000000056e-01,8.000000000000000444e-01,5.925985334000000160e-01,5.958565192000000454e-01
5.300000000000000000e+06,6.000000000000000000e+02,1.000000000000000056e-01,8.000000000000000444e-01,5.941392868000000549e-01,5.967518077000000254e-01
5.500000000000000000e+06,6.000000000000000000e+02,1.000000000000000056e-01,8.000000000000000444e-01,5.955752290000000393e-01,5.975843375999999596e-01
5.700000000000000000e+06,6.000000000000000000e+02,1.000000000000000056e-01,8.000000000000000444e-01,5.969167083999999956e-01,5.983604799999999724e-01
5.900000000000000000e+06,6.000000000000000000e+02,1.000000000000000056e-01,8.000000000000000444e-01,5.981727542000000453e-01,5.990857722000000329e-01
6.100000000000000000e+06,6.000000000000000000e+02,1.000000000000000056e-01,8.000000000000000444e-01,5.993512802999999556e-01,5.997650494999999804e-01
6.300000000000000000e+06,6.000000000000000000e+02,1.000000000000000056e-01,8.000000000000000444e-01,6.004592524999999847e-01,6.004025530000000055e-01
6.500000000000000000e+06,6.000000000000000000e+02,1.000000000000000056e-01,8.000000000000000444e-01,6.015028260000000460e-01,6.010020184000000043e-01
6.700000000000000000e+06,6.000000000000000000e+02,1.000000000000000056e-01,8.000000000000000444e-01,6.024874602999999995e-01,6.015667486000000341e-01
6.900000000000000000e+06,6.000000000000000000e+02,1.000000000000000056e-01,8.000000000000000444e-01,6.034180145999999967e-01,6.020996752999999702e-01
7.100000000000000000e+06,6.000000000000000000e+02,1.000000000000000056e-01,8.000000000000000444e-01,6.042988281000000184e-01,6.026034090999999870e-01
7.300000000000000000e+06,6.000000000000000000e+02,1.000000000000000056e-01,8.000000000000000444e-01,6.051337880999999586e-01,6.030802825000000089e-01
7.500000000000000000e+06,6.000000000000000000e+02,1.000000000000000056e-01,8.000000000000000444e-01,6.059263867999999942e-01,6.035323862000000483e-01
7.700000000000000000e+06,6.000000000000000000e+02,1.000000000000000056e-01,8.000000000000000444e-01,6.066797706000000012e-01,6.039615994000000487e-01
7.900000000000000000e+06,6.000000000000000000e+02,1.000000000000000056e-01,8.000000000000000444e-01,6.073967818000000074e-01,6.043696158000000374e-01
8.100000000000000000e+06,6.000000000000000000e+02,1.000000000000000056e-01,8.000000000000000444e-01,6.080799944000000457e-01,6.047579660999999884e-01
8.300000000000000000e+06,6.000000000000000000e+02,1.000000000000000056e-01,8.000000000000000444e-01,6.087317451999999518e-01,6.051280372999999768e-01
8.500000000000000000e+06,6.000000000000000000e+02,1.000000000000000056e-01,8.000000000000000444e-01,6.093541603000000029e-01,6.054810886999999475e-01
8.700000000000000000e+06,6.000000000000000000e+02,1.000000000000000056e-01,8.000000000000000444e-01,6.099491784999999666e-01,6.058182667999999493e-01
8.900000000000000000e+06,6.000000000000000000e+02,1.000000000000000056e-01,8.000000000000000444e-01,6.105185711999999709e-01,6.061406172000000092e-01
9.100000000000000000e+06,6.000000000000000000e+02,1.000000000000000056e-01,8.000000000000000444e-01,6.110639606000000112e-01,6.064490957999999488e-01
9.300000000000000000e+06,6.000000000000000000e+02,1.000000000000000056e-01,8.000000000000000444e-01,6.115868346999999705e-01,6.067445781000000427e-01
9.500000000000000000e+06,6.000000000000000000e+02,1.000000000000000056e-01,8.000000000000000444e-01,6.120885606999999506e-01,6.070278672000000153e-01
9.700000000000000000e+06,6.000000000000000000e+02,1.000000000000000056e-01,8.000000000000000444e-01,6.125703975999999829e-01,6.072997018000000358e-01
9.900000000000000000e+06,6.000000000000000000e+02,1.000000000000000056e-01,8.000000000000000444e-01,6.130335062999999751e-01,6.075607617999999599e-01
1.000000000000000000e+06,6.000000000000000000e+02,1.000000000000000056e-01,8.000000000000000444e-01,4.622988640999999843e-01,5.122943373999999661e-01
3.000000000000000000e+06,6.000000000000000000e+02,1.000000000000000056e-01,8.000000000000000444e-01,5.654075430999999652e-01,5.797164425999999926e-01
5.000000000000000000e+06,6.000000000000000000e+02,1.000000000000000056e-01,8.000000000000000444e-01,5.917851976000000347e-01,5.953830818999999996e-01
7.000000000000000000e+06,6.000000000000000000e+02,1.000000000000000056e-01,8.000000000000000444e-01,6.038643861000000390e-01,6.023550394000000141e-01
9.000000000000000000e+06,6.000000000000000000e+02,1.000000000000000056e-01,8.000000000000000444e-01,6.107941703999999472e-01,6.062965340000000536e-01
1.100000000000000000e+07,6.000000000000000000e+02,1.000000000000000056e-01,8.000000000000000444e-01,6.152899629000000425e-01,6.088297758999999809e-01
1.300000000000000000e+07,6.000000000000000000e+02,1.000000000000000056e-01,8.000000000000000444e-01,6.184432639000000398e-01,6.105945581999999705e-01
1.500000000000000000e+07,6.000000000000000000e+02,1.000000000000000056e-01,8.000000000000000444e-01,6.207777454999999778e-01,6.118941393000000284e-01
1.700000000000000000e+07,6.000000000000000000e+02,1.000000000000000056e-01,8.000000000000000444e-01,6.225760178999999450e-01,6.128907904000000517e-01
1.900000000000000000e+07,6.000000000000000000e+02,1.000000000000000056e-01,8.000000000000000444e-01,6.240040310000000146e-01,6.136791915999999514e-01
2.100000000000000000e+07,6.000000000000000000e+02,1.000000000000000056e-01,8.000000000000000444e-01,6.251656428999999848e-01,6.143183020000000383e-01
2.300000000000000000e+07,6.000000000000000000e+02,1.000000000000000056e-01,8.000000000000000444e-01,6.261291787999999636e-01,6.148467522999999657e-01
2.500000000000000000e+07,6.000000000000000000e+02,1.000000000000000056e-01,8.000000000000000444e-01,6.269414313000000183e-01,6.152909091999999580e-01
2.700000000000000000e+07,6.000000000000000000e+02,1.000000000000000056e-01,8.000000000000000444e-01,6.276355240000000002e-01,6.156693839000000334e-01
2.900000000000000000e+07,6.000000000000000000e+02,1.000000000000000056e-01,8.000000000000000444e-01,6.282355643000000489e-01,6.159956876000000081e-01
3.100000000000000000e+07,6.000000000000000000e+02,1.000000000000000056e-01,8.000000000000000444e-01,6.287595153999999686e-01,6.162798661999999705e-01
3.300000000000000000e+07,6.000000000000000000e+02,1.000000000000000056e-01,8.000000000000000444e-01,6.292210375000000244e-01,6.165295437000000156e-01
3.500000000000000000e+07,6.000000000000000000e+02,1.000000000000000056e-01,8.000000000000000444e-01,6.296307035000000552e-01,6.167506108000000431e-01
3.700000000000000000e+07,6.000000000000000000e+02,1.000000000000000056e-01,8.000000000000000444e-01,6.299968245999999494e-01,6.169476906999999954e-01
3.900000000000000000e+07,6.000000000000000000e+02,1.000000000000000056e-01,8.000000000000000444e-01,6.303260244999999706e-01,6.171244622999999541e-01
4.100000000000000000e+07,6.000000000000000000e+02,1.000000000000000056e-01,8.000000000000000444e-01,6.306236476000000035e-01,6.172838897000000324e-01
4.300000000000000000e+07,6.000000000000000000e+02,1.000000000000000056e-01,8.000000000000000444e-01,6.308940529000000019e-01,6.174283876999999698e-01
4.500000000000000000e+07,6.000000000000000000e+02,1.000000000000000056e-01,8.000000000000000444e-01,6.311408319000000322e-01,6.175599431999999611e-01
4.700000000000000000e+07,6.000000000000000000e+02,1.000000000000000056e-01,8.000000000000000444e-01,6.313669699999999718e-01,6.176802060999999622e-01
4.900000000000000000e+07,6.000000000000000000e+02,1.000000000000000056e-01,8.000000000000000444e-01,6.315749696000000357e-01,6.177905576000000121e-01
5.100000000000000000e+07,6.000000000000000000e+02,1.000000000000000056e-01,8.000000000000000444e-01,6.317669436999999721e-01,6.178921630000000498e-01
5.300000000000000000e+07,6.000000000000000000e+02,1.000000000000000056e-01,8.000000000000000444e-01,6.319446888999999956e-01,6.179860121000000373e-01
5.500000000000000000e+07,6.000000000000000000e+02,1.000000000000000056e-01,8.000000000000000444e-01,6.321097425999999686e-01,6.180729509000000288e-01
5.700000000000000000e+07,6.000000000000000000e+02,1.000000000000000056e-01,8.000000000000000444e-01,6.322634281000000245e-01,6.181537070999999495e-01
5.900000000000000000e+07,6.000000000000000000e+02,1.000000000000000056e-01,8.000000000000000444e-01,6.324068908000000100e-01,6.182289098000000038e-01
6.100000000000000000e+07,6.000000000000000000e+02,1.000000000000000056e-01,8.000000000000000444e-01,6.325411266999999560e-01,6.182991057000000179e-01
6.300000000000000000e+07,6.000000000000000000e+02,1.000000000000000056e-01,8.000000000000000444e-01,6.326670064999999621e-01,6.183647722999999763e-01
6.500000000000000000e+07,6.000000000000000000e+02,1.000000000000000056e-01,8.000000000000000444e-01,6.327852943999999757e-01,6.184263282999999944e-01
6.700000000000000000e+07,6.000000000000000000e+02,1.000000000000000056e-01,8.000000000000000444e-01,6.328966639999999977e-01,6.184841425999999531e-01
6.900000000000000000e+07,6.000000000000000000e+02,1.000000000000000056e-01,8.000000000000000444e-01,6.330017113999999445e-01,6.185385410999999500e-01
7.100000000000000000e+07,6.000000000000000000e+02,1.000000000000000056e-01,8.000000000000000444e-01,6.331009658999999790e-01,6.185898132999999577e-01
7.300000000000000000e+07,6.000000000000000000e+02,1.000000000000000056e-01,8.000000000000000444e-01,6.331948993999999553e-01,6.186382167999999737e-01
7.500000000000000000e+07,6.000000000000000000e+02,1.000000000000000056e-01,8.000000000000000444e-01,6.332839335000000069e-01,6.186839817999999491e-01
7.700000000000000000e+07,6.000000000000000000e+02,1.000000000000000056e-01,8.000000000000000444e-01,6.333684465000000152e-01,6.187273145999999668e-01
7.900000000000000000e+07,6.000000000000000000e+02,1.000000000000000056e-01,8.000000000000000444e-01,6.334487787000000480e-01,6.187684006000000458e-01
8.100000000000000000e+07,6.000000000000000000e+02,1.000000000000000056e-01,8.000000000000000444e-01,6.335252367999999468e-01,6.188074068000000150e-01
8.300000000000000000e+07,6.000000000000000000e+02,1.000000000000000056e-01,8.000000000000000444e-01,6.335980983000000233e-01,6.188444842000000445e-01
8.500000000000000000e+07,6.000000000000000000e+02,1.000000000000000056e-01,8.000000000000000444e-01,6.336676146999999926e-01,6.188797697000000264e-01
8.700000000000000000e+07,6.000000000000000000e+02,1.000000000000000056e-01,8.000000000000000444e-01,6.337340144999999980e-01,6.189133871999999981e-01
8.900000000000000000e+07,6.000000000000000000e+02,1.000000000000000056e-01,8.000000000000000444e-01,6.337975058999999467e-01,6.189454500000000081e-01
9.100000000000000000e+07,6.000000000000000000e+02,1.000000000000000056e-01,8.000000000000000444e-01,6.338582786999999996e-01,6.189760609000000136e-01
9.300000000000000000e+07,6.000000000000000000e+02,1.000000000000000056e-01,8.000000000000000444e-01,6.339165066999999931e-01,6.190053143000000535e-01
9.500000000000000000e+07,6.000000000000000000e+02,1.000000000000000056e-01,8.000000000000000444e-01,6.339723489999999906e-01,6.190332963000000355e-01
9.700000000000000000e+07,6.000000000000000000e+02,1.000000000000000056e-01,8.000000000000000444e-01,6.340259517999999872e-01,6.190600859999999539e-01
9.900000000000000000e+07,6.000000000000000000e+02,1.000000000000000056e-01,8.000000000000000444e-01,6.340774493999999928e-01,6.190857562999999564e-01
1.000000000000000000e+07,6.000000000000000000e+02,1.000000000000000056e-01,8.000000000000000444e-01,6.132583758999999857e-01,6.076874492999999600e-01
3.000000000000000000e+07,6.000000000000000000e+02,1.000000000000000056e-01,8.000000000000000444e-01,6.285061129000000246e-01,6.161425187000000303e-01
5.000000000000000000e+07,6.000000000000000000e+02,1.000000000000000056e-01,8.000000000000000444e-01,6.316728408999999766e-01,6.178423880000000201e-01
7.000000000000000000e+07,6.000000000000000000e+02,1.000000000000000056e-01,8.000000000000000444e-01,6.330520320000000423e-01,6.185645511999999790e-01
9.000000000000000000e+07,6.000000000000000000e+02,1.000000000000000056e-01,8.000000000000000444e-01,6.338282209000000167e-01,6.189609308000000309e-01
1.000000000000000000e+08,6.000000000000000000e+02,1.000000000000000056e-01,8.000000000000000444e-01,6.341024479000000325e-01,6.190981926999999940e-01
