# pressure,temperature,f1,f2,molkg1,molkg2
1.000000000000000000e+00,6.000000000000000000e+02,6.999999999999999556e-01,2.000000000000000111e-01,7.721338191999999715e-06,1.049181318000000045e-06
3.000000000000000000e+00,6.000000000000000000e+02,6.999999999999999556e-01,2.000000000000000111e-01,2.316341351999999908e-05,3.147495326000000132e-06
5.000000000000000000e+00,6.000000000000000000e+02,6.999999999999999556e-01,2.000000000000000111e-01,3.860468752000000204e-05,5.245744502999999779e-06
7.000000000000000000e+00,6.000000000000000000e+02,6.999999999999999556e-01,2.000000000000000111e-01,5.404516024999999843e-05,7.343928858000000394e-06
9.000000000000000000e+00,6.000000000000000000e+02,6.999999999999999556e-01,2.000000000000000111e-01,6.948483177999999379e-05,9.442048403000000752e-06
1.100000000000000000e+01,6.000000000000000000e+02,6.999999999999999556e-01,2.000000000000000111e-01,8.492370218999999350e-05,1.154010315000000047e-05
1.300000000000000000e+01,6.000000000000000000e+02,6.999999999999999556e-01,2.000000000000000111e-01,1.003617715999999954e-04,1.363809309999999988e-05
1.500000000000000000e+01,6.000000000000000000e+02,6.999999999999999556e-01,2.000000000000000111e-01,1.157990399000000050e-04,1.573601827000000104e-05
1.700000000000000000e+01,6.000000000000000000e+02,6.999999999999999556e-01,2.000000000000000111e-01,1.312355073999999996e-04,1.783387867000000039e-05
1.900000000000000000e+01,6.000000000000000000e+02,6.999999999999999556e-01,2.000000000000000111e-01,1.466711741000000066e-04,1.993167431000000115e-05
2.100000000000000000e+01,6.000000000000000000e+02,6.999999999999999556e-01,2.000000000000000111e-01,1.621060399999999988e-04,2.202940518999999992e-05
2.300000000000000000e+01,6.000000000000000000e+02,6.999999999999999556e-01,2.000000000000000111e-01,1.775401052000000082e-04,2.412707133999999958e-05
2.500000000000000000e+01,6.000000000000000000e+02,6.999999999999999556e-01,2.000000000000000111e-01,1.929733698000000129e-04,2.622467275000000029e-05
2.700000000000000000e+01,6.000000000000000000e+02,6.999999999999999556e-01,2.000000000000000111e-01,2.084058338999999907e-04,2.832220943999999831e-05
2.900000000000000000e+01,6.000000000000000000e+02,6.999999999999999556e-01,2.000000000000000111e-01,2.238374974999999959e-04,3.041968141000000043e-05
3.100000000000000000e+01,6.000000000000000000e+02,6.999999999999999556e-01,2.000000000000000111e-01,2.392683607000000063e-04,3.251708868999999934e-05
3.300000000000000000e+01,6.000000000000000000e+02,6.999999999999999556e-01,2.000000000000000111e-01,2.546984236000000000e-04,3.461443127000000199e-05
3.500000000000000000e+01,6.000000000000000000e+02,6.999999999999999556e-01,2.000000000000000111e-01,2.701276861999999768e-04,3.671170917000000125e-05
3.700000000000000000e+01,6.000000000000000000e+02,6.999999999999999556e-01,2.000000000000000111e-01,2.855561485999999960e-04,3.880892238999999712e-05
3.900000000000000000e+01,6.000000000000000000e+02,6.999999999999999556e-01,2.000000000000000111e-01,3.009838110000000134e-04,4.090607095000000281e-05
4.100000000000000000e+01,6.000000000000000000e+02,6.999999999999999556e-01,2.000000000000000111e-01,3.164106732999999970e-04,4.300315486000000120e-05
4.300000000000000000e+01,6.000000000000000000e+02,6.999999999999999556e-01,2.000000000000000111e-01,3.318367357000000109e-04,4.510017411999999907e-05
4.500000000000000000e+01,6.000000000000000000e+02,6.999999999999999556e-01,2.000000000000000111e-01,3.472619982000000011e-04,4.719712875000000283e-05
4.700000000000000000e+01,6.000000000000000000e+02,6.999999999999999556e-01,2.000000000000000111e-01,3.626864608999999995e-04,4.929401876000000216e-05
4.900000000000000000e+01,6.000000000000000000e+02,6.999999999999999556e-01,2.000000000000000111e-01,3.781101238000000061e-04,5.139084414999999705e-05
5.100000000000000000e+01,6.000000000000000000e+02,6.999999999999999556e-01,2.000000000000000111e-01,3.935329870999999769e-04,5.348760494000000070e-05
5.300000000000000000e+01,6.000000000000000000e+02,6.999999999999999556e-01,2.000000000000000111e-01,4.089550506999999882e-04,5.558430112999999956e-05
5.500000000000000000e+01,6.000000000000000000e+02,6.999999999999999556e-01,2.000000000000000111e-01,4.243763148999999736e-04,5.768093274000000005e-05
5.700000000000000000e+01,6.000000000000000000e+02,6.999999999999999556e-01,2.000000000000000111e-01,4.397967796000000094e-04,5.977749977000000218e-05
5.900000000000000000e+01,6.000000000000000000e+02,6.999999999999999556e-01,2.000000000000000111e-01,4.552164449000000194e-04,6.187400223999999882e-05
6.100000000000000000e+01,6.000000000000000000e+02,6.999999999999999556e-01,2.000000000000000111e-01,4.706353108999999815e-04,6.397044014999999674e-05
6.300000000000000000e+01,6.000000000000000000e+02,6.999999999999999556e-01,2.000000000000000111e-01,4.860533776999999820e-04,6.606681351999999560e-05
6.500000000000000000e+01,6.000000000000000000e+02,6.999999999999999556e-01,2.000000000000000111e-01,5.014706453000000209e-04,6.816312234999999538e-05
6.700000000000000000e+01,6.000000000000000000e+02,6.999999999999999556e-01,2.000000000000000111e-01,5.168871139000000541e-04,7.025936666000000253e-05
6.900000000000000000e+01,6.000000000000000000e+02,6.999999999999999556e-01,2.000000000000000111e-01,5.323027834000000494e-04,7.235554645000000348e-05
7.100000000000000000e+01,6.000000000000000000e+02,6.999999999999999556e-01,2.000000000000000111e-01,5.477176539999999627e-04,7.445166173000000145e-05
7.300000000000000000e+01,6.000000000000000000e+02,6.999999999999999556e-01,2.000000000000000111e-01,5.631317257000000107e-04,7.654771252000000287e-05
7.500000000000000000e+01,6.000000000000000000e+02,6.999999999999999556e-01,2.000000000000000111e-01,5.785449987000000410e-04,7.864369881999999418e-05
7.700000000000000000e+01,6.000000000000000000e+02,6.999999999999999556e-01,2.000000000000000111e-01,5.939574728999999671e-04,8.073962064000000569e-05
7.900000000000000000e+01,6.000000000000000000e+02,6.999999999999999556e-01,2.000000000000000111e-01,6.093691483999999839e-04,8.283547800000000318e-05
8.100000000000000000e+01,6.000000000000000000e+02,6.999999999999999556e-01,2.000000000000000111e-01,6.247800254000000471e-04,8.493127090000000021e-05
8.300000000000000000e+01,6.000000000000000000e+02,6.999999999999999556e-01,2.000000000000000111e-01,6.401901037999999620e-04,8.702699934999999997e-05
8.500000000000000000e+01,6.000000000000000000e+02,6.999999999999999556e-01,2.000000000000000111e-01,6.555993838999999877e-04,8.912266336000000569e-05
8.700000000000000000e+01,6.000000000000000000e+02,6.999999999999999556e-01,2.000000000000000111e-01,6.710078654999999514e-04,9.121826294999999668e-05
8.900000000000000000e+01,6.000000000000000000e+02,6.999999999999999556e-01,2.000000000000000111e-01,6.864155489000000037e-04,9.331379812000000005e-05
9.100000000000000000e+01,6.000000000000000000e+02,6.999999999999999556e-01,2.000000000000000111e-01,7.018224341000000362e-04,9.540926888000000547e-05
9.300000000000000000e+01,6.000000000000000000e+02,6.999999999999999556e-01,2.000000000000000111e-01,7.172285211000000490e-04,9.750467524000000258e-05
9.500000000000000000e+01,6.000000000000000000e+02,6.999999999999999556e-01,2.000000000000000111e-01,7.326338100000000199e-04,9.960001720999999461e-05
9.700000000000000000e+01,6.000000000000000000e+02,6.999999999999999556e-01,2.000000000000000111e-01,7.480383010000000131e-04,1.016952947999999983e-04
9.900000000000000000e+01,6.000000000000000000e+02,6.999999999999999556e-01,2.000000000000000111e-01,7.634419940000000508e-04,1.037905079999999969e-04
1.000000000000000000e+01,6.000000000000000000e+02,6.999999999999999556e-01,2.000000000000000111e-01,7.720436711999999657e-05,1.049108387000000038e-05
3.000000000000000000e+01,6.000000000000000000e+02,6.999999999999999556e-01,2.000000000000000111e-01,2.315530291000000081e-04,3.146839313999999683e-05
5.000000000000000000e+01,6.000000000000000000e+02,6.999999999999999556e-01,2.000000000000000111e-01,3.858216554000000096e-04,5.243923262000000117e-05
7.000000000000000000e+01,6.000000000000000000e+02,6.999999999999999556e-01,2.000000000000000111e-01,5.400103185999999538e-04,7.340361215000000333e-05
9.000000000000000000e+01,6.000000000000000000e+02,6.999999999999999556e-01,2.000000000000000111e-01,6.941190912999999898e-04,9.436154154999999363e-05
1.100000000000000000e+02,6.000000000000000000e+02,6.999999999999999556e-01,2.000000000000000111e-01,8.481480459000000126e-04,1.153130306000000037e-04
1.300000000000000000e+02,6.000000000000000000e+02,6.999999999999999556e-01,2.000000000000000111e-01,1.002097255000000036e-03,1.362580890999999972e-04
1.500000000000000000e+02,6.000000000000000000e+02,6.999999999999999556e-01,2.000000000000000111e-01,1.155966790999999900e-03,1.571967269000000078e-04
1.700000000000000000e+02,6.000000000000000000e+02,6.999999999999999556e-01,2.000000000000000111e-01,1.309756724999999950e-03,1.781289535999999892e-04
1.900000000000000000e+02,6.000000000000000000e+02,6.999999999999999556e-01,2.000000000000000111e-01,1.463467131000000107e-03,1.990547789999999996e-04
2.100000000000000000e+02,6.000000000000000000e+02,6.999999999999999556e-01,2.000000000000000111e-01,1.617098079000000091e-03,2.199742128999999892e-04
2.300000000000000000e+02,6.000000000000000000e+02,6.999999999999999556e-01,2.000000000000000111e-01,1.770649643000000040e-03,2.408872650000000112e-04
2.500000000000000000e+02,6.000000000000000000e+02,6.999999999999999556e-01,2.000000000000000111e-01,1.924121892999999892e-03,2.617939449000000057e-04
2.700000000000000000e+02,6.000000000000000000e+02,6.999999999999999556e-01,2.000000000000000111e-01,2.077514901999999788e-03,2.826942624000000040e-04
2.900000000000000000e+02,6.000000000000000000e+02,6.999999999999999556e-01,2.000000000000000111e-01,2.230828740999999879e-03,3.035882272000000053e-04
3.100000000000000000e+02,6.000000000000000000e+02,6.999999999999999556e-01,2.000000000000000111e-01,2.384063481999999876e-03,3.244758488000000257e-04
3.300000000000000000e+02,6.000000000000000000e+02,6.999999999999999556e-01,2.000000000000000111e-01,2.537219195999999930e-03,3.453571368999999833e-04
3.500000000000000000e+02,6.000000000000000000e+02,6.999999999999999556e-01,2.000000000000000111e-01,2.690295955000000187e-03,3.662321012999999906e-04
3.700000000000000000e+02,6.000000000000000000e+02,6.999999999999999556e-01,2.000000000000000111e-01,2.843293829999999928e-03,3.871007513999999775e-04
3.900000000000000000e+02,6.000000000000000000e+02,6.999999999999999556e-01,2.000000000000000111e-01,2.996212893000000169e-03,4.079630969000000245e-04
4.100000000000000000e+02,6.000000000000000000e+02,6.999999999999999556e-01,2.000000000000000111e-01,3.149053213000000198e-03,4.288191472999999853e-04
4.300000000000000000e+02,6.000000000000000000e+02,6.999999999999999556e-01,2.000000000000000111e-01,3.301814864000000155e-03,4.496689122999999945e-04
4.500000000000000000e+02,6.000000000000000000e+02,6.999999999999999556e-01,2.000000000000000111e-01,3.454497915000000197e-03,4.705124014000000143e-04
4.700000000000000000e+02,6.000000000000000000e+02,6.999999999999999556e-01,2.000000000000000111e-01,3.607102437000000040e-03,4.913496242000000387e-04
4.900000000000000000e+02,6.000000000000000000e+02,6.999999999999999556e-01,2.000000000000000111e-01,3.759628500999999835e-03,5.121805900999999977e-04
5.100000000000000000e+02,6.000000000000000000e+02,6.999999999999999556e-01,2.000000000000000111e-01,3.912076179000000160e-03,5.330053088000000260e-04
5.300000000000000000e+02,6.000000000000000000e+02,6.999999999999999556e-01,2.000000000000000111e-01,4.064445538999999878e-03,5.538237896000000214e-04
5.500000000000000000e+02,6.000000000000000000e+02,6.999999999999999556e-01,2.000000000000000111e-01,4.216736654000000431e-03,5.746360422000000101e-04
5.700000000000000000e+02,6.000000000000000000e+02,6.999999999999999556e-01,2.000000000000000111e-01,4.368949593999999804e-03,5.954420758999999985e-04
5.900000000000000000e+02,6.000000000000000000e+02,6.999999999999999556e-01,2.000000000000000111e-01,4.521084427999999891e-03,6.162419001999999485e-04
6.100000000000000000e+02,6.000000000000000000e+02,6.999999999999999556e-01,2.000000000000000111e-01,4.673141228000000404e-03,6.370355247000000169e-04
6.300000000000000000e+02,6.000000000000000000e+02,6.999999999999999556e-01,2.000000000000000111e-01,4.825120062000000203e-03,6.578229586000000151e-04
6.500000000000000000e+02,6.000000000000000000e+02,6.999999999999999556e-01,2.000000000000000111e-01,4.977021003000000297e-03,6.786042114999999916e-04
6.700000000000000000e+02,6.000000000000000000e+02,6.999999999999999556e-01,2.000000000000000111e-01,5.128844117999999987e-03,6.993792926999999526e-04
6.900000000000000000e+02,6.000000000000000000e+02,6.999999999999999556e-01,2.000000000000000111e-01,5.280589478999999850e-03,7.201482115999999906e-04
7.100000000000000000e+02,6.000000000000000000e+02,6.999999999999999556e-01,2.000000000000000111e-01,5.432257155999999608e-03,7.409109776999999591e-04
7.300000000000000000e+02,6.000000000000000000e+02,6.999999999999999556e-01,2.000000000000000111e-01,5.583847216999999856e-03,7.616676002999999730e-04
7.500000000000000000e+02,6.000000000000000000e+02,6.999999999999999556e-01,2.000000000000000111e-01,5.735359732999999877e-03,7.824180885999999519e-04
7.700000000000000000e+02,6.000000000000000000e+02,6.999999999999999556e-01,2.000000000000000111e-01,5.886794774000000258e-03,8.031624522000000528e-04
7.900000000000000000e+02,6.000000000000000000e+02,6.999999999999999556e-01,2.000000000000000111e-01,6.038152407999999860e-03,8.239007002000000007e-04
8.100000000000000000e+02,6.000000000000000000e+02,6.999999999999999556e-01,2.000000000000000111e-01,6.189432705000000139e-03,8.446328419999999965e-04
8.300000000000000000e+02,6.000000000000000000e+02,6.999999999999999556e-01,2.000000000000000111e-01,6.340635734999999946e-03,8.653588869000000466e-04
8.500000000000000000e+02,6.000000000000000000e+02,6.999999999999999556e-01,2.000000000000000111e-01,6.491761565999999879e-03,8.860788443000000266e-04
8.700000000000000000e+02,6.000000000000000000e+02,6.999999999999999556e-01,2.000000000000000111e-01,6.642810269000000087e-03,9.067927232000000089e-04
8.900000000000000000e+02,6.000000000000000000e+02,6.999999999999999556e-01,2.000000000000000111e-01,6.793781912000000298e-03,9.275005329999999777e-04
9.100000000000000000e+02,6.000000000000000000e+02,6.999999999999999556e-01,2.000000000000000111e-01,6.944676563000000240e-03,9.482022830000000476e-04
9.300000000000000000e+02,6.000000000000000000e+02,6.999999999999999556e-01,2.000000000000000111e-01,7.095494293000000063e-03,9.688979824000000301e-04
9.500000000000000000e+02,6.000000000000000000e+02,6.999999999999999556e-01,2.000000000000000111e-01,7.246235168999999934e-03,9.895876402999999755e-04
9.700000000000000000e+02,6.000000000000000000e+02,6.999999999999999556e-01,2.000000000000000111e-01,7.396899260999999573e-03,1.010271266000000107e-03
9.900000000000000000e+02,6.000000000000000000e+02,6.999999999999999556e-01,2.000000000000000111e-01,7.547486636000000013e-03,1.030948869000000061e-03
1.000000000000000000e+02,6.000000000000000000e+02,6.999999999999999556e-01,2.000000000000000111e-01,7.711435413000000075e-04,1.048380905000000058e-04
3.000000000000000000e+02,6.000000000000000000e+02,6.999999999999999556e-01,2.000000000000000111e-01,2.307455993999999854e-03,3.140328302999999830e-04
5.000000000000000000e+02,6.000000000000000000e+02,6.999999999999999556e-01,2.000000000000000111e-01,3.835862134000000111e-03,5.225937297999999620e-04
7.000000000000000000e+02,6.000000000000000000e+02,6.999999999999999556e-01,2.000000000000000111e-01,5.356433023999999758e-03,7.305303631999999830e-04
9.000000000000000000e+02,6.000000000000000000e+02,6.999999999999999556e-01,2.000000000000000111e-01,6.869238857000000212e-03,9.378521648999999915e-04
1.100000000000000000e+03,6.000000000000000000e+02,6.999999999999999556e-01,2.000000000000000111e-01,8.374348966999999380e-03,1.144568430999999900e-03
1.300000000000000000e+03,6.000000000000000000e+02,6.999999999999999556e-01,2.000000000000000111e-01,9.871831838000000303e-03,1.350688321000000081e-03
1.500000000000000000e+03,6.000000000000000000e+02,6.999999999999999556e-01,2.000000000000000111e-01,1.136175510999999985e-02,1.556220859999999902e-03
1.700000000000000000e+03,6.000000000000000000e+02,6.999999999999999556e-01,2.000000000000000111e-01,1.284418560999999945e-02,1.761174937000000058e-03
1.900000000000000000e+03,6.000000000000000000e+02,6.999999999999999556e-01,2.000000000000000111e-01,1.431918933000000081e-02,1.965559312000000024e-03
2.100000000000000000e+03,6.000000000000000000e+02,6.999999999999999556e-01,2.000000000000000111e-01,1.578683143999999941e-02,2.169382612999999800e-03
2.300000000000000000e+03,6.000000000000000000e+02,6.999999999999999556e-01,2.000000000000000111e-01,1.724717635000000068e-02,2.372653338000000126e-03
2.500000000000000000e+03,6.000000000000000000e+02,6.999999999999999556e-01,2.000000000000000111e-01,1.870028764000000038e-02,2.575379858000000077e-03
2.700000000000000000e+03,6.000000000000000000e+02,6.999999999999999556e-01,2.000000000000000111e-01,2.014622812999999901e-02,2.777570420000000095e-03
2.900000000000000000e+03,6.000000000000000000e+02,6.999999999999999556e-01,2.000000000000000111e-01,2.158505986999999932e-02,2.979233142999999830e-03
3.100000000000000000e+03,6.000000000000000000e+02,6.999999999999999556e-01,2.000000000000000111e-01,2.301684412999999846e-02,3.180376024999999850e-03
3.300000000000000000e+03,6.000000000000000000e+02,6.999999999999999556e-01,2.000000000000000111e-01,2.444164143999999830e-02,3.381006940999999912e-03
3.500000000000000000e+03,6.000000000000000000e+02,6.999999999999999556e-01,2.000000000000000111e-01,2.585951158999999847e-02,3.581133646999999816e-03
3.700000000000000000e+03,6.000000000000000000e+02,6.999999999999999556e-01,2.000000000000000111e-01,2.727051362999999978e-02,3.780763777999999846e-03
3.900000000000000000e+03,6.000000000000000000e+02,6.999999999999999556e-01,2.000000000000000111e-01,2.867470589999999986e-02,3.979904854999999873e-03
4.100000000000000000e+03,6.000000000000000000e+02,6.999999999999999556e-01,2.000000000000000111e-01,3.007214599000000016e-02,4.178564279999999811e-03
4.300000000000000000e+03,6.000000000000000000e+02,6.999999999999999556e-01,2.000000000000000111e-01,3.146289080999999793e-02,4.376749341000000029e-03
4.500000000000000000e+03,6.000000000000000000e+02,6.999999999999999556e-01,2.000000000000000111e-01,3.284699657000000189e-02,4.574467213000000046e-03
4.700000000000000000e+03,6.000000000000000000e+02,6.999999999999999556e-01,2.000000000000000111e-01,3.422451878999999836e-02,4.771724960000000258e-03
4.900000000000000000e+03,6.000000000000000000e+02,6.999999999999999556e-01,2.000000000000000111e-01,3.559551228999999900e-02,4.968529533999999775e-03
5.100000000000000000e+03,6.000000000000000000e+02,6.999999999999999556e-01,2.000000000000000111e-01,3.696003124999999723e-02,5.164887780000000303e-03
5.300000000000000000e+03,6.000000000000000000e+02,6.999999999999999556e-01,2.000000000000000111e-01,3.831812916999999957e-02,5.360806432999999649e-03
5.500000000000000000e+03,6.000000000000000000e+02,6.999999999999999556e-01,2.000000000000000111e-01,3.966985887999999877e-02,5.556292122999999944e-03
5.700000000000000000e+03,6.000000000000000000e+02,6.999999999999999556e-01,2.000000000000000111e-01,4.101527257999999787e-02,5.751351374999999835e-03
5.900000000000000000e+03,6.000000000000000000e+02,6.999999999999999556e-01,2.000000000000000111e-01,4.235442184999999721e-02,5.945990608000000129e-03
6.100000000000000000e+03,6.000000000000000000e+02,6.999999999999999556e-01,2.000000000000000111e-01,4.368735759999999718e-02,6.140216143000000286e-03
6.300000000000000000e+03,6.000000000000000000e+02,6.999999999999999556e-01,2.000000000000000111e-01,4.501413014999999795e-02,6.334034195000000193e-03
6.500000000000000000e+03,6.000000000000000000e+02,6.999999999999999556e-01,2.000000000000000111e-01,4.633478919999999696e-02,6.527450883000000120e-03
6.700000000000000000e+03,6.000000000000000000e+02,6.999999999999999556e-01,2.000000000000000111e-01,4.764938382000000194e-02,6.720472225000000306e-03
6.900000000000000000e+03,6.000000000000000000e+02,6.999999999999999556e-01,2.000000000000000111e-01,4.895796252000000209e-02,6.913104144000000069e-03
7.100000000000000000e+03,6.000000000000000000e+02,6.999999999999999556e-01,2.000000000000000111e-01,5.026057319999999856e-02,7.105352464999999985e-03
7.300000000000000000e+03,6.000000000000000000e+02,6.999999999999999556e-01,2.000000000000000111e-01,5.155726316999999920e-02,7.297222917999999711e-03
7.500000000000000000e+03,6.000000000000000000e+02,6.999999999999999556e-01,2.000000000000000111e-01,5.284807919000000104e-02,7.488721141999999699e-03
7.700000000000000000e+03,6.000000000000000000e+02,6.999999999999999556e-01,2.000000000000000111e-01,5.413306743000000087e-02,7.679852681999999910e-03
7.900000000000000000e+03,6.000000000000000000e+02,6.999999999999999556e-01,2.000000000000000111e-01,5.541227351999999939e-02,7.870622992000000234e-03
8.100000000000000000e+03,6.000000000000000000e+02,6.999999999999999556e-01,2.000000000000000111e-01,5.668574251999999869e-02,8.061037436000000056e-03
8.300000000000000000e+03,6.000000000000000000e+02,6.999999999999999556e-01,2.000000000000000111e-01,5.795351895999999864e-02,8.251101291000000407e-03
8.500000000000000000e+03,6.000000000000000000e+02,6.999999999999999556e-01,2.000000000000000111e-01,5.921564683000000301e-02,8.440819743999999208e-03
8.700000000000000000e+03,6.000000000000000000e+02,6.999999999999999556e-01,2.000000000000000111e-01,6.047216958999999947e-02,8.630197899000000353e-03
8.900000000000000000e+03,6.000000000000000000e+02,6.999999999999999556e-01,2.000000000000000111e-01,6.172313018000000207e-02,8.819240771000000714e-03
9.100000000000000000e+03,6.000000000000000000e+02,6.999999999999999556e-01,2.000000000000000111e-01,6.296857102000000261e-02,9.007953294000000527e-03
9.300000000000000000e+03,6.000000000000000000e+02,6.999999999999999556e-01,2.000000000000000111e-01,6.420853403000000015e-02,9.196340318000000361e-03
9.500000000000000000e+03,6.000000000000000000e+02,6.999999999999999556e-01,2.000000000000000111e-01,6.544306061999999313e-02,9.384406612999999370e-03
9.700000000000000000e+03,6.000000000000000000e+02,6.999999999999999556e-01,2.000000000000000111e-01,6.667219170999999500e-02,9.572156865999999209e-03
9.900000000000000000e+03,6.000000000000000000e+02,6.999999999999999556e-01,2.000000000000000111e-01,6.789596773000000640e-02,9.759595685999999243e-03
1.000000000000000000e+03,6.000000000000000000e+02,6.999999999999999556e-01,2.000000000000000111e-01,7.622751577000000389e-03,1.041285413999999947e-03
3.000000000000000000e+03,6.000000000000000000e+02,6.999999999999999556e-01,2.000000000000000111e-01,2.230182912999999906e-02,3.079869068999999994e-03
5.000000000000000000e+03,6.000000000000000000e+02,6.999999999999999556e-01,2.000000000000000111e-01,3.627857772999999730e-02,5.066764024999999977e-03
7.000000000000000000e+03,6.000000000000000000e+02,6.999999999999999556e-01,2.000000000000000111e-01,4.961001089000000031e-02,7.009275893999999604e-03
9.000000000000000000e+03,6.000000000000000000e+02,6.999999999999999556e-01,2.000000000000000111e-01,6.234653794000000193e-02,8.913638021000000120e-03
1.100000000000000000e+04,6.000000000000000000e+02,6.999999999999999556e-01,2.000000000000000111e-01,7.453277594000000394e-02,1.078514095999999998e-02
1.300000000000000000e+04,6.000000000000000000e+02,6.999999999999999556e-01,2.000000000000000111e-01,8.620828653999999813e-02,1.262825157000000038e-02
1.500000000000000000e+04,6.000000000000000000e+02,6.999999999999999556e-01,2.000000000000000111e-01,9.740823838999999873e-02,1.444672156999999950e-02
1.700000000000000000e+04,6.000000000000000000e+02,6.999999999999999556e-01,2.000000000000000111e-01,1.081639966000000064e-01,1.624368555999999852e-02
1.900000000000000000e+04,6.000000000000000000e+02,6.999999999999999556e-01,2.000000000000000111e-01,1.185036423000000033e-01,1.802174884000000074e-02
2.100000000000000000e+04,6.000000000000000000e+02,6.999999999999999556e-01,2.000000000000000111e-01,1.284524250999999895e-01,1.978306529999999952e-02
2.300000000000000000e+04,6.000000000000000000e+02,6.999999999999999556e-01,2.000000000000000111e-01,1.380331555000000043e-01,2.152940614999999946e-02
2.500000000000000000e+04,6.000000000000000000e+02,6.999999999999999556e-01,2.000000000000000111e-01,1.472665400000000013e-01,2.326221996000000028e-02
2.700000000000000000e+04,6.000000000000000000e+02,6.999999999999999556e-01,2.000000000000000111e-01,1.561714669000000000e-01,2.498268487000000065e-02
2.900000000000000000e+04,6.000000000000000000e+02,6.999999999999999556e-01,2.000000000000000111e-01,1.647652485999999972e-01,2.669175349999999836e-02
3.100000000000000000e+04,6.000000000000000000e+02,6.999999999999999556e-01,2.000000000000000111e-01,1.730638247000000074e-01,2.839019162999999873e-02
3.300000000000000000e+04,6.000000000000000000e+02,6.999999999999999556e-01,2.000000000000000111e-01,1.810819335999999946e-01,3.007861095000000096e-02
3.500000000000000000e+04,6.000000000000000000e+02,6.999999999999999556e-01,2.000000000000000111e-01,1.888332553000000025e-01,3.175749700000000258e-02
3.700000000000000000e+04,6.000000000000000000e+02,6.999999999999999556e-01,2.000000000000000111e-01,1.963305318999999938e-01,3.342723251000000173e-02
3.900000000000000000e+04,6.000000000000000000e+02,6.999999999999999556e-01,2.000000000000000111e-01,2.035856682999999945e-01,3.508811707000000085e-02
4.100000000000000000e+04,6.000000000000000000e+02,6.999999999999999556e-01,2.000000000000000111e-01,2.106098171000000130e-01,3.674038350000000119e-02
4.300000000000000000e+04,6.000000000000000000e+02,6.999999999999999556e-01,2.000000000000000111e-01,2.174134504000000134e-01,3.838421136000000344e-02
4.500000000000000000e+04,6.000000000000000000e+02,6.999999999999999556e-01,2.000000000000000111e-01,2.240064207999999946e-01,4.001973813999999685e-02
4.700000000000000000e+04,6.000000000000000000e+02,6.999999999999999556e-01,2.000000000000000111e-01,2.303980139000000038e-01,4.164706840000000077e-02
4.900000000000000000e+04,6.000000000000000000e+02,6.999999999999999556e-01,2.000000000000000111e-01,2.365969934999999913e-01,4.326628125999999741e-02
5.100000000000000000e+04,6.000000000000000000e+02,6.999999999999999556e-01,2.000000000000000111e-01,2.426116409000000085e-01,4.487743644000000143e-02
5.300000000000000000e+04,6.000000000000000000e+02,6.999999999999999556e-01,2.000000000000000111e-01,2.484497897000000066e-01,4.648057911000000320e-02
5.500000000000000000e+04,6.000000000000000000e+02,6.999999999999999556e-01,2.000000000000000111e-01,2.541188565999999982e-01,4.807574384999999811e-02
5.700000000000000000e+04,6.000000000000000000e+02,6.999999999999999556e-01,2.000000000000000111e-01,2.596258690000000091e-01,4.966295769000000221e-02
5.900000000000000000e+04,6.000000000000000000e+02,6.999999999999999556e-01,2.000000000000000111e-01,2.649774898999999739e-01,5.124224262000000307e-02
6.100000000000000000e+04,6.000000000000000000e+02,6.999999999999999556e-01,2.000000000000000111e-01,2.701800403999999878e-01,5.281361745000000274e-02
6.300000000000000000e+04,6.000000000000000000e+02,6.999999999999999556e-01,2.000000000000000111e-01,2.752395208999999787e-01,5.437709931000000302e-02
6.500000000000000000e+04,6.000000000000000000e+02,6.999999999999999556e-01,2.000000000000000111e-01,2.801616292999999924e-01,5.593270476000000019e-02
6.700000000000000000e+04,6.000000000000000000e+02,6.999999999999999556e-01,2.000000000000000111e-01,2.849517798000000268e-01,5.748045066000000147e-02
6.900000000000000000e+04,6.000000000000000000e+02,6.999999999999999556e-01,2.000000000000000111e-01,2.896151184999999906e-01,5.902035472000000116e-02
7.100000000000000000e+04,6.000000000000000000e+02,6.999999999999999556e-01,2.000000000000000111e-01,2.941565387000000253e-01,6.055243602000000280e-02
7.300000000000000000e+04,6.000000000000000000e+02,6.999999999999999556e-01,2.000000000000000111e-01,2.985806957000000095e-01,6.207671524999999746e-02
7.500000000000000000e+04,6.000000000000000000e+02,6.999999999999999556e-01,2.000000000000000111e-01,3.028920198999999758e-01,6.359321487999999856e-02
7.700000000000000000e+04,6.000000000000000000e+02,6.999999999999999556e-01,2.000000000000000111e-01,3.070947289000000024e-01,6.510195933000000046e-02
7.900000000000000000e+04,6.000000000000000000e+02,6.999999999999999556e-01,2.000000000000000111e-01,3.111928400999999789e-01,6.660297490000000042e-02
8.100000000000000000e+04,6.000000000000000000e+02,6.999999999999999556e-01,2.000000000000000111e-01,3.151901809000000054e-01,6.809628985000000523e-02
8.300000000000000000e+04,6.000000000000000000e+02,6.999999999999999556e-01,2.000000000000000111e-01,3.190903998999999880e-01,6.958193429999999513e-02
8.500000000000000000e+04,6.000000000000000000e+02,6.999999999999999556e-01,2.000000000000000111e-01,3.228969758999999939e-01,7.105994013999999970e-02
8.700000000000000000e+04,6.000000000000000000e+02,6.999999999999999556e-01,2.000000000000000111e-01,3.266132274999999918e-01,7.253034095999999487e-02
8.900000000000000000e+04,6.000000000000000000e+02,6.999999999999999556e-01,2.000000000000000111e-01,3.302423218000000160e-01,7.399317193000000403e-02
9.100000000000000000e+04,6.000000000000000000e+02,6.999999999999999556e-01,2.000000000000000111e-01,3.337872823999999961e-01,7.544846970000000652e-02
9.300000000000000000e+04,6.000000000000000000e+02,6.999999999999999556e-01,2.000000000000000111e-01,3.372509971000000051e-01,7.689627223999999373e-02
9.500000000000000000e+04,6.000000000000000000e+02,6.999999999999999556e-01,2.000000000000000111e-01,3.406362250000000147e-01,7.833661877000000495e-02
9.700000000000000000e+04,6.000000000000000000e+02,6.999999999999999556e-01,2.000000000000000111e-01,3.439456035999999828e-01,7.976954963000000565e-02
9.900000000000000000e+04,6.000000000000000000e+02,6.999999999999999556e-01,2.000000000000000111e-01,3.471816549000000252e-01,8.119510612999999988e-02
1.000000000000000000e+04,6.000000000000000000e+02,6.999999999999999556e-01,2.000000000000000111e-01,6.850586009999999615e-02,9.853199728000000546e-03
3.000000000000000000e+04,6.000000000000000000e+02,6.999999999999999556e-01,2.000000000000000111e-01,1.689504897999999922e-01,2.754225987999999944e-02
5.000000000000000000e+04,6.000000000000000000e+02,6.999999999999999556e-01,2.000000000000000111e-01,2.396268589999999976e-01,4.407286294999999965e-02
7.000000000000000000e+04,6.000000000000000000e+02,6.999999999999999556e-01,2.000000000000000111e-01,2.919007719999999750e-01,5.978737196000000198e-02
9.000000000000000000e+04,6.000000000000000000e+02,6.999999999999999556e-01,2.000000000000000111e-01,3.320251351999999878e-01,7.472176011999999423e-02
1.100000000000000000e+05,6.000000000000000000e+02,6.999999999999999556e-01,2.000000000000000111e-01,3.637719985999999794e-01,8.890577312000000343e-02
1.300000000000000000e+05,6.000000000000000000e+02,6.999999999999999556e-01,2.000000000000000111e-01,3.895178632999999890e-01,1.023812337999999988e-01
1.500000000000000000e+05,6.000000000000000000e+02,6.999999999999999556e-01,2.000000000000000111e-01,4.108214693999999723e-01,1.151940552000000062e-01
1.700000000000000000e+05,6.000000000000000000e+02,6.999999999999999556e-01,2.000000000000000111e-01,4.287445515000000151e-01,1.273893556000000038e-01
1.900000000000000000e+05,6.000000000000000000e+02,6.999999999999999556e-01,2.000000000000000111e-01,4.440348210000000240e-01,1.390095581999999941e-01
2.100000000000000000e+05,6.000000000000000000e+02,6.999999999999999556e-01,2.000000000000000111e-01,4.572341336999999895e-01,1.500938555999999924e-01
2.300000000000000000e+05,6.000000000000000000e+02,6.999999999999999556e-01,2.000000000000000111e-01,4.687448904000000027e-01,1.606782135000000000e-01
2.500000000000000000e+05,6.000000000000000000e+02,6.999999999999999556e-01,2.000000000000000111e-01,4.788722758000000246e-01,1.707955690000000082e-01
2.700000000000000000e+05,6.000000000000000000e+02,6.999999999999999556e-01,2.000000000000000111e-01,4.878519979000000006e-01,1.804760857999999912e-01
2.900000000000000000e+05,6.000000000000000000e+02,6.999999999999999556e-01,2.000000000000000111e-01,4.958690252999999881e-01,1.897474137999999866e-01
3.100000000000000000e+05,6.000000000000000000e+02,6.999999999999999556e-01,2.000000000000000111e-01,5.030705615999999658e-01,1.986349326999999887e-01
3.300000000000000000e+05,6.000000000000000000e+02,6.999999999999999556e-01,2.000000000000000111e-01,5.095752260000000478e-01,2.071619739999999987e-01
3.500000000000000000e+05,6.000000000000000000e+02,6.999999999999999556e-01,2.000000000000000111e-01,5.154796766999999447e-01,2.153500201999999919e-01
3.700000000000000000e+05,6.000000000000000000e+02,6.999999999999999556e-01,2.000000000000000111e-01,5.208634721999999551e-01,2.232188827000000098e-01
3.900000000000000000e+05,6.000000000000000000e+02,6.999999999999999556e-01,2.000000000000000111e-01,5.257926952000000487e-01,2.307868600999999908e-01
4.100000000000000000e+05,6.000000000000000000e+02,6.999999999999999556e-01,2.000000000000000111e-01,5.303226912999999820e-01,2.380708796000000071e-01
4.300000000000000000e+05,6.000000000000000000e+02,6.999999999999999556e-01,2.000000000000000111e-01,5.345001658000000377e-01,2.450866224999999898e-01
4.500000000000000000e+05,6.000000000000000000e+02,6.999999999999999556e-01,2.000000000000000111e-01,5.383648073000000256e-01,2.518486368999999780e-01
4.700000000000000000e+05,6.000000000000000000e+02,6.999999999999999556e-01,2.000000000000000111e-01,5.419505581000000349e-01,2.583704376000000025e-01
4.900000000000000000e+05,6.000000000000000000e+02,6.999999999999999556e-01,2.000000000000000111e-01,5.452866182000000173e-01,2.646645971000000097e-01
5.100000000000000000e+05,6.000000000000000000e+02,6.999999999999999556e-01,2.000000000000000111e-01,5.483982461999999947e-01,2.707428250999999730e-01
5.300000000000000000e+05,6.000000000000000000e+02,6.999999999999999556e-01,2.000000000000000111e-01,5.513074024999999878e-01,2.766160422000000230e-01
5.500000000000000000e+05,6.000000000000000000e+02,6.999999999999999556e-01,2.000000000000000111e-01,5.540332707999999773e-01,2.822944448999999967e-01
5.700000000000000000e+05,6.000000000000000000e+02,6.999999999999999556e-01,2.000000000000000111e-01,5.565926839999999487e-01,2.877875643999999733e-01
5.900000000000000000e+05,6.000000000000000000e+02,6.999999999999999556e-01,2.000000000000000111e-01,5.590004735000000391e-01,2.931043204000000069e-01
6.100000000000000000e+05,6.000000000000000000e+02,6.999999999999999556e-01,2.000000000000000111e-01,5.612697581000000158e-01,2.982530690999999901e-01
6.300000000000000000e+05,6.000000000000000000e+02,6.999999999999999556e-01,2.000000000000000111e-01,5.634121845999999767e-01,3.032416470000000031e-01
6.500000000000000000e+05,6.000000000000000000e+02,6.999999999999999556e-01,2.000000000000000111e-01,5.654381283999999619e-01,3.080774109000000149e-01
6.700000000000000000e+05,6.000000000000000000e+02,6.999999999999999556e-01,2.000000000000000111e-01,5.673568628999999808e-01,3.127672736000000064e-01
6.900000000000000000e+05,6.000000000000000000e+02,6.999999999999999556e-01,2.000000000000000111e-01,5.691767013999999847e-01,3.173177374999999745e-01
7.100000000000000000e+05,6.000000000000000000e+02,6.999999999999999556e-01,2.000000000000000111e-01,5.709051188999999527e-01,3.217349240999999860e-01
7.300000000000000000e+05,6.000000000000000000e+02,6.999999999999999556e-01,2.000000000000000111e-01,5.725488549999999677e-01,3.260246017999999801e-01
7.500000000000000000e+05,6.000000000000000000e+02,6.999999999999999556e-01,2.000000000000000111e-01,5.741140018999999484e-01,3.301922107999999967e-01
7.700000000000000000e+05,6.000000000000000000e+02,6.999999999999999556e-01,2.000000000000000111e-01,5.756060808999999834e-01,3.342428862999999861e-01
7.900000000000000000e+05,6.000000000000000000e+02,6.999999999999999556e-01,2.000000000000000111e-01,5.770301074000000474e-01,3.381814792000000236e-01
8.100000000000000000e+05,6.000000000000000000e+02,6.999999999999999556e-01,2.000000000000000111e-01,5.783906474000000131e-01,3.420125761000000209e-01
8.300000000000000000e+05,6.000000000000000000e+02,6.999999999999999556e-01,2.000000000000000111e-01,5.796918674000000049e-01,3.457405165999999919e-01
8.500000000000000000e+05,6.000000000000000000e+02,6.999999999999999556e-01,2.000000000000000111e-01,5.809375763999999887e-01,3.493694097999999748e-01
8.700000000000000000e+05,6.000000000000000000e+02,6.999999999999999556e-01,2.000000000000000111e-01,5.821312642000000537e-01,3.529031494000000047e-01
8.900000000000000000e+05,6.000000000000000000e+02,6.999999999999999556e-01,2.000000000000000111e-01,5.832761333999999520e-01,3.563454279000000113e-01
9.100000000000000000e+05,6.000000000000000000e+02,6.999999999999999556e-01,2.000000000000000111e-01,5.843751291000000014e-01,3.596997490000000131e-01
9.300000000000000000e+05,6.000000000000000000e+02,6.999999999999999556e-01,2.000000000000000111e-01,5.854309637000000288e-01,3.629694395999999990e-01
9.500000000000000000e+05,6.000000000000000000e+02,6.999999999999999556e-01,2.000000000000000111e-01,5.864461399000000519e-01,3.661576612999999925e-01
9.700000000000000000e+05,6.000000000000000000e+02,6.999999999999999556e-01,2.000000000000000111e-01,5.874229700999999970e-01,3.692674199000000046e-01
9.900000000000000000e+05,6.000000000000000000e+02,6.999999999999999556e-01,2.000000000000000111e-01,5.883635946999999922e-01,3.723015751000000040e-01
1.000000000000000000e+05,6.000000000000000000e+02,6.999999999999999556e-01,2.000000000000000111e-01,3.487729407999999864e-01,8.190513216000000485e-02
3.000000000000000000e+05,6.000000000000000000e+02,6.999999999999999556e-01,2.000000000000000111e-01,4.995637339999999815e-01,1.942376456000000085e-01
5.000000000000000000e+05,6.000000000000000000e+02,6.999999999999999556e-01,2.000000000000000111e-01,5.468690430999999519e-01,2.677300022999999918e-01
7.000000000000000000e+05,6.000000000000000000e+02,6.999999999999999556e-01,2.000000000000000111e-01,5.700519003999999779e-01,3.195426219999999984e-01
9.000000000000000000e+05,6.000000000000000000e+02,6.999999999999999556e-01,2.000000000000000111e-01,5.838311907000000023e-01,3.580333712000000057e-01
1.100000000000000000e+06,6.000000000000000000e+02,6.999999999999999556e-01,2.000000000000000111e-01,5.929717649000000312e-01,3.877534476999999757e-01
1.300000000000000000e+06,6.000000000000000000e+02,6.999999999999999556e-01,2.000000000000000111e-01,5.994831781999999665e-01,4.113929923999999905e-01
1.500000000000000000e+06,6.000000000000000000e+02,6.999999999999999556e-01,2.000000000000000111e-01,6.043600887000000199e-01,4.306441088999999889e-01
1.700000000000000000e+06,6.000000000000000000e+02,6.999999999999999556e-01,2.000000000000000111e-01,6.081512865000000545e-01,4.466244046000000245e-01
1.900000000000000000e+06,6.000000000000000000e+02,6.999999999999999556e-01,2.000000000000000111e-01,6.111844235000000181e-01,4.601017209000000108e-01
2.100000000000000000e+06,6.000000000000000000e+02,6.999999999999999556e-01,2.000000000000000111e-01,6.136672437000000313e-01,4.716210282000000142e-01
2.300000000000000000e+06,6.000000000000000000e+02,6.999999999999999556e-01,2.000000000000000111e-01,6.157378592000000150e-01,4.815798139999999949e-01
2.500000000000000000e+06,6.000000000000000000e+02,6.999999999999999556e-01,2.000000000000000111e-01,6.174916810999999672e-01,4.902748098999999971e-01
2.700000000000000000e+06,6.000000000000000000e+02,6.999999999999999556e-01,2.000000000000000111e-01,6.189967463000000114e-01,4.979320123000000042e-01
2.900000000000000000e+06,6.000000000000000000e+02,6.999999999999999556e-01,2.000000000000000111e-01,6.203028829000000188e-01,5.047265732000000282e-01
3.100000000000000000e+06,6.000000000000000000e+02,6.999999999999999556e-01,2.000000000000000111e-01,6.214474229999999988e-01,5.107963363999999951e-01
3.300000000000000000e+06,6.000000000000000000e+02,6.999999999999999556e-01,2.000000000000000111e-01,6.224588915000000000e-01,5.162512684000000185e-01
3.500000000000000000e+06,6.000000000000000000e+02,6.999999999999999556e-01,2.000000000000000111e-01,6.233594605000000177e-01,5.211801657000000310e-01
3.700000000000000000e+06,6.000000000000000000e+02,6.999999999999999556e-01,2.000000000000000111e-01,6.241666254000000080e-01,5.256555152999999869e-01
3.900000000000000000e+06,6.000000000000000000e+02,6.999999999999999556e-01,2.000000000000000111e-01,6.248943774999999867e-01,5.297370740000000300e-01
4.100000000000000000e+06,6.000000000000000000e+02,6.999999999999999556e-01,2.000000000000000111e-01,6.255540400000000334e-01,5.334745456999999691e-01
4.300000000000000000e+06,6.000000000000000000e+02,6.999999999999999556e-01,2.000000000000000111e-01,6.261548756999999465e-01,5.369096097000000123e-01
4.500000000000000000e+06,6.000000000000000000e+02,6.999999999999999556e-01,2.000000000000000111e-01,6.267045355999999456e-01,5.400774767999999559e-01
4.700000000000000000e+06,6.000000000000000000e+02,6.999999999999999556e-01,2.000000000000000111e-01,6.272093953999999805e-01,5.430080977000000253e-01
4.900000000000000000e+06,6.000000000000000000e+02,6.999999999999999556e-01,2.000000000000000111e-01,6.276748105999999661e-01,5.457271097000000459e-01
5.100000000000000000e+06,6.000000000000000000e+02,6.999999999999999556e-01,2.000000000000000111e-01,6.281053130999999512e-01,5.482565856000000126e-01
5.300000000000000000e+06,6.000000000000000000e+02,6.999999999999999556e-01,2.000000000000000111e-01,6.285047637999999770e-01,5.506156329000000405e-01
5.500000000000000000e+06,6.000000000000000000e+02,6.999999999999999556e-01,2.000000000000000111e-01,6.288764726000000138e-01,5.528208753000000142e-01
5.700000000000000000e+06,6.000000000000000000e+02,6.999999999999999556e-01,2.000000000000000111e-01,6.292232932000000334e-01,5.548868433000000433e-01
5.900000000000000000e+06,6.000000000000000000e+02,6.999999999999999556e-01,2.000000000000000111e-01,6.295476995000000020e-01,5.568262940999999522e-01
6.100000000000000000e+06,6.000000000000000000e+02,6.999999999999999556e-01,2.000000000000000111e-01,6.298518465000000344e-01,5.586504733999999583e-01
6.300000000000000000e+06,6.000000000000000000e+02,6.999999999999999556e-01,2.000000000000000111e-01,6.301376204999999953e-01,5.603693333000000498e-01
6.500000000000000000e+06,6.000000000000000000e+02,6.999999999999999556e-01,2.000000000000000111e-01,6.304066794999999557e-01,5.619917128000000428e-01
6.700000000000000000e+06,6.000000000000000000e+02,6.999999999999999556e-01,2.000000000000000111e-01,6.306604868999999836e-01,5.635254894000000236e-01
6.900000000000000000e+06,6.000000000000000000e+02,6.999999999999999556e-01,2.000000000000000111e-01,6.309003393000000015e-01,5.649777058999999602e-01
7.100000000000000000e+06,6.000000000000000000e+02,6.999999999999999556e-01,2.000000000000000111e-01,6.311273897000000410e-01,5.663546787000000027e-01
7.300000000000000000e+06,6.000000000000000000e+02,6.999999999999999556e-01,2.000000000000000111e-01,6.313426667000000547e-01,5.676620886000000032e-01
7.500000000000000000e+06,6.000000000000000000e+02,6.999999999999999556e-01,2.000000000000000111e-01,6.315470909000000521e-01,5.689050588999999825e-01
7.700000000000000000e+06,6.000000000000000000e+02,6.999999999999999556e-01,2.000000000000000111e-01,6.317414889000000366e-01,5.700882223000000026e-01
7.900000000000000000e+06,6.000000000000000000e+02,6.999999999999999556e-01,2.000000000000000111e-01,6.319266050999999829e-01,5.712157778999999991e-01
8.100000000000000000e+06,6.000000000000000000e+02,6.999999999999999556e-01,2.000000000000000111e-01,6.321031111999999563e-01,5.722915412000000313e-01
8.300000000000000000e+06,6.000000000000000000e+02,6.999999999999999556e-01,2.000000000000000111e-01,6.322716153999999866e-01,5.733189865000000163e-01
8.500000000000000000e+06,6.000000000000000000e+02,6.999999999999999556e-01,2.000000000000000111e-01,6.324326695999999970e-01,5.743012843999999451e-01
8.700000000000000000e+06,6.000000000000000000e+02,6.999999999999999556e-01,2.000000000000000111e-01,6.325867754999999759e-01,5.752413344000000262e-01
8.900000000000000000e+06,6.000000000000000000e+02,6.999999999999999556e-01,2.000000000000000111e-01,6.327343908000000461e-01,5.761417929000000049e-01
9.100000000000000000e+06,6.000000000000000000e+02,6.999999999999999556e-01,2.000000000000000111e-01,6.328759332000000182e-01,5.770050985000000354e-01
9.300000000000000000e+06,6.000000000000000000e+02,6.999999999999999556e-01,2.000000000000000111e-01,6.330117853000000183e-01,5.778334936000000255e-01
9.500000000000000000e+06,6.000000000000000000e+02,6.999999999999999556e-01,2.000000000000000111e-01,6.331422977999999757e-01,5.786290439000000285e-01
9.700000000000000000e+06,6.000000000000000000e+02,6.999999999999999556e-01,2.000000000000000111e-01,6.332677931000000315e-01,5.793936553999999850e-01
9.900000000000000000e+06,6.000000000000000000e+02,6.999999999999999556e-01,2.000000000000000111e-01,6.333885677999999686e-01,5.801290896999999891e-01
1.000000000000000000e+06,6.000000000000000000e+02,6.999999999999999556e-01,2.000000000000000111e-01,5.888209556000000289e-01,3.737911574000000181e-01
3.000000000000000000e+06,6.000000000000000000e+02,6.999999999999999556e-01,2.000000000000000111e-01,6.208933966999999887e-01,5.078446175999999923e-01
5.000000000000000000e+06,6.000000000000000000e+02,6.999999999999999556e-01,2.000000000000000111e-01,6.278941703999999513e-01,5.470142820000000183e-01
7.000000000000000000e+06,6.000000000000000000e+02,6.999999999999999556e-01,2.000000000000000111e-01,6.310153978000000441e-01,5.656752287999999851e-01
9.000000000000000000e+06,6.000000000000000000e+02,6.999999999999999556e-01,2.000000000000000111e-01,6.328058963999999564e-01,5.765779452999999499e-01
1.100000000000000000e+07,6.000000000000000000e+02,6.999999999999999556e-01,2.000000000000000111e-01,6.339796866000000364e-01,5.837196612999999701e-01
1.300000000000000000e+07,6.000000000000000000e+02,6.999999999999999556e-01,2.000000000000000111e-01,6.348160446999999706e-01,5.887549954999999891e-01
1.500000000000000000e+07,6.000000000000000000e+02,6.999999999999999556e-01,2.000000000000000111e-01,6.354469955999999531e-01,5.924925908999999491e-01
1.700000000000000000e+07,6.000000000000000000e+02,6.999999999999999556e-01,2.000000000000000111e-01,6.359432093000000341e-01,5.953744120999999723e-01
1.900000000000000000e+07,6.000000000000000000e+02,6.999999999999999556e-01,2.000000000000000111e-01,6.363460092999999596e-01,5.976623720000000528e-01
2.100000000000000000e+07,6.000000000000000000e+02,6.999999999999999556e-01,2.000000000000000111e-01,6.366812159000000415e-01,5.995215176000000534e-01
2.300000000000000000e+07,6.000000000000000000e+02,6.999999999999999556e-01,2.000000000000000111e-01,6.369658193999999662e-01,6.010610039999999543e-01
2.500000000000000000e+07,6.000000000000000000e+02,6.999999999999999556e-01,2.000000000000000111e-01,6.372114732000000448e-01,6.023558961999999628e-01
2.700000000000000000e+07,6.000000000000000000e+02,6.999999999999999556e-01,2.000000000000000111e-01,6.374264476000000013e-01,6.034595059999999789e-01
2.900000000000000000e+07,6.000000000000000000e+02,6.999999999999999556e-01,2.000000000000000111e-01,6.376167816000000155e-01,6.044107345000000464e-01
3.100000000000000000e+07,6.000000000000000000e+02,6.999999999999999556e-01,2.000000000000000111e-01,6.377869929999999687e-01,6.052386299999999997e-01
3.300000000000000000e+07,6.000000000000000000e+02,6.999999999999999556e-01,2.000000000000000111e-01,6.379405324000000377e-01,6.059653182999999999e-01
3.500000000000000000e+07,6.000000000000000000e+02,6.999999999999999556e-01,2.000000000000000111e-01,6.380800837000000225e-01,6.066079477000000386e-01
3.700000000000000000e+07,6.000000000000000000e+02,6.999999999999999556e-01,2.000000000000000111e-01,6.382077675999999755e-01,6.071800121000000550e-01
3.900000000000000000e+07,6.000000000000000000e+02,6.999999999999999556e-01,2.000000000000000111e-01,6.383252834000000542e-01,6.076922746999999791e-01
4.100000000000000000e+07,6.000000000000000000e+02,6.999999999999999556e-01,2.000000000000000111e-01,6.384340104000000293e-01,6.081534240999999508e-01
4.300000000000000000e+07,6.000000000000000000e+02,6.999999999999999556e-01,2.000000000000000111e-01,6.385350799000000244e-01,6.085705507999999986e-01
4.500000000000000000e+07,6.000000000000000000e+02,6.999999999999999556e-01,2.000000000000000111e-01,6.386294299000000452e-01,6.089494978999999697e-01
4.700000000000000000e+07,6.000000000000000000e+02,6.999999999999999556e-01,2.000000000000000111e-01,6.387178450999999590e-01,6.092951234000000271e-01
4.900000000000000000e+07,6.000000000000000000e+02,6.999999999999999556e-01,2.000000000000000111e-01,6.388009874000000199e-01,6.096114990000000011e-01
5.100000000000000000e+07,6.000000000000000000e+02,6.999999999999999556e-01,2.000000000000000111e-01,6.388794193000000288e-01,6.099020628000000332e-01
5.300000000000000000e+07,6.000000000000000000e+02,6.999999999999999556e-01,2.000000000000000111e-01,6.389536223999999764e-01,6.101697376000000395e-01
5.500000000000000000e+07,6.000000000000000000e+02,6.999999999999999556e-01,2.000000000000000111e-01,6.390240114999999888e-01,6.104170236999999499e-01
5.700000000000000000e+07,6.000000000000000000e+02,6.999999999999999556e-01,2.000000000000000111e-01,6.390909460999999459e-01,6.106460727000000421e-01
5.900000000000000000e+07,6.000000000000000000e+02,6.999999999999999556e-01,2.000000000000000111e-01,6.391547395000000131e-01,6.108587457999999915e-01
6.100000000000000000e+07,6.000000000000000000e+02,6.999999999999999556e-01,2.000000000000000111e-01,6.392156661000000240e-01,6.110566612000000175e-01
6.300000000000000000e+07,6.000000000000000000e+02,6.999999999999999556e-01,2.000000000000000111e-01,6.392739674999999844e-01,6.112412323999999453e-01
6.500000000000000000e+07,6.000000000000000000e+02,6.999999999999999556e-01,2.000000000000000111e-01,6.393298570000000014e-01,6.114136994000000103e-01
6.700000000000000000e+07,6.000000000000000000e+02,6.999999999999999556e-01,2.000000000000000111e-01,6.393835243000000057e-01,6.115751546000000038e-01
6.900000000000000000e+07,6.000000000000000000e+02,6.999999999999999556e-01,2.000000000000000111e-01,6.394351381999999751e-01,6.117265640000000282e-01
7.100000000000000000e+07,6.000000000000000000e+02,6.999999999999999556e-01,2.000000000000000111e-01,6.394848496999999687e-01,6.118687848999999623e-01
7.300000000000000000e+07,6.000000000000000000e+02,6.999999999999999556e-01,2.000000000000000111e-01,6.395327946000000097e-01,6.120025806000000124e-01
7.500000000000000000e+07,6.000000000000000000e+02,6.999999999999999556e-01,2.000000000000000111e-01,6.395790948999999781e-01,6.121286330999999858e-01
7.700000000000000000e+07,6.000000000000000000e+02,6.999999999999999556e-01,2.000000000000000111e-01,6.396238609000000075e-01,6.122475536000000496e-01
7.900000000000000000e+07,6.000000000000000000e+02,6.999999999999999556e-01,2.000000000000000111e-01,6.396671926000000452e-01,6.123598912000000061e-01
8.100000000000000000e+07,6.000000000000000000e+02,6.999999999999999556e-01,2.000000000000000111e-01,6.397091807000000463e-01,6.124661407999999474e-01
8.300000000000000000e+07,6.000000000000000000e+02,6.999999999999999556e-01,2.000000000000000111e-01,6.397499078999999700e-01,6.125667495000000073e-01
8.500000000000000000e+07,6.000000000000000000e+02,6.999999999999999556e-01,2.000000000000000111e-01,6.397894497999999652e-01,6.126621222000000477e-01
8.700000000000000000e+07,6.000000000000000000e+02,6.999999999999999556e-01,2.000000000000000111e-01,6.398278753999999680e-01,6.127526263000000473e-01
8.900000000000000000e+07,6.000000000000000000e+02,6.999999999999999556e-01,2.000000000000000111e-01,6.398652481000000058e-01,6.128385964000000463e-01
9.100000000000000000e+07,6.000000000000000000e+02,6.999999999999999556e-01,2.000000000000000111e-01,6.399016262000000177e-01,6.129203372000000538e-01
9.300000000000000000e+07,6.000000000000000000e+02,6.999999999999999556e-01,2.000000000000000111e-01,6.399370632999999975e-01,6.129981274000000369e-01
9.500000000000000000e+07,6.000000000000000000e+02,6.999999999999999556e-01,2.000000000000000111e-01,6.399716090999999496e-01,6.130722220000000000e-01
9.700000000000000000e+07,6.000000000000000000e+02,6.999999999999999556e-01,2.000000000000000111e-01,6.400053093999999998e-01,6.131428545999999535e-01
9.900000000000000000e+07,6.000000000000000000e+02,6.999999999999999556e-01,2.000000000000000111e-01,6.400382064999999843e-01,6.132102403000000423e-01
1.000000000000000000e+07,6.000000000000000000e+02,6.999999999999999556e-01,2.000000000000000111e-01,6.334472713000000033e-01,5.804863796000000464e-01
3.000000000000000000e+07,6.000000000000000000e+02,6.999999999999999556e-01,2.000000000000000111e-01,6.377041660000000167e-01,6.048385803000000394e-01
5.000000000000000000e+07,6.000000000000000000e+02,6.999999999999999556e-01,2.000000000000000111e-01,6.388407603000000323e-01,6.097598137999999945e-01
7.000000000000000000e+07,6.000000000000000000e+02,6.999999999999999556e-01,2.000000000000000111e-01,6.394602229000000415e-01,6.117987731999999790e-01
9.000000000000000000e+07,6.000000000000000000e+02,6.999999999999999556e-01,2.000000000000000111e-01,6.398835579999999634e-01,6.128799775000000061e-01
1.000000000000000000e+08,6.000000000000000000e+02,6.999999999999999556e-01,2.000000000000000111e-01,6.400543664000000188e-01,6.132427778000000274e-01
