# pressure,temperature,f1,f2,molkg1,molkg2
1.000000000000000000e+00,6.000000000000000000e+02,5.000000000000000000e-01,4.000000000000000222e-01,5.394375572999999770e-06,1.904071003000000068e-06
3.000000000000000000e+00,6.000000000000000000e+02,5.000000000000000000e-01,4.000000000000000222e-01,1.618280289000000041e-05,5.712131969999999626e-06
5.000000000000000000e+00,6.000000000000000000e+02,5.000000000000000000e-01,4.000000000000000222e-01,2.697079846999999908e-05,9.520084895999999971e-06
7.000000000000000000e+00,6.000000000000000000e+02,5.000000000000000000e-01,4.000000000000000222e-01,3.775836235000000089e-05,1.332792979000000061e-05
9.000000000000000000e+00,6.000000000000000000e+02,5.000000000000000000e-01,4.000000000000000222e-01,4.854549455999999854e-05,1.713566666000000156e-05
1.100000000000000000e+01,6.000000000000000000e+02,5.000000000000000000e-01,4.000000000000000222e-01,5.933219513000000166e-05,2.094329552000000056e-05
1.300000000000000000e+01,6.000000000000000000e+02,5.000000000000000000e-01,4.000000000000000222e-01,7.011846410000000277e-05,2.475081638000000081e-05
1.500000000000000000e+01,6.000000000000000000e+02,5.000000000000000000e-01,4.000000000000000222e-01,8.090430151000000119e-05,2.855822925999999858e-05
1.700000000000000000e+01,6.000000000000000000e+02,5.000000000000000000e-01,4.000000000000000222e-01,9.168970739000000653e-05,3.236553415000000081e-05
1.900000000000000000e+01,6.000000000000000000e+02,5.000000000000000000e-01,4.000000000000000222e-01,1.024746817999999974e-04,3.617273107000000039e-05
2.100000000000000000e+01,6.000000000000000000e+02,5.000000000000000000e-01,4.000000000000000222e-01,1.132592247000000017e-04,3.997982002999999712e-05
2.300000000000000000e+01,6.000000000000000000e+02,5.000000000000000000e-01,4.000000000000000222e-01,1.240433362000000004e-04,4.378680104999999745e-05
2.500000000000000000e+01,6.000000000000000000e+02,5.000000000000000000e-01,4.000000000000000222e-01,1.348270163999999987e-04,4.759367413000000136e-05
2.700000000000000000e+01,6.000000000000000000e+02,5.000000000000000000e-01,4.000000000000000222e-01,1.456102651000000135e-04,5.140043927999999853e-05
2.900000000000000000e+01,6.000000000000000000e+02,5.000000000000000000e-01,4.000000000000000222e-01,1.563930826000000057e-04,5.520709652000000214e-05
3.100000000000000000e+01,6.000000000000000000e+02,5.000000000000000000e-01,4.000000000000000222e-01,1.671754687999999975e-04,5.901364584999999865e-05
3.300000000000000000e+01,6.000000000000000000e+02,5.000000000000000000e-01,4.000000000000000222e-01,1.779574236999999887e-04,6.282008727999999805e-05
3.500000000000000000e+01,6.000000000000000000e+02,5.000000000000000000e-01,4.000000000000000222e-01,1.887389474000000116e-04,6.662642083000000677e-05
3.700000000000000000e+01,6.000000000000000000e+02,5.000000000000000000e-01,4.000000000000000222e-01,1.995200399999999899e-04,7.043264649999999769e-05
3.900000000000000000e+01,6.000000000000000000e+02,5.000000000000000000e-01,4.000000000000000222e-01,2.103007013999999997e-04,7.423876431000000435e-05
4.100000000000000000e+01,6.000000000000000000e+02,5.000000000000000000e-01,4.000000000000000222e-01,2.210809316999999921e-04,7.804477425999999964e-05
4.300000000000000000e+01,6.000000000000000000e+02,5.000000000000000000e-01,4.000000000000000222e-01,2.318607308999999939e-04,8.185067637000000354e-05
4.500000000000000000e+01,6.000000000000000000e+02,5.000000000000000000e-01,4.000000000000000222e-01,2.426400991000000104e-04,8.565647065000000571e-05
4.700000000000000000e+01,6.000000000000000000e+02,5.000000000000000000e-01,4.000000000000000222e-01,2.534190363000000143e-04,8.946215710999999582e-05
4.900000000000000000e+01,6.000000000000000000e+02,5.000000000000000000e-01,4.000000000000000222e-01,2.641975424999999785e-04,9.326773575000000096e-05
5.100000000000000000e+01,6.000000000000000000e+02,5.000000000000000000e-01,4.000000000000000222e-01,2.749756178999999945e-04,9.707320659000000045e-05
5.300000000000000000e+01,6.000000000000000000e+02,5.000000000000000000e-01,4.000000000000000222e-01,2.857532622999999980e-04,1.008785695999999982e-04
5.500000000000000000e+01,6.000000000000000000e+02,5.000000000000000000e-01,4.000000000000000222e-01,2.965304758000000210e-04,1.046838249000000057e-04
5.700000000000000000e+01,6.000000000000000000e+02,5.000000000000000000e-01,4.000000000000000222e-01,3.073072586000000195e-04,1.084889723999999940e-04
5.900000000000000000e+01,6.000000000000000000e+02,5.000000000000000000e-01,4.000000000000000222e-01,3.180836104999999834e-04,1.122940121000000037e-04
6.100000000000000000e+01,6.000000000000000000e+02,5.000000000000000000e-01,4.000000000000000222e-01,3.288595316999999769e-04,1.160989440999999993e-04
6.300000000000000000e+01,6.000000000000000000e+02,5.000000000000000000e-01,4.000000000000000222e-01,3.396350222000000000e-04,1.199037683999999943e-04
6.500000000000000000e+01,6.000000000000000000e+02,5.000000000000000000e-01,4.000000000000000222e-01,3.504100819999999986e-04,1.237084848999999971e-04
6.700000000000000000e+01,6.000000000000000000e+02,5.000000000000000000e-01,4.000000000000000222e-01,3.611847112000000047e-04,1.275130937000000129e-04
6.900000000000000000e+01,6.000000000000000000e+02,5.000000000000000000e-01,4.000000000000000222e-01,3.719589096999999863e-04,1.313175947999999874e-04
7.100000000000000000e+01,6.000000000000000000e+02,5.000000000000000000e-01,4.000000000000000222e-01,3.827326777000000075e-04,1.351219882000000020e-04
7.300000000000000000e+01,6.000000000000000000e+02,5.000000000000000000e-01,4.000000000000000222e-01,3.935060150999999820e-04,1.389262739000000023e-04
7.500000000000000000e+01,6.000000000000000000e+02,5.000000000000000000e-01,4.000000000000000222e-01,4.042789219999999963e-04,1.427304518999999885e-04
7.700000000000000000e+01,6.000000000000000000e+02,5.000000000000000000e-01,4.000000000000000222e-01,4.150513984999999739e-04,1.465345222999999927e-04
7.900000000000000000e+01,6.000000000000000000e+02,5.000000000000000000e-01,4.000000000000000222e-01,4.258234444999999912e-04,1.503384850000000098e-04
8.100000000000000000e+01,6.000000000000000000e+02,5.000000000000000000e-01,4.000000000000000222e-01,4.365950601000000261e-04,1.541423400999999906e-04
8.300000000000000000e+01,6.000000000000000000e+02,5.000000000000000000e-01,4.000000000000000222e-01,4.473662454000000024e-04,1.579460875000000114e-04
8.500000000000000000e+01,6.000000000000000000e+02,5.000000000000000000e-01,4.000000000000000222e-01,4.581370002999999962e-04,1.617497272999999960e-04
8.700000000000000000e+01,6.000000000000000000e+02,5.000000000000000000e-01,4.000000000000000222e-01,4.689073250000000176e-04,1.655532594999999986e-04
8.900000000000000000e+01,6.000000000000000000e+02,5.000000000000000000e-01,4.000000000000000222e-01,4.796772193999999804e-04,1.693566840999999920e-04
9.100000000000000000e+01,6.000000000000000000e+02,5.000000000000000000e-01,4.000000000000000222e-01,4.904466835000000470e-04,1.731600011000000033e-04
9.300000000000000000e+01,6.000000000000000000e+02,5.000000000000000000e-01,4.000000000000000222e-01,5.012157175000000109e-04,1.769632105000000055e-04
9.500000000000000000e+01,6.000000000000000000e+02,5.000000000000000000e-01,4.000000000000000222e-01,5.119843213000000023e-04,1.807663124000000036e-04
9.700000000000000000e+01,6.000000000000000000e+02,5.000000000000000000e-01,4.000000000000000222e-01,5.227524949999999993e-04,1.845693065999999874e-04
9.900000000000000000e+01,6.000000000000000000e+02,5.000000000000000000e-01,4.000000000000000222e-01,5.335202386000000019e-04,1.883721933999999993e-04
1.000000000000000000e+01,6.000000000000000000e+02,5.000000000000000000e-01,4.000000000000000222e-01,5.393889878999999705e-05,1.903949458999999964e-05
3.000000000000000000e+01,6.000000000000000000e+02,5.000000000000000000e-01,4.000000000000000222e-01,1.617843296000000112e-04,5.711038467000000262e-05
5.000000000000000000e+01,6.000000000000000000e+02,5.000000000000000000e-01,4.000000000000000222e-01,2.695866340999999826e-04,9.517048464000000488e-05
7.000000000000000000e+01,6.000000000000000000e+02,5.000000000000000000e-01,4.000000000000000222e-01,3.773458474999999879e-04,1.332198049999999950e-04
9.000000000000000000e+01,6.000000000000000000e+02,5.000000000000000000e-01,4.000000000000000222e-01,4.850620052000000158e-04,1.712583560999999979e-04
1.100000000000000000e+02,6.000000000000000000e+02,5.000000000000000000e-01,4.000000000000000222e-01,5.927351422999999585e-04,2.092861483000000081e-04
1.300000000000000000e+02,6.000000000000000000e+02,5.000000000000000000e-01,4.000000000000000222e-01,7.003652940000000115e-04,2.473031921999999886e-04
1.500000000000000000e+02,6.000000000000000000e+02,5.000000000000000000e-01,4.000000000000000222e-01,8.079524954999999908e-04,2.853094981000000229e-04
1.700000000000000000e+02,6.000000000000000000e+02,5.000000000000000000e-01,4.000000000000000222e-01,9.154967817999999733e-04,3.233050764000000099e-04
1.900000000000000000e+02,6.000000000000000000e+02,5.000000000000000000e-01,4.000000000000000222e-01,1.022998187999999906e-03,3.612899374000000060e-04
2.100000000000000000e+02,6.000000000000000000e+02,5.000000000000000000e-01,4.000000000000000222e-01,1.130456748999999995e-03,3.992640914999999913e-04
2.300000000000000000e+02,6.000000000000000000e+02,5.000000000000000000e-01,4.000000000000000222e-01,1.237872500000000058e-03,4.372275491000000001e-04
2.500000000000000000e+02,6.000000000000000000e+02,5.000000000000000000e-01,4.000000000000000222e-01,1.345245475999999954e-03,4.751803204000000025e-04
2.700000000000000000e+02,6.000000000000000000e+02,5.000000000000000000e-01,4.000000000000000222e-01,1.452575710999999981e-03,5.131224158999999566e-04
2.900000000000000000e+02,6.000000000000000000e+02,5.000000000000000000e-01,4.000000000000000222e-01,1.559863240999999996e-03,5.510538456999999630e-04
3.100000000000000000e+02,6.000000000000000000e+02,5.000000000000000000e-01,4.000000000000000222e-01,1.667108101000000075e-03,5.889746202999999796e-04
3.300000000000000000e+02,6.000000000000000000e+02,5.000000000000000000e-01,4.000000000000000222e-01,1.774310324000000086e-03,6.268847499000000309e-04
3.500000000000000000e+02,6.000000000000000000e+02,5.000000000000000000e-01,4.000000000000000222e-01,1.881469947000000099e-03,6.647842447000000326e-04
3.700000000000000000e+02,6.000000000000000000e+02,5.000000000000000000e-01,4.000000000000000222e-01,1.988587002999999982e-03,7.026731149999999870e-04
3.900000000000000000e+02,6.000000000000000000e+02,5.000000000000000000e-01,4.000000000000000222e-01,2.095661528000000023e-03,7.405513711000000047e-04
4.100000000000000000e+02,6.000000000000000000e+02,5.000000000000000000e-01,4.000000000000000222e-01,2.202693554999999876e-03,7.784190232000000017e-04
4.300000000000000000e+02,6.000000000000000000e+02,5.000000000000000000e-01,4.000000000000000222e-01,2.309683120999999825e-03,8.162760815000000020e-04
4.500000000000000000e+02,6.000000000000000000e+02,5.000000000000000000e-01,4.000000000000000222e-01,2.416630258000000177e-03,8.541225563000000081e-04
4.700000000000000000e+02,6.000000000000000000e+02,5.000000000000000000e-01,4.000000000000000222e-01,2.523535001999999920e-03,8.919584576999999579e-04
4.900000000000000000e+02,6.000000000000000000e+02,5.000000000000000000e-01,4.000000000000000222e-01,2.630397386999999785e-03,9.297837958999999840e-04
5.100000000000000000e+02,6.000000000000000000e+02,5.000000000000000000e-01,4.000000000000000222e-01,2.737217448000000067e-03,9.675985810000000244e-04
5.300000000000000000e+02,6.000000000000000000e+02,5.000000000000000000e-01,4.000000000000000222e-01,2.843995218000000200e-03,1.005402823000000039e-03
5.500000000000000000e+02,6.000000000000000000e+02,5.000000000000000000e-01,4.000000000000000222e-01,2.950730734000000036e-03,1.043196532999999962e-03
5.700000000000000000e+02,6.000000000000000000e+02,5.000000000000000000e-01,4.000000000000000222e-01,3.057424026999999885e-03,1.080979720000000083e-03
5.900000000000000000e+02,6.000000000000000000e+02,5.000000000000000000e-01,4.000000000000000222e-01,3.164075134000000032e-03,1.118752394999999924e-03
6.100000000000000000e+02,6.000000000000000000e+02,5.000000000000000000e-01,4.000000000000000222e-01,3.270684087999999913e-03,1.156514567000000099e-03
6.300000000000000000e+02,6.000000000000000000e+02,5.000000000000000000e-01,4.000000000000000222e-01,3.377250923999999821e-03,1.194266246999999915e-03
6.500000000000000000e+02,6.000000000000000000e+02,5.000000000000000000e-01,4.000000000000000222e-01,3.483775675000000058e-03,1.232007444999999981e-03
6.700000000000000000e+02,6.000000000000000000e+02,5.000000000000000000e-01,4.000000000000000222e-01,3.590258376000000050e-03,1.269738171000000040e-03
6.900000000000000000e+02,6.000000000000000000e+02,5.000000000000000000e-01,4.000000000000000222e-01,3.696699062000000091e-03,1.307458434000000058e-03
7.100000000000000000e+02,6.000000000000000000e+02,5.000000000000000000e-01,4.000000000000000222e-01,3.803097765000000054e-03,1.345168245999999986e-03
7.300000000000000000e+02,6.000000000000000000e+02,5.000000000000000000e-01,4.000000000000000222e-01,3.909454520000000231e-03,1.382867616000000004e-03
7.500000000000000000e+02,6.000000000000000000e+02,5.000000000000000000e-01,4.000000000000000222e-01,4.015769360999999621e-03,1.420556554000000074e-03
7.700000000000000000e+02,6.000000000000000000e+02,5.000000000000000000e-01,4.000000000000000222e-01,4.122042321999999821e-03,1.458235070999999933e-03
7.900000000000000000e+02,6.000000000000000000e+02,5.000000000000000000e-01,4.000000000000000222e-01,4.228273438000000259e-03,1.495903174999999984e-03
8.100000000000000000e+02,6.000000000000000000e+02,5.000000000000000000e-01,4.000000000000000222e-01,4.334462740999999938e-03,1.533560876999999966e-03
8.300000000000000000e+02,6.000000000000000000e+02,5.000000000000000000e-01,4.000000000000000222e-01,4.440610266000000021e-03,1.571208188000000052e-03
8.500000000000000000e+02,6.000000000000000000e+02,5.000000000000000000e-01,4.000000000000000222e-01,4.546716045999999942e-03,1.608845115999999993e-03
8.700000000000000000e+02,6.000000000000000000e+02,5.000000000000000000e-01,4.000000000000000222e-01,4.652780115999999994e-03,1.646471672999999959e-03
8.900000000000000000e+02,6.000000000000000000e+02,5.000000000000000000e-01,4.000000000000000222e-01,4.758802508000000049e-03,1.684087867999999912e-03
9.100000000000000000e+02,6.000000000000000000e+02,5.000000000000000000e-01,4.000000000000000222e-01,4.864783257999999964e-03,1.721693710000000033e-03
9.300000000000000000e+02,6.000000000000000000e+02,5.000000000000000000e-01,4.000000000000000222e-01,4.970722397999999612e-03,1.759289211000000059e-03
9.500000000000000000e+02,6.000000000000000000e+02,5.000000000000000000e-01,4.000000000000000222e-01,5.076619961999999722e-03,1.796874378999999957e-03
9.700000000000000000e+02,6.000000000000000000e+02,5.000000000000000000e-01,4.000000000000000222e-01,5.182475982999999731e-03,1.834449223999999904e-03
9.900000000000000000e+02,6.000000000000000000e+02,5.000000000000000000e-01,4.000000000000000222e-01,5.288290495999999931e-03,1.872013758000000069e-03
1.000000000000000000e+02,6.000000000000000000e+02,5.000000000000000000e-01,4.000000000000000222e-01,5.389039490999999538e-04,1.902735963999999959e-04
3.000000000000000000e+02,6.000000000000000000e+02,5.000000000000000000e-01,4.000000000000000222e-01,1.613491003000000088e-03,5.700155642999999535e-04
5.000000000000000000e+02,6.000000000000000000e+02,5.000000000000000000e-01,4.000000000000000222e-01,2.683812706000000044e-03,9.486925068999999509e-04
7.000000000000000000e+02,6.000000000000000000e+02,5.000000000000000000e-01,4.000000000000000222e-01,3.749903659000000146e-03,1.326314645999999899e-03
9.000000000000000000e+02,6.000000000000000000e+02,5.000000000000000000e-01,4.000000000000000222e-01,4.811798085999999600e-03,1.702892082000000010e-03
1.100000000000000000e+03,6.000000000000000000e+02,5.000000000000000000e-01,4.000000000000000222e-01,5.869529842999999733e-03,2.078434794999999956e-03
1.300000000000000000e+03,6.000000000000000000e+02,5.000000000000000000e-01,4.000000000000000222e-01,6.923132412999999895e-03,2.452952645000000022e-03
1.500000000000000000e+03,6.000000000000000000e+02,5.000000000000000000e-01,4.000000000000000222e-01,7.972638919000000005e-03,2.826455376000000085e-03
1.700000000000000000e+03,6.000000000000000000e+02,5.000000000000000000e-01,4.000000000000000222e-01,9.018082122999999256e-03,3.198952615999999839e-03
1.900000000000000000e+03,6.000000000000000000e+02,5.000000000000000000e-01,4.000000000000000222e-01,1.005949442999999957e-02,3.570453874999999881e-03
2.100000000000000000e+03,6.000000000000000000e+02,5.000000000000000000e-01,4.000000000000000222e-01,1.109690789000000039e-02,3.940968553999999943e-03
2.300000000000000000e+03,6.000000000000000000e+02,5.000000000000000000e-01,4.000000000000000222e-01,1.213035420000000038e-02,4.310505939000000217e-03
2.500000000000000000e+03,6.000000000000000000e+02,5.000000000000000000e-01,4.000000000000000222e-01,1.315986471999999914e-02,4.679075205999999598e-03
2.700000000000000000e+03,6.000000000000000000e+02,5.000000000000000000e-01,4.000000000000000222e-01,1.418547046999999936e-02,5.046685421999999588e-03
2.900000000000000000e+03,6.000000000000000000e+02,5.000000000000000000e-01,4.000000000000000222e-01,1.520720210999999995e-02,5.413345544999999953e-03
3.100000000000000000e+03,6.000000000000000000e+02,5.000000000000000000e-01,4.000000000000000222e-01,1.622508999000000021e-02,5.779064425000000026e-03
3.300000000000000000e+03,6.000000000000000000e+02,5.000000000000000000e-01,4.000000000000000222e-01,1.723916409999999913e-02,6.143850808999999982e-03
3.500000000000000000e+03,6.000000000000000000e+02,5.000000000000000000e-01,4.000000000000000222e-01,1.824945412999999864e-02,6.507713338000000423e-03
3.700000000000000000e+03,6.000000000000000000e+02,5.000000000000000000e-01,4.000000000000000222e-01,1.925598942000000119e-02,6.870660548000000201e-03
3.900000000000000000e+03,6.000000000000000000e+02,5.000000000000000000e-01,4.000000000000000222e-01,2.025879900999999830e-02,7.232700877000000292e-03
4.100000000000000000e+03,6.000000000000000000e+02,5.000000000000000000e-01,4.000000000000000222e-01,2.125791159999999846e-02,7.593842659000000356e-03
4.300000000000000000e+03,6.000000000000000000e+02,5.000000000000000000e-01,4.000000000000000222e-01,2.225335558999999921e-02,7.954094130000000443e-03
4.500000000000000000e+03,6.000000000000000000e+02,5.000000000000000000e-01,4.000000000000000222e-01,2.324515905999999937e-02,8.313463425999999268e-03
4.700000000000000000e+03,6.000000000000000000e+02,5.000000000000000000e-01,4.000000000000000222e-01,2.423334976999999904e-02,8.671958586000000704e-03
4.900000000000000000e+03,6.000000000000000000e+02,5.000000000000000000e-01,4.000000000000000222e-01,2.521795521000000026e-02,9.029587554999999460e-03
5.100000000000000000e+03,6.000000000000000000e+02,5.000000000000000000e-01,4.000000000000000222e-01,2.619900252000000040e-02,9.386358181000000606e-03
5.300000000000000000e+03,6.000000000000000000e+02,5.000000000000000000e-01,4.000000000000000222e-01,2.717651859000000045e-02,9.742278216999999615e-03
5.500000000000000000e+03,6.000000000000000000e+02,5.000000000000000000e-01,4.000000000000000222e-01,2.815052996000000016e-02,1.009735533000000011e-02
5.700000000000000000e+03,6.000000000000000000e+02,5.000000000000000000e-01,4.000000000000000222e-01,2.912106291999999944e-02,1.045159707999999965e-02
5.900000000000000000e+03,6.000000000000000000e+02,5.000000000000000000e-01,4.000000000000000222e-01,3.008814346000000112e-02,1.080501095999999994e-02
6.100000000000000000e+03,6.000000000000000000e+02,5.000000000000000000e-01,4.000000000000000222e-01,3.105179725999999973e-02,1.115760434000000016e-02
6.300000000000000000e+03,6.000000000000000000e+02,5.000000000000000000e-01,4.000000000000000222e-01,3.201204975000000036e-02,1.150938454999999964e-02
6.500000000000000000e+03,6.000000000000000000e+02,5.000000000000000000e-01,4.000000000000000222e-01,3.296892606000000059e-02,1.186035878000000002e-02
6.700000000000000000e+03,6.000000000000000000e+02,5.000000000000000000e-01,4.000000000000000222e-01,3.392245103000000178e-02,1.221053417000000051e-02
6.900000000000000000e+03,6.000000000000000000e+02,5.000000000000000000e-01,4.000000000000000222e-01,3.487264925999999932e-02,1.255991774999999991e-02
7.100000000000000000e+03,6.000000000000000000e+02,5.000000000000000000e-01,4.000000000000000222e-01,3.581954503999999762e-02,1.290851649999999982e-02
7.300000000000000000e+03,6.000000000000000000e+02,5.000000000000000000e-01,4.000000000000000222e-01,3.676316242000000206e-02,1.325633726999999977e-02
7.500000000000000000e+03,6.000000000000000000e+02,5.000000000000000000e-01,4.000000000000000222e-01,3.770352516000000098e-02,1.360338686999999942e-02
7.700000000000000000e+03,6.000000000000000000e+02,5.000000000000000000e-01,4.000000000000000222e-01,3.864065678999999837e-02,1.394967199999999977e-02
7.900000000000000000e+03,6.000000000000000000e+02,5.000000000000000000e-01,4.000000000000000222e-01,3.957458054000000114e-02,1.429519930000000029e-02
8.100000000000000000e+03,6.000000000000000000e+02,5.000000000000000000e-01,4.000000000000000222e-01,4.050531940000000330e-02,1.463997531999999997e-02
8.300000000000000000e+03,6.000000000000000000e+02,5.000000000000000000e-01,4.000000000000000222e-01,4.143289611999999983e-02,1.498400652999999985e-02
8.500000000000000000e+03,6.000000000000000000e+02,5.000000000000000000e-01,4.000000000000000222e-01,4.235733317999999803e-02,1.532729931999999955e-02
8.700000000000000000e+03,6.000000000000000000e+02,5.000000000000000000e-01,4.000000000000000222e-01,4.327865280999999842e-02,1.566986001999999892e-02
8.900000000000000000e+03,6.000000000000000000e+02,5.000000000000000000e-01,4.000000000000000222e-01,4.419687700000000247e-02,1.601169486999999905e-02
9.100000000000000000e+03,6.000000000000000000e+02,5.000000000000000000e-01,4.000000000000000222e-01,4.511202748999999790e-02,1.635281003000000136e-02
9.300000000000000000e+03,6.000000000000000000e+02,5.000000000000000000e-01,4.000000000000000222e-01,4.602412580000000281e-02,1.669321161000000137e-02
9.500000000000000000e+03,6.000000000000000000e+02,5.000000000000000000e-01,4.000000000000000222e-01,4.693319317999999907e-02,1.703290560999999939e-02
9.700000000000000000e+03,6.000000000000000000e+02,5.000000000000000000e-01,4.000000000000000222e-01,4.783925066999999975e-02,1.737189800000000020e-02
9.900000000000000000e+03,6.000000000000000000e+02,5.000000000000000000e-01,4.000000000000000222e-01,4.874231905999999725e-02,1.771019463999999946e-02
1.000000000000000000e+03,6.000000000000000000e+02,5.000000000000000000e-01,4.000000000000000222e-01,5.341182197000000388e-03,1.890792160000000091e-03
3.000000000000000000e+03,6.000000000000000000e+02,5.000000000000000000e-01,4.000000000000000222e-01,1.571662463999999940e-02,5.596322090999999999e-03
5.000000000000000000e+03,6.000000000000000000e+02,5.000000000000000000e-01,4.000000000000000222e-01,2.570892195000000144e-02,9.208079674000000867e-03
7.000000000000000000e+03,6.000000000000000000e+02,5.000000000000000000e-01,4.000000000000000222e-01,3.534650844000000042e-02,1.273431480000000032e-02
9.000000000000000000e+03,6.000000000000000000e+02,5.000000000000000000e-01,4.000000000000000222e-01,4.465483510999999905e-02,1.618234203000000135e-02
1.100000000000000000e+04,6.000000000000000000e+02,5.000000000000000000e-01,4.000000000000000222e-01,5.365667283000000176e-02,1.955864587999999946e-02
1.300000000000000000e+04,6.000000000000000000e+02,5.000000000000000000e-01,4.000000000000000222e-01,6.237239232999999827e-02,2.286897469999999918e-02
1.500000000000000000e+04,6.000000000000000000e+02,5.000000000000000000e-01,4.000000000000000222e-01,7.082022145999999907e-02,2.611842425999999842e-02
1.700000000000000000e+04,6.000000000000000000e+02,5.000000000000000000e-01,4.000000000000000222e-01,7.901648080999999768e-02,2.931151212000000089e-02
1.900000000000000000e+04,6.000000000000000000e+02,5.000000000000000000e-01,4.000000000000000222e-01,8.697579833999999344e-02,3.245224372999999662e-02
2.100000000000000000e+04,6.000000000000000000e+02,5.000000000000000000e-01,4.000000000000000222e-01,9.471130427000000462e-02,3.554417108999999991e-02
2.300000000000000000e+04,6.000000000000000000e+02,5.000000000000000000e-01,4.000000000000000222e-01,1.022348069000000026e-01,3.859044491000000049e-02
2.500000000000000000e+04,6.000000000000000000e+02,5.000000000000000000e-01,4.000000000000000222e-01,1.095569509999999996e-01,4.159386084999999733e-02
2.700000000000000000e+04,6.000000000000000000e+02,5.000000000000000000e-01,4.000000000000000222e-01,1.166873591999999932e-01,4.455690055000000038e-02
2.900000000000000000e+04,6.000000000000000000e+02,5.000000000000000000e-01,4.000000000000000222e-01,1.236347581000000057e-01,4.748176808000000026e-02
3.100000000000000000e+04,6.000000000000000000e+02,5.000000000000000000e-01,4.000000000000000222e-01,1.304070903000000003e-01,5.037042231999999675e-02
3.300000000000000000e+04,6.000000000000000000e+02,5.000000000000000000e-01,4.000000000000000222e-01,1.370116131000000126e-01,5.322460558000000064e-02
3.500000000000000000e+04,6.000000000000000000e+02,5.000000000000000000e-01,4.000000000000000222e-01,1.434549853000000041e-01,5.604586912000000115e-02
3.700000000000000000e+04,6.000000000000000000e+02,5.000000000000000000e-01,4.000000000000000222e-01,1.497433432999999980e-01,5.883559567999999823e-02
3.900000000000000000e+04,6.000000000000000000e+02,5.000000000000000000e-01,4.000000000000000222e-01,1.558823673999999992e-01,6.159501958000000027e-02
4.100000000000000000e+04,6.000000000000000000e+02,5.000000000000000000e-01,4.000000000000000222e-01,1.618773390000000090e-01,6.432524442999999759e-02
4.300000000000000000e+04,6.000000000000000000e+02,5.000000000000000000e-01,4.000000000000000222e-01,1.677331908999999954e-01,6.702725887999999577e-02
4.500000000000000000e+04,6.000000000000000000e+02,5.000000000000000000e-01,4.000000000000000222e-01,1.734545497999999963e-01,6.970195058000000499e-02
4.700000000000000000e+04,6.000000000000000000e+02,5.000000000000000000e-01,4.000000000000000222e-01,1.790457732000000080e-01,7.235011846000000135e-02
4.900000000000000000e+04,6.000000000000000000e+02,5.000000000000000000e-01,4.000000000000000222e-01,1.845109809999999906e-01,7.497248367000000635e-02
5.100000000000000000e+04,6.000000000000000000e+02,5.000000000000000000e-01,4.000000000000000222e-01,1.898540821999999961e-01,7.756969919999999463e-02
5.300000000000000000e+04,6.000000000000000000e+02,5.000000000000000000e-01,4.000000000000000222e-01,1.950787978000000089e-01,8.014235838000000056e-02
5.500000000000000000e+04,6.000000000000000000e+02,5.000000000000000000e-01,4.000000000000000222e-01,2.001886804000000131e-01,8.269100233999999994e-02
5.700000000000000000e+04,6.000000000000000000e+02,5.000000000000000000e-01,4.000000000000000222e-01,2.051871302000000119e-01,8.521612662999999976e-02
5.900000000000000000e+04,6.000000000000000000e+02,5.000000000000000000e-01,4.000000000000000222e-01,2.100774096999999951e-01,8.771818697000000054e-02
6.100000000000000000e+04,6.000000000000000000e+02,5.000000000000000000e-01,4.000000000000000222e-01,2.148626546000000082e-01,9.019760440000000601e-02
6.300000000000000000e+04,6.000000000000000000e+02,5.000000000000000000e-01,4.000000000000000222e-01,2.195458842999999938e-01,9.265476964999999621e-02
6.500000000000000000e+04,6.000000000000000000e+02,5.000000000000000000e-01,4.000000000000000222e-01,2.241300103999999960e-01,9.509004708000000361e-02
6.700000000000000000e+04,6.000000000000000000e+02,5.000000000000000000e-01,4.000000000000000222e-01,2.286178436000000092e-01,9.750377808000000590e-02
6.900000000000000000e+04,6.000000000000000000e+02,5.000000000000000000e-01,4.000000000000000222e-01,2.330120997000000027e-01,9.989628404000000517e-02
7.100000000000000000e+04,6.000000000000000000e+02,5.000000000000000000e-01,4.000000000000000222e-01,2.373154056000000012e-01,1.022678689000000030e-01
7.300000000000000000e+04,6.000000000000000000e+02,5.000000000000000000e-01,4.000000000000000222e-01,2.415303028000000130e-01,1.046188215000000005e-01
7.500000000000000000e+04,6.000000000000000000e+02,5.000000000000000000e-01,4.000000000000000222e-01,2.456592522999999917e-01,1.069494173000000020e-01
7.700000000000000000e+04,6.000000000000000000e+02,5.000000000000000000e-01,4.000000000000000222e-01,2.497046374999999929e-01,1.092599204000000018e-01
7.900000000000000000e+04,6.000000000000000000e+02,5.000000000000000000e-01,4.000000000000000222e-01,2.536687671999999782e-01,1.115505846000000023e-01
8.100000000000000000e+04,6.000000000000000000e+02,5.000000000000000000e-01,4.000000000000000222e-01,2.575538788999999773e-01,1.138216549999999938e-01
8.300000000000000000e+04,6.000000000000000000e+02,5.000000000000000000e-01,4.000000000000000222e-01,2.613621407000000230e-01,1.160733689999999957e-01
8.500000000000000000e+04,6.000000000000000000e+02,5.000000000000000000e-01,4.000000000000000222e-01,2.650956539000000056e-01,1.183059570000000033e-01
8.700000000000000000e+04,6.000000000000000000e+02,5.000000000000000000e-01,4.000000000000000222e-01,2.687564552999999745e-01,1.205196434999999955e-01
8.900000000000000000e+04,6.000000000000000000e+02,5.000000000000000000e-01,4.000000000000000222e-01,2.723465186999999843e-01,1.227146476000000042e-01
9.100000000000000000e+04,6.000000000000000000e+02,5.000000000000000000e-01,4.000000000000000222e-01,2.758677573000000161e-01,1.248911835999999970e-01
9.300000000000000000e+04,6.000000000000000000e+02,5.000000000000000000e-01,4.000000000000000222e-01,2.793220251999999904e-01,1.270494614999999883e-01
9.500000000000000000e+04,6.000000000000000000e+02,5.000000000000000000e-01,4.000000000000000222e-01,2.827111192999999800e-01,1.291896875000000111e-01
9.700000000000000000e+04,6.000000000000000000e+02,5.000000000000000000e-01,4.000000000000000222e-01,2.860367806999999929e-01,1.313120641999999949e-01
9.900000000000000000e+04,6.000000000000000000e+02,5.000000000000000000e-01,4.000000000000000222e-01,2.893006967999999790e-01,1.334167910999999873e-01
1.000000000000000000e+04,6.000000000000000000e+02,5.000000000000000000e-01,4.000000000000000222e-01,4.919273879000000266e-02,1.787908388000000043e-02
3.000000000000000000e+04,6.000000000000000000e+02,5.000000000000000000e-01,4.000000000000000222e-01,1.270423390000000041e-01,4.893050821000000106e-02
5.000000000000000000e+04,6.000000000000000000e+02,5.000000000000000000e-01,4.000000000000000222e-01,1.871975582000000027e-01,7.627419675999999593e-02
7.000000000000000000e+04,6.000000000000000000e+02,5.000000000000000000e-01,4.000000000000000222e-01,2.351749606000000103e-01,1.010846732000000026e-01
9.000000000000000000e+04,6.000000000000000000e+02,5.000000000000000000e-01,4.000000000000000222e-01,2.741156238999999939e-01,1.238052109000000039e-01
1.100000000000000000e+05,6.000000000000000000e+02,5.000000000000000000e-01,4.000000000000000222e-01,3.062190955999999908e-01,1.446859440999999913e-01
1.300000000000000000e+05,6.000000000000000000e+02,5.000000000000000000e-01,4.000000000000000222e-01,3.330884343000000136e-01,1.639230724000000083e-01
1.500000000000000000e+05,6.000000000000000000e+02,5.000000000000000000e-01,4.000000000000000222e-01,3.558928840999999732e-01,1.816889601999999992e-01
1.700000000000000000e+05,6.000000000000000000e+02,5.000000000000000000e-01,4.000000000000000222e-01,3.754892140000000156e-01,1.981373019999999874e-01
1.900000000000000000e+05,6.000000000000000000e+02,5.000000000000000000e-01,4.000000000000000222e-01,3.925127392000000159e-01,2.134042972999999899e-01
2.100000000000000000e+05,6.000000000000000000e+02,5.000000000000000000e-01,4.000000000000000222e-01,4.074420228999999782e-01,2.276098897000000121e-01
2.300000000000000000e+05,6.000000000000000000e+02,5.000000000000000000e-01,4.000000000000000222e-01,4.206436123000000249e-01,2.408593864999999945e-01
2.500000000000000000e+05,6.000000000000000000e+02,5.000000000000000000e-01,4.000000000000000222e-01,4.324028142999999935e-01,2.532452089000000184e-01
2.700000000000000000e+05,6.000000000000000000e+02,5.000000000000000000e-01,4.000000000000000222e-01,4.429450287999999736e-01,2.648485750999999833e-01
2.900000000000000000e+05,6.000000000000000000e+02,5.000000000000000000e-01,4.000000000000000222e-01,4.524507439000000075e-01,2.757410214000000082e-01
3.100000000000000000e+05,6.000000000000000000e+02,5.000000000000000000e-01,4.000000000000000222e-01,4.610662466000000070e-01,2.859857330999999725e-01
3.300000000000000000e+05,6.000000000000000000e+02,5.000000000000000000e-01,4.000000000000000222e-01,4.689114008999999972e-01,2.956386885000000242e-01
3.500000000000000000e+05,6.000000000000000000e+02,5.000000000000000000e-01,4.000000000000000222e-01,4.760853868000000100e-01,3.047496357999999739e-01
3.700000000000000000e+05,6.000000000000000000e+02,5.000000000000000000e-01,4.000000000000000222e-01,4.826709996999999919e-01,3.133629227999999989e-01
3.900000000000000000e+05,6.000000000000000000e+02,5.000000000000000000e-01,4.000000000000000222e-01,4.887379136000000179e-01,3.215182026000000248e-01
4.100000000000000000e+05,6.000000000000000000e+02,5.000000000000000000e-01,4.000000000000000222e-01,4.943451917000000195e-01,3.292510338999999897e-01
4.300000000000000000e+05,6.000000000000000000e+02,5.000000000000000000e-01,4.000000000000000222e-01,4.995432389000000195e-01,3.365933935000000043e-01
4.500000000000000000e+05,6.000000000000000000e+02,5.000000000000000000e-01,4.000000000000000222e-01,5.043753366000000016e-01,3.435741144000000191e-01
4.700000000000000000e+05,6.000000000000000000e+02,5.000000000000000000e-01,4.000000000000000222e-01,5.088788614999999460e-01,3.502192615999999981e-01
4.900000000000000000e+05,6.000000000000000000e+02,5.000000000000000000e-01,4.000000000000000222e-01,5.130862608999999797e-01,3.565524556999999928e-01
5.100000000000000000e+05,6.000000000000000000e+02,5.000000000000000000e-01,4.000000000000000222e-01,5.170258415999999801e-01,3.625951526999999786e-01
5.300000000000000000e+05,6.000000000000000000e+02,5.000000000000000000e-01,4.000000000000000222e-01,5.207224102999999937e-01,3.683668857999999879e-01
5.500000000000000000e+05,6.000000000000000000e+02,5.000000000000000000e-01,4.000000000000000222e-01,5.241977992999999891e-01,3.738854759999999944e-01
5.700000000000000000e+05,6.000000000000000000e+02,5.000000000000000000e-01,4.000000000000000222e-01,5.274712998999999680e-01,3.791672154999999877e-01
5.900000000000000000e+05,6.000000000000000000e+02,5.000000000000000000e-01,4.000000000000000222e-01,5.305600219999999645e-01,3.842270280000000260e-01
6.100000000000000000e+05,6.000000000000000000e+02,5.000000000000000000e-01,4.000000000000000222e-01,5.334791937999999734e-01,3.890786096000000138e-01
6.300000000000000000e+05,6.000000000000000000e+02,5.000000000000000000e-01,4.000000000000000222e-01,5.362424143999999782e-01,3.937345522999999847e-01
6.500000000000000000e+05,6.000000000000000000e+02,5.000000000000000000e-01,4.000000000000000222e-01,5.388618655000000368e-01,3.982064529000000075e-01
6.700000000000000000e+05,6.000000000000000000e+02,5.000000000000000000e-01,4.000000000000000222e-01,5.413484920000000145e-01,4.025050097000000271e-01
6.900000000000000000e+05,6.000000000000000000e+02,5.000000000000000000e-01,4.000000000000000222e-01,5.437121547000000055e-01,4.066401074000000060e-01
7.100000000000000000e+05,6.000000000000000000e+02,5.000000000000000000e-01,4.000000000000000222e-01,5.459617616999999923e-01,4.106208935999999809e-01
7.300000000000000000e+05,6.000000000000000000e+02,5.000000000000000000e-01,4.000000000000000222e-01,5.481053806000000250e-01,4.144558454999999753e-01
7.500000000000000000e+05,6.000000000000000000e+02,5.000000000000000000e-01,4.000000000000000222e-01,5.501503353000000152e-01,4.181528308999999943e-01
7.700000000000000000e+05,6.000000000000000000e+02,5.000000000000000000e-01,4.000000000000000222e-01,5.521032900000000243e-01,4.217191614999999949e-01
7.900000000000000000e+05,6.000000000000000000e+02,5.000000000000000000e-01,4.000000000000000222e-01,5.539703218999999512e-01,4.251616414000000121e-01
8.100000000000000000e+05,6.000000000000000000e+02,5.000000000000000000e-01,4.000000000000000222e-01,5.557569839999999539e-01,4.284866104000000231e-01
8.300000000000000000e+05,6.000000000000000000e+02,5.000000000000000000e-01,4.000000000000000222e-01,5.574683611999999844e-01,4.316999829000000011e-01
8.500000000000000000e+05,6.000000000000000000e+02,5.000000000000000000e-01,4.000000000000000222e-01,5.591091178000000550e-01,4.348072827999999723e-01
8.700000000000000000e+05,6.000000000000000000e+02,5.000000000000000000e-01,4.000000000000000222e-01,5.606835406000000299e-01,4.378136754999999991e-01
8.900000000000000000e+05,6.000000000000000000e+02,5.000000000000000000e-01,4.000000000000000222e-01,5.621955764999999605e-01,4.407239963999999843e-01
9.100000000000000000e+05,6.000000000000000000e+02,5.000000000000000000e-01,4.000000000000000222e-01,5.636488648999999906e-01,4.435427768999999909e-01
9.300000000000000000e+05,6.000000000000000000e+02,5.000000000000000000e-01,4.000000000000000222e-01,5.650467676000000550e-01,4.462742675999999964e-01
9.500000000000000000e+05,6.000000000000000000e+02,5.000000000000000000e-01,4.000000000000000222e-01,5.663923948000000319e-01,4.489224602999999925e-01
9.700000000000000000e+05,6.000000000000000000e+02,5.000000000000000000e-01,4.000000000000000222e-01,5.676886278999999647e-01,4.514911067999999861e-01
9.900000000000000000e+05,6.000000000000000000e+02,5.000000000000000000e-01,4.000000000000000222e-01,5.689381401999999976e-01,4.539837369999999983e-01
1.000000000000000000e+05,6.000000000000000000e+02,5.000000000000000000e-01,4.000000000000000222e-01,2.909100131999999839e-01,1.344625973999999946e-01
3.000000000000000000e+05,6.000000000000000000e+02,5.000000000000000000e-01,4.000000000000000222e-01,4.568617365000000041e-01,2.809406888000000047e-01
5.000000000000000000e+05,6.000000000000000000e+02,5.000000000000000000e-01,4.000000000000000222e-01,5.150879028000000526e-01,3.596088531000000144e-01
7.000000000000000000e+05,6.000000000000000000e+02,5.000000000000000000e-01,4.000000000000000222e-01,5.448506924999999557e-01,4.086492447000000250e-01
9.000000000000000000e+05,6.000000000000000000e+02,5.000000000000000000e-01,4.000000000000000222e-01,5.629293478000000350e-01,4.421445572000000102e-01
1.100000000000000000e+06,6.000000000000000000e+02,5.000000000000000000e-01,4.000000000000000222e-01,5.750781232999999659e-01,4.664738172999999821e-01
1.300000000000000000e+06,6.000000000000000000e+02,5.000000000000000000e-01,4.000000000000000222e-01,5.838051426000000488e-01,4.849459099999999800e-01
1.500000000000000000e+06,6.000000000000000000e+02,5.000000000000000000e-01,4.000000000000000222e-01,5.903786697999999777e-01,4.994481952000000002e-01
1.700000000000000000e+06,6.000000000000000000e+02,5.000000000000000000e-01,4.000000000000000222e-01,5.955090226000000486e-01,5.111358335000000253e-01
1.900000000000000000e+06,6.000000000000000000e+02,5.000000000000000000e-01,4.000000000000000222e-01,5.996250116000000352e-01,5.207554574999999630e-01
2.100000000000000000e+06,6.000000000000000000e+02,5.000000000000000000e-01,4.000000000000000222e-01,6.030008349000000045e-01,5.288110947999999922e-01
2.300000000000000000e+06,6.000000000000000000e+02,5.000000000000000000e-01,4.000000000000000222e-01,6.058200060999999748e-01,5.356553004999999867e-01
2.500000000000000000e+06,6.000000000000000000e+02,5.000000000000000000e-01,4.000000000000000222e-01,6.082099849000000003e-01,5.415420806999999837e-01
2.700000000000000000e+06,6.000000000000000000e+02,5.000000000000000000e-01,4.000000000000000222e-01,6.102620627999999492e-01,5.466590761999999826e-01
2.900000000000000000e+06,6.000000000000000000e+02,5.000000000000000000e-01,4.000000000000000222e-01,6.120433441000000530e-01,5.511479071999999535e-01
3.100000000000000000e+06,6.000000000000000000e+02,5.000000000000000000e-01,4.000000000000000222e-01,6.136042599000000042e-01,5.551174664000000369e-01
3.300000000000000000e+06,6.000000000000000000e+02,5.000000000000000000e-01,4.000000000000000222e-01,6.149834441999999513e-01,5.586528562000000475e-01
3.500000000000000000e+06,6.000000000000000000e+02,5.000000000000000000e-01,4.000000000000000222e-01,6.162109936999999871e-01,5.618215485999999981e-01
3.700000000000000000e+06,6.000000000000000000e+02,5.000000000000000000e-01,4.000000000000000222e-01,6.173107029000000079e-01,5.646777260999999992e-01
3.900000000000000000e+06,6.000000000000000000e+02,5.000000000000000000e-01,4.000000000000000222e-01,6.183016320999999982e-01,5.672653994999999894e-01
4.100000000000000000e+06,6.000000000000000000e+02,5.000000000000000000e-01,4.000000000000000222e-01,6.191992290000000176e-01,5.696206878999999779e-01
4.300000000000000000e+06,6.000000000000000000e+02,5.000000000000000000e-01,4.000000000000000222e-01,6.200161465000000316e-01,5.717735113999999896e-01
4.500000000000000000e+06,6.000000000000000000e+02,5.000000000000000000e-01,4.000000000000000222e-01,6.207628472999999758e-01,5.737488662999999933e-01
4.700000000000000000e+06,6.000000000000000000e+02,5.000000000000000000e-01,4.000000000000000222e-01,6.214480583999999475e-01,5.755677979000000111e-01
4.900000000000000000e+06,6.000000000000000000e+02,5.000000000000000000e-01,4.000000000000000222e-01,6.220791165000000289e-01,5.772481510000000426e-01
5.100000000000000000e+06,6.000000000000000000e+02,5.000000000000000000e-01,4.000000000000000222e-01,6.226622348999999446e-01,5.788051566999999897e-01
5.300000000000000000e+06,6.000000000000000000e+02,5.000000000000000000e-01,4.000000000000000222e-01,6.232027101999999541e-01,5.802518931000000268e-01
5.500000000000000000e+06,6.000000000000000000e+02,5.000000000000000000e-01,4.000000000000000222e-01,6.237050856000000421e-01,5.815996534999999801e-01
5.700000000000000000e+06,6.000000000000000000e+02,5.000000000000000000e-01,4.000000000000000222e-01,6.241732803999999746e-01,5.828582401999999885e-01
5.900000000000000000e+06,6.000000000000000000e+02,5.000000000000000000e-01,4.000000000000000222e-01,6.246106930999999474e-01,5.840362030000000315e-01
6.100000000000000000e+06,6.000000000000000000e+02,5.000000000000000000e-01,4.000000000000000222e-01,6.250202860000000360e-01,5.851410330999999854e-01
6.300000000000000000e+06,6.000000000000000000e+02,5.000000000000000000e-01,4.000000000000000222e-01,6.254046522999999747e-01,5.861793215999999695e-01
6.500000000000000000e+06,6.000000000000000000e+02,5.000000000000000000e-01,4.000000000000000222e-01,6.257660722000000231e-01,5.871568911000000224e-01
6.700000000000000000e+06,6.000000000000000000e+02,5.000000000000000000e-01,4.000000000000000222e-01,6.261065586999999821e-01,5.880789043999999910e-01
6.900000000000000000e+06,6.000000000000000000e+02,5.000000000000000000e-01,4.000000000000000222e-01,6.264278957000000148e-01,5.889499553000000498e-01
7.100000000000000000e+06,6.000000000000000000e+02,5.000000000000000000e-01,4.000000000000000222e-01,6.267316697000000492e-01,5.897741451000000357e-01
7.300000000000000000e+06,6.000000000000000000e+02,5.000000000000000000e-01,4.000000000000000222e-01,6.270192960999999565e-01,5.905551464999999611e-01
7.500000000000000000e+06,6.000000000000000000e+02,5.000000000000000000e-01,4.000000000000000222e-01,6.272920423000000190e-01,5.912962583999999966e-01
7.700000000000000000e+06,6.000000000000000000e+02,5.000000000000000000e-01,4.000000000000000222e-01,6.275510460000000013e-01,5.920004524999999962e-01
7.900000000000000000e+06,6.000000000000000000e+02,5.000000000000000000e-01,4.000000000000000222e-01,6.277973315000000554e-01,5.926704122000000519e-01
8.100000000000000000e+06,6.000000000000000000e+02,5.000000000000000000e-01,4.000000000000000222e-01,6.280318236999999915e-01,5.933085674000000420e-01
8.300000000000000000e+06,6.000000000000000000e+02,5.000000000000000000e-01,4.000000000000000222e-01,6.282553597000000156e-01,5.939171235000000326e-01
8.500000000000000000e+06,6.000000000000000000e+02,5.000000000000000000e-01,4.000000000000000222e-01,6.284686991000000278e-01,5.944980865000000225e-01
8.700000000000000000e+06,6.000000000000000000e+02,5.000000000000000000e-01,4.000000000000000222e-01,6.286725326000000003e-01,5.950532855000000287e-01
8.900000000000000000e+06,6.000000000000000000e+02,5.000000000000000000e-01,4.000000000000000222e-01,6.288674898999999652e-01,5.955843912999999601e-01
9.100000000000000000e+06,6.000000000000000000e+02,5.000000000000000000e-01,4.000000000000000222e-01,6.290541458999999724e-01,5.960929335000000329e-01
9.300000000000000000e+06,6.000000000000000000e+02,5.000000000000000000e-01,4.000000000000000222e-01,6.292330270999999531e-01,5.965803148999999639e-01
9.500000000000000000e+06,6.000000000000000000e+02,5.000000000000000000e-01,4.000000000000000222e-01,6.294046160999999806e-01,5.970478246999999516e-01
9.700000000000000000e+06,6.000000000000000000e+02,5.000000000000000000e-01,4.000000000000000222e-01,6.295693562999999937e-01,5.974966490999999991e-01
9.900000000000000000e+06,6.000000000000000000e+02,5.000000000000000000e-01,4.000000000000000222e-01,6.297276556999999997e-01,5.979278823000000465e-01
1.000000000000000000e+06,6.000000000000000000e+02,5.000000000000000000e-01,4.000000000000000222e-01,5.695461592999999656e-01,4.552025925000000028e-01
3.000000000000000000e+06,6.000000000000000000e+02,5.000000000000000000e-01,4.000000000000000222e-01,6.128487008999999874e-01,5.531918021999999713e-01
5.000000000000000000e+06,6.000000000000000000e+02,5.000000000000000000e-01,4.000000000000000222e-01,6.223763178000000229e-01,5.780412091000000085e-01
7.000000000000000000e+06,6.000000000000000000e+02,5.000000000000000000e-01,4.000000000000000222e-01,6.265818858999999685e-01,5.893676689000000302e-01
9.000000000000000000e+06,6.000000000000000000e+02,5.000000000000000000e-01,4.000000000000000222e-01,6.289618216000000261e-01,5.958413922999999945e-01
1.100000000000000000e+07,6.000000000000000000e+02,5.000000000000000000e-01,4.000000000000000222e-01,6.304986273999999558e-01,6.000267854999999928e-01
1.300000000000000000e+07,6.000000000000000000e+02,5.000000000000000000e-01,4.000000000000000222e-01,6.315763942000000020e-01,6.029524346000000312e-01
1.500000000000000000e+07,6.000000000000000000e+02,5.000000000000000000e-01,4.000000000000000222e-01,6.323763342999999537e-01,6.051110319000000404e-01
1.700000000000000000e+07,6.000000000000000000e+02,5.000000000000000000e-01,4.000000000000000222e-01,6.329951753000000458e-01,6.067681125999999647e-01
1.900000000000000000e+07,6.000000000000000000e+02,5.000000000000000000e-01,4.000000000000000222e-01,6.334892907000000406e-01,6.080794147000000427e-01
2.100000000000000000e+07,6.000000000000000000e+02,5.000000000000000000e-01,4.000000000000000222e-01,6.338937765000000057e-01,6.091422992999999675e-01
2.300000000000000000e+07,6.000000000000000000e+02,5.000000000000000000e-01,4.000000000000000222e-01,6.342316358999999792e-01,6.100207512999999970e-01
2.500000000000000000e+07,6.000000000000000000e+02,5.000000000000000000e-01,4.000000000000000222e-01,6.345185821000000059e-01,6.107585468999999767e-01
2.700000000000000000e+07,6.000000000000000000e+02,5.000000000000000000e-01,4.000000000000000222e-01,6.347657193000000309e-01,6.113866449000000536e-01
2.900000000000000000e+07,6.000000000000000000e+02,5.000000000000000000e-01,4.000000000000000222e-01,6.349811199999999545e-01,6.119275550999999647e-01
3.100000000000000000e+07,6.000000000000000000e+02,5.000000000000000000e-01,4.000000000000000222e-01,6.351707964999999678e-01,6.123980351000000155e-01
3.300000000000000000e+07,6.000000000000000000e+02,5.000000000000000000e-01,4.000000000000000222e-01,6.353393199000000324e-01,6.128108159999999804e-01
3.500000000000000000e+07,6.000000000000000000e+02,5.000000000000000000e-01,4.000000000000000222e-01,6.354902290999999703e-01,6.131757421000000319e-01
3.700000000000000000e+07,6.000000000000000000e+02,5.000000000000000000e-01,4.000000000000000222e-01,6.356263073000000263e-01,6.135005449999999527e-01
3.900000000000000000e+07,6.000000000000000000e+02,5.000000000000000000e-01,4.000000000000000222e-01,6.357497742000000063e-01,6.137913807999999527e-01
4.100000000000000000e+07,6.000000000000000000e+02,5.000000000000000000e-01,4.000000000000000222e-01,6.358624225000000241e-01,6.140532113000000125e-01
4.300000000000000000e+07,6.000000000000000000e+02,5.000000000000000000e-01,4.000000000000000222e-01,6.359657159999999587e-01,6.142900801999999771e-01
4.500000000000000000e+07,6.000000000000000000e+02,5.000000000000000000e-01,4.000000000000000222e-01,6.360608623000000295e-01,6.145053160000000236e-01
4.700000000000000000e+07,6.000000000000000000e+02,5.000000000000000000e-01,4.000000000000000222e-01,6.361488666000000292e-01,6.147016825000000129e-01
4.900000000000000000e+07,6.000000000000000000e+02,5.000000000000000000e-01,4.000000000000000222e-01,6.362305727000000521e-01,6.148814943999999505e-01
5.100000000000000000e+07,6.000000000000000000e+02,5.000000000000000000e-01,4.000000000000000222e-01,6.363066942999999753e-01,6.150467040999999524e-01
5.300000000000000000e+07,6.000000000000000000e+02,5.000000000000000000e-01,4.000000000000000222e-01,6.363778394000000338e-01,6.151989703000000365e-01
5.500000000000000000e+07,6.000000000000000000e+02,5.000000000000000000e-01,4.000000000000000222e-01,6.364445291000000449e-01,6.153397108999999476e-01
5.700000000000000000e+07,6.000000000000000000e+02,5.000000000000000000e-01,4.000000000000000222e-01,6.365072127999999996e-01,6.154701449999999685e-01
5.900000000000000000e+07,6.000000000000000000e+02,5.000000000000000000e-01,4.000000000000000222e-01,6.365662801999999454e-01,6.155913267000000522e-01
6.100000000000000000e+07,6.000000000000000000e+02,5.000000000000000000e-01,4.000000000000000222e-01,6.366220710000000116e-01,6.157041720999999468e-01
6.300000000000000000e+07,6.000000000000000000e+02,5.000000000000000000e-01,4.000000000000000222e-01,6.366748825000000389e-01,6.158094807999999754e-01
6.500000000000000000e+07,6.000000000000000000e+02,5.000000000000000000e-01,4.000000000000000222e-01,6.367249765000000394e-01,6.159079540999999880e-01
6.700000000000000000e+07,6.000000000000000000e+02,5.000000000000000000e-01,4.000000000000000222e-01,6.367725841000000386e-01,6.160002095000000066e-01
6.900000000000000000e+07,6.000000000000000000e+02,5.000000000000000000e-01,4.000000000000000222e-01,6.368179104000000201e-01,6.160867929000000132e-01
7.100000000000000000e+07,6.000000000000000000e+02,5.000000000000000000e-01,4.000000000000000222e-01,6.368611376999999685e-01,6.161681883999999831e-01
7.300000000000000000e+07,6.000000000000000000e+02,5.000000000000000000e-01,4.000000000000000222e-01,6.369024290999999449e-01,6.162448272999999643e-01
7.500000000000000000e+07,6.000000000000000000e+02,5.000000000000000000e-01,4.000000000000000222e-01,6.369419306000000391e-01,6.163170945000000511e-01
7.700000000000000000e+07,6.000000000000000000e+02,5.000000000000000000e-01,4.000000000000000222e-01,6.369797734000000045e-01,6.163853350000000342e-01
7.900000000000000000e+07,6.000000000000000000e+02,5.000000000000000000e-01,4.000000000000000222e-01,6.370160760999999949e-01,6.164498586000000113e-01
8.100000000000000000e+07,6.000000000000000000e+02,5.000000000000000000e-01,4.000000000000000222e-01,6.370509455999999737e-01,6.165109445999999993e-01
8.300000000000000000e+07,6.000000000000000000e+02,5.000000000000000000e-01,4.000000000000000222e-01,6.370844787999999648e-01,6.165688450999999848e-01
8.500000000000000000e+07,6.000000000000000000e+02,5.000000000000000000e-01,4.000000000000000222e-01,6.371167640999999549e-01,6.166237883999999836e-01
8.700000000000000000e+07,6.000000000000000000e+02,5.000000000000000000e-01,4.000000000000000222e-01,6.371478815000000129e-01,6.166759819999999559e-01
8.900000000000000000e+07,6.000000000000000000e+02,5.000000000000000000e-01,4.000000000000000222e-01,6.371779046000000113e-01,6.167256142000000496e-01
9.100000000000000000e+07,6.000000000000000000e+02,5.000000000000000000e-01,4.000000000000000222e-01,6.372069003000000453e-01,6.167728570999999604e-01
9.300000000000000000e+07,6.000000000000000000e+02,5.000000000000000000e-01,4.000000000000000222e-01,6.372349301999999938e-01,6.168178675000000055e-01
9.500000000000000000e+07,6.000000000000000000e+02,5.000000000000000000e-01,4.000000000000000222e-01,6.372620506999999712e-01,6.168607892999999898e-01
9.700000000000000000e+07,6.000000000000000000e+02,5.000000000000000000e-01,4.000000000000000222e-01,6.372883138999999586e-01,6.169017542000000409e-01
9.900000000000000000e+07,6.000000000000000000e+02,5.000000000000000000e-01,4.000000000000000222e-01,6.373137678000000417e-01,6.169408833999999731e-01
1.000000000000000000e+07,6.000000000000000000e+02,5.000000000000000000e-01,4.000000000000000222e-01,6.298045088000000513e-01,5.981372207999999802e-01
3.000000000000000000e+07,6.000000000000000000e+02,5.000000000000000000e-01,4.000000000000000222e-01,6.350788599000000145e-01,6.121707243999999770e-01
5.000000000000000000e+07,6.000000000000000000e+02,5.000000000000000000e-01,4.000000000000000222e-01,6.362692912999999839e-01,6.149658147000000019e-01
7.000000000000000000e+07,6.000000000000000000e+02,5.000000000000000000e-01,4.000000000000000222e-01,6.368397757999999520e-01,6.161281109999999783e-01
9.000000000000000000e+07,6.000000000000000000e+02,5.000000000000000000e-01,4.000000000000000222e-01,6.371925268999999448e-01,6.167495241999999545e-01
1.000000000000000000e+08,6.000000000000000000e+02,5.000000000000000000e-01,4.000000000000000222e-01,6.373262052000000510e-01,6.169597946999999527e-01
