# pressure,temperature,f1,f2,molkg1,molkg2
1.000000000000000000e+00,6.000000000000000000e+02,9.000000000000000222e-01,0.000000000000000000e+00,1.015405705999999957e-05,1.554341666999999993e-07
3.000000000000000000e+00,6.000000000000000000e+02,9.000000000000000222e-01,0.000000000000000000e+00,3.046119168999999912e-05,4.662946803000000230e-07
5.000000000000000000e+00,6.000000000000000000e+02,9.000000000000000222e-01,0.000000000000000000e+00,5.076702041000000128e-05,7.771447690999999926e-07
7.000000000000000000e+00,6.000000000000000000e+02,9.000000000000000222e-01,0.000000000000000000e+00,7.107154335000000038e-05,1.087984434999999973e-06
9.000000000000000000e+00,6.000000000000000000e+02,9.000000000000000222e-01,0.000000000000000000e+00,9.137476065000000073e-05,1.398813681999999926e-06
1.100000000000000000e+01,6.000000000000000000e+02,9.000000000000000222e-01,0.000000000000000000e+00,1.116766723999999974e-04,1.709632510999999993e-06
1.300000000000000000e+01,6.000000000000000000e+02,9.000000000000000222e-01,0.000000000000000000e+00,1.319772787999999868e-04,2.020440923999999969e-06
1.500000000000000000e+01,6.000000000000000000e+02,9.000000000000000222e-01,0.000000000000000000e+00,1.522765800000000036e-04,2.331238923999999970e-06
1.700000000000000000e+01,6.000000000000000000e+02,9.000000000000000222e-01,0.000000000000000000e+00,1.725745759999999936e-04,2.642026512999999793e-06
1.900000000000000000e+01,6.000000000000000000e+02,9.000000000000000222e-01,0.000000000000000000e+00,1.928712669999999940e-04,2.952803693999999977e-06
2.100000000000000000e+01,6.000000000000000000e+02,9.000000000000000222e-01,0.000000000000000000e+00,2.131666531000000098e-04,3.263570468999999895e-06
2.300000000000000000e+01,6.000000000000000000e+02,9.000000000000000222e-01,0.000000000000000000e+00,2.334607344999999968e-04,3.574326838999999867e-06
2.500000000000000000e+01,6.000000000000000000e+02,9.000000000000000222e-01,0.000000000000000000e+00,2.537535113000000142e-04,3.885072807999999909e-06
2.700000000000000000e+01,6.000000000000000000e+02,9.000000000000000222e-01,0.000000000000000000e+00,2.740449835000000078e-04,4.195808378000000239e-06
2.900000000000000000e+01,6.000000000000000000e+02,9.000000000000000222e-01,0.000000000000000000e+00,2.943351514999999977e-04,4.506533551000000230e-06
3.100000000000000000e+01,6.000000000000000000e+02,9.000000000000000222e-01,0.000000000000000000e+00,3.146240152000000061e-04,4.817248329999999997e-06
3.300000000000000000e+01,6.000000000000000000e+02,9.000000000000000222e-01,0.000000000000000000e+00,3.349115747000000107e-04,5.127952715999999863e-06
3.500000000000000000e+01,6.000000000000000000e+02,9.000000000000000222e-01,0.000000000000000000e+00,3.551978303999999776e-04,5.438646710999999622e-06
3.700000000000000000e+01,6.000000000000000000e+02,9.000000000000000222e-01,0.000000000000000000e+00,3.754827821000000050e-04,5.749330320000000035e-06
3.900000000000000000e+01,6.000000000000000000e+02,9.000000000000000222e-01,0.000000000000000000e+00,3.957664302000000046e-04,6.060003541999999932e-06
4.100000000000000000e+01,6.000000000000000000e+02,9.000000000000000222e-01,0.000000000000000000e+00,4.160487745999999986e-04,6.370666382000000074e-06
4.300000000000000000e+01,6.000000000000000000e+02,9.000000000000000222e-01,0.000000000000000000e+00,4.363298155999999748e-04,6.681318840999999934e-06
4.500000000000000000e+01,6.000000000000000000e+02,9.000000000000000222e-01,0.000000000000000000e+00,4.566095533000000197e-04,6.991960921000000154e-06
4.700000000000000000e+01,6.000000000000000000e+02,9.000000000000000222e-01,0.000000000000000000e+00,4.768879878000000026e-04,7.302592625000000006e-06
4.900000000000000000e+01,6.000000000000000000e+02,9.000000000000000222e-01,0.000000000000000000e+00,4.971651190999999779e-04,7.613213955000000130e-06
5.100000000000000000e+01,6.000000000000000000e+02,9.000000000000000222e-01,0.000000000000000000e+00,5.174409475999999656e-04,7.923824913999999797e-06
5.300000000000000000e+01,6.000000000000000000e+02,9.000000000000000222e-01,0.000000000000000000e+00,5.377154732000000419e-04,8.234425502999999328e-06
5.500000000000000000e+01,6.000000000000000000e+02,9.000000000000000222e-01,0.000000000000000000e+00,5.579886960999999460e-04,8.545015725000000534e-06
5.700000000000000000e+01,6.000000000000000000e+02,9.000000000000000222e-01,0.000000000000000000e+00,5.782606164999999588e-04,8.855595582999999297e-06
5.900000000000000000e+01,6.000000000000000000e+02,9.000000000000000222e-01,0.000000000000000000e+00,5.985312343999999720e-04,9.166165077999999326e-06
6.100000000000000000e+01,6.000000000000000000e+02,9.000000000000000222e-01,0.000000000000000000e+00,6.188005500000000499e-04,9.476724212999999890e-06
6.300000000000000000e+01,6.000000000000000000e+02,9.000000000000000222e-01,0.000000000000000000e+00,6.390685635000000397e-04,9.787272989999999938e-06
6.500000000000000000e+01,6.000000000000000000e+02,9.000000000000000222e-01,0.000000000000000000e+00,6.593352749000000500e-04,1.009781140999999979e-05
6.700000000000000000e+01,6.000000000000000000e+02,9.000000000000000222e-01,0.000000000000000000e+00,6.796006844000000366e-04,1.040833948000000001e-05
6.900000000000000000e+01,6.000000000000000000e+02,9.000000000000000222e-01,0.000000000000000000e+00,6.998647919999999995e-04,1.071885720000000058e-05
7.100000000000000000e+01,6.000000000000000000e+02,9.000000000000000222e-01,0.000000000000000000e+00,7.201275980999999587e-04,1.102936456999999982e-05
7.300000000000000000e+01,6.000000000000000000e+02,9.000000000000000222e-01,0.000000000000000000e+00,7.403891024999999584e-04,1.133986158999999942e-05
7.500000000000000000e+01,6.000000000000000000e+02,9.000000000000000222e-01,0.000000000000000000e+00,7.606493056000000188e-04,1.165034826999999921e-05
7.700000000000000000e+01,6.000000000000000000e+02,9.000000000000000222e-01,0.000000000000000000e+00,7.809082074000000314e-04,1.196082460999999918e-05
7.900000000000000000e+01,6.000000000000000000e+02,9.000000000000000222e-01,0.000000000000000000e+00,8.011658079999999741e-04,1.227129059999999951e-05
8.100000000000000000e+01,6.000000000000000000e+02,9.000000000000000222e-01,0.000000000000000000e+00,8.214221076000000196e-04,1.258174625999999984e-05
8.300000000000000000e+01,6.000000000000000000e+02,9.000000000000000222e-01,0.000000000000000000e+00,8.416771063000000374e-04,1.289219159000000019e-05
8.500000000000000000e+01,6.000000000000000000e+02,9.000000000000000222e-01,0.000000000000000000e+00,8.619308042000000053e-04,1.320262658000000073e-05
8.700000000000000000e+01,6.000000000000000000e+02,9.000000000000000222e-01,0.000000000000000000e+00,8.821832014999999878e-04,1.351305124999999940e-05
8.900000000000000000e+01,6.000000000000000000e+02,9.000000000000000222e-01,0.000000000000000000e+00,9.024342982999999626e-04,1.382346557999999995e-05
9.100000000000000000e+01,6.000000000000000000e+02,9.000000000000000222e-01,0.000000000000000000e+00,9.226840947000000161e-04,1.413386959000000033e-05
9.300000000000000000e+01,6.000000000000000000e+02,9.000000000000000222e-01,0.000000000000000000e+00,9.429325908999999957e-04,1.444426328000000055e-05
9.500000000000000000e+01,6.000000000000000000e+02,9.000000000000000222e-01,0.000000000000000000e+00,9.631797869000000099e-04,1.475464664000000078e-05
9.700000000000000000e+01,6.000000000000000000e+02,9.000000000000000222e-01,0.000000000000000000e+00,9.834256829000000144e-04,1.506501969000000067e-05
9.900000000000000000e+01,6.000000000000000000e+02,9.000000000000000222e-01,0.000000000000000000e+00,1.003670279000000096e-03,1.537538241999999869e-05
1.000000000000000000e+01,6.000000000000000000e+02,9.000000000000000222e-01,0.000000000000000000e+00,1.015258796999999935e-04,1.554224398000000075e-06
3.000000000000000000e+01,6.000000000000000000e+02,9.000000000000000222e-01,0.000000000000000000e+00,3.044797463000000121e-04,4.661892240000000010e-06
5.000000000000000000e+01,6.000000000000000000e+02,9.000000000000000222e-01,0.000000000000000000e+00,5.073031962000000041e-04,7.768520730999999320e-06
7.000000000000000000e+01,6.000000000000000000e+02,9.000000000000000222e-01,0.000000000000000000e+00,7.099963577000000014e-04,1.087411217999999950e-05
9.000000000000000000e+01,6.000000000000000000e+02,9.000000000000000222e-01,0.000000000000000000e+00,9.125593591000000226e-04,1.397866887999999944e-05
1.100000000000000000e+02,6.000000000000000000e+02,9.000000000000000222e-01,0.000000000000000000e+00,1.114992327999999970e-03,1.708219312999999912e-05
1.300000000000000000e+02,6.000000000000000000e+02,9.000000000000000222e-01,0.000000000000000000e+00,1.317295392999999959e-03,2.018468723000000053e-05
1.500000000000000000e+02,6.000000000000000000e+02,9.000000000000000222e-01,0.000000000000000000e+00,1.519468681000000045e-03,2.328615346000000093e-05
1.700000000000000000e+02,6.000000000000000000e+02,9.000000000000000222e-01,0.000000000000000000e+00,1.721512319999999934e-03,2.638659411000000078e-05
1.900000000000000000e+02,6.000000000000000000e+02,9.000000000000000222e-01,0.000000000000000000e+00,1.923426436999999987e-03,2.948601146000000075e-05
2.100000000000000000e+02,6.000000000000000000e+02,9.000000000000000222e-01,0.000000000000000000e+00,2.125211158999999912e-03,3.258440779000000147e-05
2.300000000000000000e+02,6.000000000000000000e+02,9.000000000000000222e-01,0.000000000000000000e+00,2.326866613000000070e-03,3.568178538000000021e-05
2.500000000000000000e+02,6.000000000000000000e+02,9.000000000000000222e-01,0.000000000000000000e+00,2.528392927000000165e-03,3.877814647999999813e-05
2.700000000000000000e+02,6.000000000000000000e+02,9.000000000000000222e-01,0.000000000000000000e+00,2.729790226000000132e-03,4.187349337999999910e-05
2.900000000000000000e+02,6.000000000000000000e+02,9.000000000000000222e-01,0.000000000000000000e+00,2.931058637999999893e-03,4.496782831999999769e-05
3.100000000000000000e+02,6.000000000000000000e+02,9.000000000000000222e-01,0.000000000000000000e+00,3.132198287999999817e-03,4.806115358000000133e-05
3.300000000000000000e+02,6.000000000000000000e+02,9.000000000000000222e-01,0.000000000000000000e+00,3.333209302999999828e-03,5.115347139000000137e-05
3.500000000000000000e+02,6.000000000000000000e+02,9.000000000000000222e-01,0.000000000000000000e+00,3.534091808999999858e-03,5.424478402999999846e-05
3.700000000000000000e+02,6.000000000000000000e+02,9.000000000000000222e-01,0.000000000000000000e+00,3.734845930999999841e-03,5.733509372000000109e-05
3.900000000000000000e+02,6.000000000000000000e+02,9.000000000000000222e-01,0.000000000000000000e+00,3.935471795999999703e-03,6.042440271999999668e-05
4.100000000000000000e+02,6.000000000000000000e+02,9.000000000000000222e-01,0.000000000000000000e+00,4.135969528000000249e-03,6.351271325999999695e-05
4.300000000000000000e+02,6.000000000000000000e+02,9.000000000000000222e-01,0.000000000000000000e+00,4.336339253000000109e-03,6.660002758000000322e-05
4.500000000000000000e+02,6.000000000000000000e+02,9.000000000000000222e-01,0.000000000000000000e+00,4.536581096999999646e-03,6.968634792000000331e-05
4.700000000000000000e+02,6.000000000000000000e+02,9.000000000000000222e-01,0.000000000000000000e+00,4.736695182999999670e-03,7.277167649000000247e-05
4.900000000000000000e+02,6.000000000000000000e+02,9.000000000000000222e-01,0.000000000000000000e+00,4.936681638000000108e-03,7.585601553000000205e-05
5.100000000000000000e+02,6.000000000000000000e+02,9.000000000000000222e-01,0.000000000000000000e+00,5.136540585999999596e-03,7.893936724999999377e-05
5.300000000000000000e+02,6.000000000000000000e+02,9.000000000000000222e-01,0.000000000000000000e+00,5.336272151000000241e-03,8.202173386999999966e-05
5.500000000000000000e+02,6.000000000000000000e+02,9.000000000000000222e-01,0.000000000000000000e+00,5.535876456999999813e-03,8.510311759999999786e-05
5.700000000000000000e+02,6.000000000000000000e+02,9.000000000000000222e-01,0.000000000000000000e+00,5.735353630000000411e-03,8.818352064999999366e-05
5.900000000000000000e+02,6.000000000000000000e+02,9.000000000000000222e-01,0.000000000000000000e+00,5.934703791999999811e-03,9.126294523000000585e-05
6.100000000000000000e+02,6.000000000000000000e+02,9.000000000000000222e-01,0.000000000000000000e+00,6.133927067999999684e-03,9.434139353999999584e-05
6.300000000000000000e+02,6.000000000000000000e+02,9.000000000000000222e-01,0.000000000000000000e+00,6.333023580999999971e-03,9.741886778000000634e-05
6.500000000000000000e+02,6.000000000000000000e+02,9.000000000000000222e-01,0.000000000000000000e+00,6.531993455000000177e-03,1.004953700999999962e-04
6.700000000000000000e+02,6.000000000000000000e+02,9.000000000000000222e-01,0.000000000000000000e+00,6.730836813999999807e-03,1.035709027999999997e-04
6.900000000000000000e+02,6.000000000000000000e+02,9.000000000000000222e-01,0.000000000000000000e+00,6.929553780000000107e-03,1.066454680000000066e-04
7.100000000000000000e+02,6.000000000000000000e+02,9.000000000000000222e-01,0.000000000000000000e+00,7.128144476999999715e-03,1.097190678000000005e-04
7.300000000000000000e+02,6.000000000000000000e+02,9.000000000000000222e-01,0.000000000000000000e+00,7.326609026999999878e-03,1.127917045000000019e-04
7.500000000000000000e+02,6.000000000000000000e+02,9.000000000000000222e-01,0.000000000000000000e+00,7.524947552999999671e-03,1.158633801999999944e-04
7.700000000000000000e+02,6.000000000000000000e+02,9.000000000000000222e-01,0.000000000000000000e+00,7.723160179000000333e-03,1.189340971999999986e-04
7.900000000000000000e+02,6.000000000000000000e+02,9.000000000000000222e-01,0.000000000000000000e+00,7.921247024999999650e-03,1.220038575000000064e-04
8.100000000000000000e+02,6.000000000000000000e+02,9.000000000000000222e-01,0.000000000000000000e+00,8.119208214999999729e-03,1.250726632999999929e-04
8.300000000000000000e+02,6.000000000000000000e+02,9.000000000000000222e-01,0.000000000000000000e+00,8.317043870999999214e-03,1.281405167999999871e-04
8.500000000000000000e+02,6.000000000000000000e+02,9.000000000000000222e-01,0.000000000000000000e+00,8.514754113999999791e-03,1.312074202000000048e-04
8.700000000000000000e+02,6.000000000000000000e+02,9.000000000000000222e-01,0.000000000000000000e+00,8.712339066000000104e-03,1.342733755999999886e-04
8.900000000000000000e+02,6.000000000000000000e+02,9.000000000000000222e-01,0.000000000000000000e+00,8.909798849000000534e-03,1.373383851999999950e-04
9.100000000000000000e+02,6.000000000000000000e+02,9.000000000000000222e-01,0.000000000000000000e+00,9.107133584999999726e-03,1.404024509999999887e-04
9.300000000000000000e+02,6.000000000000000000e+02,9.000000000000000222e-01,0.000000000000000000e+00,9.304343394000000669e-03,1.434655753000000039e-04
9.500000000000000000e+02,6.000000000000000000e+02,9.000000000000000222e-01,0.000000000000000000e+00,9.501428398000000275e-03,1.465277601000000056e-04
9.700000000000000000e+02,6.000000000000000000e+02,9.000000000000000222e-01,0.000000000000000000e+00,9.698388718000000228e-03,1.495890077000000009e-04
9.900000000000000000e+02,6.000000000000000000e+02,9.000000000000000222e-01,0.000000000000000000e+00,9.895224474000000048e-03,1.526493201000000087e-04
1.000000000000000000e+02,6.000000000000000000e+02,9.000000000000000222e-01,0.000000000000000000e+00,1.013792089999999979e-03,1.553055991999999862e-05
3.000000000000000000e+02,6.000000000000000000e+02,9.000000000000000222e-01,0.000000000000000000e+00,3.031644549999999976e-03,4.651461702000000303e-05
5.000000000000000000e+02,6.000000000000000000e+02,9.000000000000000222e-01,0.000000000000000000e+00,5.036627043000000380e-03,7.739781465999999975e-05
7.000000000000000000e+02,6.000000000000000000e+02,9.000000000000000222e-01,0.000000000000000000e+00,7.028864903999999976e-03,1.081823884000000032e-04
9.000000000000000000e+02,6.000000000000000000e+02,9.000000000000000222e-01,0.000000000000000000e+00,9.008481840000000587e-03,1.388705358999999982e-04
1.100000000000000000e+03,6.000000000000000000e+02,9.000000000000000222e-01,0.000000000000000000e+00,1.097559994999999962e-02,1.694644173000000047e-04
1.300000000000000000e+03,6.000000000000000000e+02,9.000000000000000222e-01,0.000000000000000000e+00,1.293033973999999954e-02,1.999661554999999913e-04
1.500000000000000000e+03,6.000000000000000000e+02,9.000000000000000222e-01,0.000000000000000000e+00,1.487282017000000033e-02,2.303778364999999983e-04
1.700000000000000000e+03,6.000000000000000000e+02,9.000000000000000222e-01,0.000000000000000000e+00,1.680315866000000116e-02,2.607015101999999879e-04
1.900000000000000000e+03,6.000000000000000000e+02,9.000000000000000222e-01,0.000000000000000000e+00,1.872147110999999864e-02,2.909391899999999869e-04
2.100000000000000000e+03,6.000000000000000000e+02,9.000000000000000222e-01,0.000000000000000000e+00,2.062787195000000129e-02,3.210928537999999739e-04
2.300000000000000000e+03,6.000000000000000000e+02,9.000000000000000222e-01,0.000000000000000000e+00,2.252247413000000101e-02,3.511644440999999936e-04
2.500000000000000000e+03,6.000000000000000000e+02,9.000000000000000222e-01,0.000000000000000000e+00,2.440538915999999892e-02,3.811558686000000233e-04
2.700000000000000000e+03,6.000000000000000000e+02,9.000000000000000222e-01,0.000000000000000000e+00,2.627672714000000090e-02,4.110690001999999735e-04
2.900000000000000000e+03,6.000000000000000000e+02,9.000000000000000222e-01,0.000000000000000000e+00,2.813659673999999861e-02,4.409056777999999992e-04
3.100000000000000000e+03,6.000000000000000000e+02,9.000000000000000222e-01,0.000000000000000000e+00,2.998510529999999855e-02,4.706677063999999892e-04
3.300000000000000000e+03,6.000000000000000000e+02,9.000000000000000222e-01,0.000000000000000000e+00,3.182235875000000158e-02,5.003568574000000430e-04
3.500000000000000000e+03,6.000000000000000000e+02,9.000000000000000222e-01,0.000000000000000000e+00,3.364846172000000163e-02,5.299748695999999780e-04
3.700000000000000000e+03,6.000000000000000000e+02,9.000000000000000222e-01,0.000000000000000000e+00,3.546351752000000135e-02,5.595234485999999504e-04
3.900000000000000000e+03,6.000000000000000000e+02,9.000000000000000222e-01,0.000000000000000000e+00,3.726762815000000256e-02,5.890042682000000375e-04
4.100000000000000000e+03,6.000000000000000000e+02,9.000000000000000222e-01,0.000000000000000000e+00,3.906089432999999833e-02,6.184189699999999464e-04
4.300000000000000000e+03,6.000000000000000000e+02,9.000000000000000222e-01,0.000000000000000000e+00,4.084341554999999790e-02,6.477691643999999860e-04
4.500000000000000000e+03,6.000000000000000000e+02,9.000000000000000222e-01,0.000000000000000000e+00,4.261529003000000260e-02,6.770564304000000269e-04
4.700000000000000000e+03,6.000000000000000000e+02,9.000000000000000222e-01,0.000000000000000000e+00,4.437661478999999770e-02,7.062823166000000395e-04
4.900000000000000000e+03,6.000000000000000000e+02,9.000000000000000222e-01,0.000000000000000000e+00,4.612748565000000106e-02,7.354483410000000297e-04
5.100000000000000000e+03,6.000000000000000000e+02,9.000000000000000222e-01,0.000000000000000000e+00,4.786799721999999979e-02,7.645559918999999486e-04
5.300000000000000000e+03,6.000000000000000000e+02,9.000000000000000222e-01,0.000000000000000000e+00,4.959824297999999854e-02,7.936067279000000177e-04
5.500000000000000000e+03,6.000000000000000000e+02,9.000000000000000222e-01,0.000000000000000000e+00,5.131831523000000145e-02,8.226019787000000104e-04
5.700000000000000000e+03,6.000000000000000000e+02,9.000000000000000222e-01,0.000000000000000000e+00,5.302830516999999799e-02,8.515431451000000105e-04
5.900000000000000000e+03,6.000000000000000000e+02,9.000000000000000222e-01,0.000000000000000000e+00,5.472830287000000210e-02,8.804315994999999768e-04
6.100000000000000000e+03,6.000000000000000000e+02,9.000000000000000222e-01,0.000000000000000000e+00,5.641839727999999748e-02,9.092686866000000223e-04
6.300000000000000000e+03,6.000000000000000000e+02,9.000000000000000222e-01,0.000000000000000000e+00,5.809867632000000059e-02,9.380557233000000024e-04
6.500000000000000000e+03,6.000000000000000000e+02,9.000000000000000222e-01,0.000000000000000000e+00,5.976922679999999849e-02,9.667939993000000329e-04
6.700000000000000000e+03,6.000000000000000000e+02,9.000000000000000222e-01,0.000000000000000000e+00,6.143013449999999709e-02,9.954847778000000102e-04
6.900000000000000000e+03,6.000000000000000000e+02,9.000000000000000222e-01,0.000000000000000000e+00,6.308148416999999342e-02,1.024129295000000047e-03
7.100000000000000000e+03,6.000000000000000000e+02,9.000000000000000222e-01,0.000000000000000000e+00,6.472335952999999642e-02,1.052728762999999941e-03
7.300000000000000000e+03,6.000000000000000000e+02,9.000000000000000222e-01,0.000000000000000000e+00,6.635584330999999558e-02,1.081284364999999907e-03
7.500000000000000000e+03,6.000000000000000000e+02,9.000000000000000222e-01,0.000000000000000000e+00,6.797901723999999479e-02,1.109797261000000082e-03
7.700000000000000000e+03,6.000000000000000000e+02,9.000000000000000222e-01,0.000000000000000000e+00,6.959296208000000095e-02,1.138268588000000041e-03
7.900000000000000000e+03,6.000000000000000000e+02,9.000000000000000222e-01,0.000000000000000000e+00,7.119775763999999785e-02,1.166699453999999912e-03
8.100000000000000000e+03,6.000000000000000000e+02,9.000000000000000222e-01,0.000000000000000000e+00,7.279348277000000089e-02,1.195090946999999900e-03
8.300000000000000000e+03,6.000000000000000000e+02,9.000000000000000222e-01,0.000000000000000000e+00,7.438021539000000404e-02,1.223444129000000099e-03
8.500000000000000000e+03,6.000000000000000000e+02,9.000000000000000222e-01,0.000000000000000000e+00,7.595803252999999700e-02,1.251760039000000043e-03
8.700000000000000000e+03,6.000000000000000000e+02,9.000000000000000222e-01,0.000000000000000000e+00,7.752701028000000272e-02,1.280039695000000002e-03
8.900000000000000000e+03,6.000000000000000000e+02,9.000000000000000222e-01,0.000000000000000000e+00,7.908722385999999993e-02,1.308284089999999910e-03
9.100000000000000000e+03,6.000000000000000000e+02,9.000000000000000222e-01,0.000000000000000000e+00,8.063874760000000474e-02,1.336494195000000008e-03
9.300000000000000000e+03,6.000000000000000000e+02,9.000000000000000222e-01,0.000000000000000000e+00,8.218165499000000540e-02,1.364670960999999965e-03
9.500000000000000000e+03,6.000000000000000000e+02,9.000000000000000222e-01,0.000000000000000000e+00,8.371601862999999977e-02,1.392815315999999977e-03
9.700000000000000000e+03,6.000000000000000000e+02,9.000000000000000222e-01,0.000000000000000000e+00,8.524191031000000196e-02,1.420928167000000105e-03
9.900000000000000000e+03,6.000000000000000000e+02,9.000000000000000222e-01,0.000000000000000000e+00,8.675940097999999823e-02,1.449010401000000057e-03
1.000000000000000000e+03,6.000000000000000000e+02,9.000000000000000222e-01,0.000000000000000000e+00,9.993595678999999538e-03,1.541791263000000017e-04
3.000000000000000000e+03,6.000000000000000000e+02,9.000000000000000222e-01,0.000000000000000000e+00,2.906226450000000058e-02,4.557959116999999957e-04
5.000000000000000000e+03,6.000000000000000000e+02,9.000000000000000222e-01,0.000000000000000000e+00,4.699903048000000222e-02,7.500093713000000181e-04
7.000000000000000000e+03,6.000000000000000000e+02,9.000000000000000222e-01,0.000000000000000000e+00,6.390360095000000018e-02,1.038434586000000015e-03
9.000000000000000000e+03,6.000000000000000000e+02,9.000000000000000222e-01,0.000000000000000000e+00,7.986406734999999812e-02,1.322393369000000093e-03
1.100000000000000000e+04,6.000000000000000000e+02,9.000000000000000222e-01,0.000000000000000000e+00,9.495852597999999978e-02,1.602953113000000042e-03
1.300000000000000000e+04,6.000000000000000000e+02,9.000000000000000222e-01,0.000000000000000000e+00,1.092564555999999965e-01,1.880964267999999957e-03
1.500000000000000000e+04,6.000000000000000000e+02,9.000000000000000222e-01,0.000000000000000000e+00,1.228198882000000047e-01,2.157095305000000015e-03
1.700000000000000000e+04,6.000000000000000000e+02,9.000000000000000222e-01,0.000000000000000000e+00,1.357044028000000124e-01,2.431864409999999824e-03
1.900000000000000000e+04,6.000000000000000000e+02,9.000000000000000222e-01,0.000000000000000000e+00,1.479599692000000133e-01,2.705667436000000134e-03
2.100000000000000000e+04,6.000000000000000000e+02,9.000000000000000222e-01,0.000000000000000000e+00,1.596316636000000011e-01,2.978802026999999904e-03
2.300000000000000000e+04,6.000000000000000000e+02,9.000000000000000222e-01,0.000000000000000000e+00,1.707602767999999993e-01,3.251487996999999873e-03
2.500000000000000000e+04,6.000000000000000000e+02,9.000000000000000222e-01,0.000000000000000000e+00,1.813828313999999997e-01,3.523884253999999983e-03
2.700000000000000000e+04,6.000000000000000000e+02,9.000000000000000222e-01,0.000000000000000000e+00,1.915330232999999938e-01,3.796102634000000052e-03
2.900000000000000000e+04,6.000000000000000000e+02,9.000000000000000222e-01,0.000000000000000000e+00,2.012415999000000122e-01,4.068219050999999885e-03
3.100000000000000000e+04,6.000000000000000000e+02,9.000000000000000222e-01,0.000000000000000000e+00,2.105366852999999983e-01,4.340282360999999853e-03
3.300000000000000000e+04,6.000000000000000000e+02,9.000000000000000222e-01,0.000000000000000000e+00,2.194440608000000070e-01,4.612321336999999910e-03
3.500000000000000000e+04,6.000000000000000000e+02,9.000000000000000222e-01,0.000000000000000000e+00,2.279874091000000103e-01,4.884350099000000014e-03
3.700000000000000000e+04,6.000000000000000000e+02,9.000000000000000222e-01,0.000000000000000000e+00,2.361885263999999873e-01,5.156372281999999953e-03
3.900000000000000000e+04,6.000000000000000000e+02,9.000000000000000222e-01,0.000000000000000000e+00,2.440675086999999910e-01,5.428384213999999652e-03
4.100000000000000000e+04,6.000000000000000000e+02,9.000000000000000222e-01,0.000000000000000000e+00,2.516429152999999919e-01,5.700377312000000016e-03
4.300000000000000000e+04,6.000000000000000000e+02,9.000000000000000222e-01,0.000000000000000000e+00,2.589319137000000159e-01,5.972339860999999715e-03
4.500000000000000000e+04,6.000000000000000000e+02,9.000000000000000222e-01,0.000000000000000000e+00,2.659504074999999856e-01,6.244258320999999945e-03
4.700000000000000000e+04,6.000000000000000000e+02,9.000000000000000222e-01,0.000000000000000000e+00,2.727131505000000011e-01,6.516118272000000211e-03
4.900000000000000000e+04,6.000000000000000000e+02,9.000000000000000222e-01,0.000000000000000000e+00,2.792338483999999843e-01,6.787905085999999984e-03
5.100000000000000000e+04,6.000000000000000000e+02,9.000000000000000222e-01,0.000000000000000000e+00,2.855252497999999917e-01,7.059604385999999898e-03
5.300000000000000000e+04,6.000000000000000000e+02,9.000000000000000222e-01,0.000000000000000000e+00,2.915992278999999798e-01,7.331202357000000079e-03
5.500000000000000000e+04,6.000000000000000000e+02,9.000000000000000222e-01,0.000000000000000000e+00,2.974668537999999862e-01,7.602685938999999803e-03
5.700000000000000000e+04,6.000000000000000000e+02,9.000000000000000222e-01,0.000000000000000000e+00,3.031384628000000081e-01,7.874042940999999643e-03
5.900000000000000000e+04,6.000000000000000000e+02,9.000000000000000222e-01,0.000000000000000000e+00,3.086237142000000100e-01,8.145262090000000843e-03
6.100000000000000000e+04,6.000000000000000000e+02,9.000000000000000222e-01,0.000000000000000000e+00,3.139316450999999897e-01,8.416333043999999625e-03
6.300000000000000000e+04,6.000000000000000000e+02,9.000000000000000222e-01,0.000000000000000000e+00,3.190707195999999968e-01,8.687246374000000271e-03
6.500000000000000000e+04,6.000000000000000000e+02,9.000000000000000222e-01,0.000000000000000000e+00,3.240488729000000068e-01,8.957993524999999235e-03
6.700000000000000000e+04,6.000000000000000000e+02,9.000000000000000222e-01,0.000000000000000000e+00,3.288735521999999745e-01,9.228566768999999642e-03
6.900000000000000000e+04,6.000000000000000000e+02,9.000000000000000222e-01,0.000000000000000000e+00,3.335517532999999757e-01,9.498959148999999366e-03
7.100000000000000000e+04,6.000000000000000000e+02,9.000000000000000222e-01,0.000000000000000000e+00,3.380900535999999956e-01,9.769164421000000806e-03
7.300000000000000000e+04,6.000000000000000000e+02,9.000000000000000222e-01,0.000000000000000000e+00,3.424946437999999982e-01,1.003917699999999982e-02
7.500000000000000000e+04,6.000000000000000000e+02,9.000000000000000222e-01,0.000000000000000000e+00,3.467713546999999785e-01,1.030899187999999994e-02
7.700000000000000000e+04,6.000000000000000000e+02,9.000000000000000222e-01,0.000000000000000000e+00,3.509256835999999824e-01,1.057860463000000022e-02
7.900000000000000000e+04,6.000000000000000000e+02,9.000000000000000222e-01,0.000000000000000000e+00,3.549628175999999802e-01,1.084801128000000003e-02
8.100000000000000000e+04,6.000000000000000000e+02,9.000000000000000222e-01,0.000000000000000000e+00,3.588876545999999945e-01,1.111720832000000041e-02
8.300000000000000000e+04,6.000000000000000000e+02,9.000000000000000222e-01,0.000000000000000000e+00,3.627048240999999895e-01,1.138619262000000083e-02
8.500000000000000000e+04,6.000000000000000000e+02,9.000000000000000222e-01,0.000000000000000000e+00,3.664187040999999923e-01,1.165496144000000012e-02
8.700000000000000000e+04,6.000000000000000000e+02,9.000000000000000222e-01,0.000000000000000000e+00,3.700334390999999723e-01,1.192351233000000024e-02
8.900000000000000000e+04,6.000000000000000000e+02,9.000000000000000222e-01,0.000000000000000000e+00,3.735529544000000257e-01,1.219184314999999935e-02
9.100000000000000000e+04,6.000000000000000000e+02,9.000000000000000222e-01,0.000000000000000000e+00,3.769809709999999980e-01,1.245995199000000074e-02
9.300000000000000000e+04,6.000000000000000000e+02,9.000000000000000222e-01,0.000000000000000000e+00,3.803210187000000131e-01,1.272783719999999973e-02
9.500000000000000000e+04,6.000000000000000000e+02,9.000000000000000222e-01,0.000000000000000000e+00,3.835764477999999977e-01,1.299549732000000041e-02
9.700000000000000000e+04,6.000000000000000000e+02,9.000000000000000222e-01,0.000000000000000000e+00,3.867504406999999755e-01,1.326293108000000005e-02
9.900000000000000000e+04,6.000000000000000000e+02,9.000000000000000222e-01,0.000000000000000000e+00,3.898460221999999753e-01,1.353013737000000050e-02
1.000000000000000000e+04,6.000000000000000000e+02,9.000000000000000222e-01,0.000000000000000000e+00,8.751501789000000475e-02,1.463040307999999940e-03
3.000000000000000000e+04,6.000000000000000000e+02,9.000000000000000222e-01,0.000000000000000000e+00,2.059391657999999903e-01,4.204255145999999908e-03
5.000000000000000000e+04,6.000000000000000000e+02,9.000000000000000222e-01,0.000000000000000000e+00,2.824074495000000184e-01,6.923766555000000419e-03
7.000000000000000000e+04,6.000000000000000000e+02,9.000000000000000222e-01,0.000000000000000000e+00,3.358379953999999779e-01,9.634085537000000588e-03
9.000000000000000000e+04,6.000000000000000000e+02,9.000000000000000222e-01,0.000000000000000000e+00,3.752781750999999999e-01,1.232592541999999979e-02
1.100000000000000000e+05,6.000000000000000000e+02,9.000000000000000222e-01,0.000000000000000000e+00,4.055919651000000070e-01,1.499566911999999919e-02
1.300000000000000000e+05,6.000000000000000000e+02,9.000000000000000222e-01,0.000000000000000000e+00,4.296232861000000014e-01,1.764230170999999889e-02
1.500000000000000000e+05,6.000000000000000000e+02,9.000000000000000222e-01,0.000000000000000000e+00,4.491454319000000028e-01,2.026567752000000069e-02
1.700000000000000000e+05,6.000000000000000000e+02,9.000000000000000222e-01,0.000000000000000000e+00,4.653215358000000190e-01,2.286593811000000101e-02
1.900000000000000000e+05,6.000000000000000000e+02,9.000000000000000222e-01,0.000000000000000000e+00,4.789462596999999877e-01,2.544332304000000017e-02
2.100000000000000000e+05,6.000000000000000000e+02,9.000000000000000222e-01,0.000000000000000000e+00,4.905810247999999874e-01,2.799810545999999872e-02
2.300000000000000000e+05,6.000000000000000000e+02,9.000000000000000222e-01,0.000000000000000000e+00,5.006337493000000416e-01,3.053056897000000144e-02
2.500000000000000000e+05,6.000000000000000000e+02,9.000000000000000222e-01,0.000000000000000000e+00,5.094079613999999978e-01,3.304099866000000107e-02
2.700000000000000000e+05,6.000000000000000000e+02,9.000000000000000222e-01,0.000000000000000000e+00,5.171341883000000195e-01,3.552967759999999670e-02
2.900000000000000000e+05,6.000000000000000000e+02,9.000000000000000222e-01,0.000000000000000000e+00,5.239906598000000360e-01,3.799688535000000228e-02
3.100000000000000000e+05,6.000000000000000000e+02,9.000000000000000222e-01,0.000000000000000000e+00,5.301173435999999572e-01,4.044289733999999886e-02
3.300000000000000000e+05,6.000000000000000000e+02,9.000000000000000222e-01,0.000000000000000000e+00,5.356256907999999983e-01,4.286798463000000142e-02
3.500000000000000000e+05,6.000000000000000000e+02,9.000000000000000222e-01,0.000000000000000000e+00,5.406055462000000089e-01,4.527241387000000006e-02
3.700000000000000000e+05,6.000000000000000000e+02,9.000000000000000222e-01,0.000000000000000000e+00,5.451301429999999559e-01,4.765644726999999914e-02
3.900000000000000000e+05,6.000000000000000000e+02,9.000000000000000222e-01,0.000000000000000000e+00,5.492597721999999960e-01,5.002034268999999700e-02
4.100000000000000000e+05,6.000000000000000000e+02,9.000000000000000222e-01,0.000000000000000000e+00,5.530445210000000111e-01,5.236435369999999784e-02
4.300000000000000000e+05,6.000000000000000000e+02,9.000000000000000222e-01,0.000000000000000000e+00,5.565263442000000227e-01,5.468872963000000198e-02
4.500000000000000000e+05,6.000000000000000000e+02,9.000000000000000222e-01,0.000000000000000000e+00,5.597406499000000535e-01,5.699371570000000276e-02
4.700000000000000000e+05,6.000000000000000000e+02,9.000000000000000222e-01,0.000000000000000000e+00,5.627175292999999634e-01,5.927955305000000286e-02
4.900000000000000000e+05,6.000000000000000000e+02,9.000000000000000222e-01,0.000000000000000000e+00,5.654827181999999564e-01,6.154647885000000263e-02
5.100000000000000000e+05,6.000000000000000000e+02,9.000000000000000222e-01,0.000000000000000000e+00,5.680583579000000327e-01,6.379472636999999891e-02
5.300000000000000000e+05,6.000000000000000000e+02,9.000000000000000222e-01,0.000000000000000000e+00,5.704636014999999727e-01,6.602452506000000554e-02
5.500000000000000000e+05,6.000000000000000000e+02,9.000000000000000222e-01,0.000000000000000000e+00,5.727151014000000373e-01,6.823610065000000613e-02
5.700000000000000000e+05,6.000000000000000000e+02,9.000000000000000222e-01,0.000000000000000000e+00,5.748274052999999828e-01,7.042967518999999899e-02
5.900000000000000000e+05,6.000000000000000000e+02,9.000000000000000222e-01,0.000000000000000000e+00,5.768132779000000321e-01,7.260546713000000374e-02
6.100000000000000000e+05,6.000000000000000000e+02,9.000000000000000222e-01,0.000000000000000000e+00,5.786839662999999634e-01,7.476369142000000023e-02
6.300000000000000000e+05,6.000000000000000000e+02,9.000000000000000222e-01,0.000000000000000000e+00,5.804494192000000385e-01,7.690455954000000038e-02
6.500000000000000000e+05,6.000000000000000000e+02,9.000000000000000222e-01,0.000000000000000000e+00,5.821184686000000497e-01,7.902827963000000344e-02
6.700000000000000000e+05,6.000000000000000000e+02,9.000000000000000222e-01,0.000000000000000000e+00,5.836989828999999963e-01,8.113505646999999432e-02
6.900000000000000000e+05,6.000000000000000000e+02,9.000000000000000222e-01,0.000000000000000000e+00,5.851979942999999684e-01,8.322509161999999683e-02
7.100000000000000000e+05,6.000000000000000000e+02,9.000000000000000222e-01,0.000000000000000000e+00,5.866218075000000365e-01,8.529858345000000674e-02
7.300000000000000000e+05,6.000000000000000000e+02,9.000000000000000222e-01,0.000000000000000000e+00,5.879760911000000423e-01,8.735572721999999846e-02
7.500000000000000000e+05,6.000000000000000000e+02,9.000000000000000222e-01,0.000000000000000000e+00,5.892659558999999714e-01,8.939671511999999765e-02
7.700000000000000000e+05,6.000000000000000000e+02,9.000000000000000222e-01,0.000000000000000000e+00,5.904960221999999703e-01,9.142173634000000382e-02
7.900000000000000000e+05,6.000000000000000000e+02,9.000000000000000222e-01,0.000000000000000000e+00,5.916704771999999890e-01,9.343097712999999527e-02
8.100000000000000000e+05,6.000000000000000000e+02,9.000000000000000222e-01,0.000000000000000000e+00,5.927931241999999656e-01,9.542462086000000343e-02
8.300000000000000000e+05,6.000000000000000000e+02,9.000000000000000222e-01,0.000000000000000000e+00,5.938674260999999843e-01,9.740284808000000683e-02
8.500000000000000000e+05,6.000000000000000000e+02,9.000000000000000222e-01,0.000000000000000000e+00,5.948965428000000388e-01,9.936583654000000210e-02
8.700000000000000000e+05,6.000000000000000000e+02,9.000000000000000222e-01,0.000000000000000000e+00,5.958833628999999910e-01,1.013137612999999992e-01
8.900000000000000000e+05,6.000000000000000000e+02,9.000000000000000222e-01,0.000000000000000000e+00,5.968305332000000130e-01,1.032467947000000053e-01
9.100000000000000000e+05,6.000000000000000000e+02,9.000000000000000222e-01,0.000000000000000000e+00,5.977404826000000115e-01,1.051651066000000023e-01
9.300000000000000000e+05,6.000000000000000000e+02,9.000000000000000222e-01,0.000000000000000000e+00,5.986154448999999600e-01,1.070688639999999997e-01
9.500000000000000000e+05,6.000000000000000000e+02,9.000000000000000222e-01,0.000000000000000000e+00,5.994574772999999857e-01,1.089582317000000050e-01
9.700000000000000000e+05,6.000000000000000000e+02,9.000000000000000222e-01,0.000000000000000000e+00,6.002684781999999553e-01,1.108333719000000051e-01
9.900000000000000000e+05,6.000000000000000000e+02,9.000000000000000222e-01,0.000000000000000000e+00,6.010502014999999920e-01,1.126944443000000018e-01
1.000000000000000000e+05,6.000000000000000000e+02,9.000000000000000222e-01,0.000000000000000000e+00,3.913653132000000090e-01,1.366365490999999974e-02
3.000000000000000000e+05,6.000000000000000000e+02,9.000000000000000222e-01,0.000000000000000000e+00,5.271376832999999928e-01,3.922252377000000345e-02
5.000000000000000000e+05,6.000000000000000000e+02,9.000000000000000222e-01,0.000000000000000000e+00,5.667929709000000260e-01,6.267292296000000207e-02
7.000000000000000000e+05,6.000000000000000000e+02,9.000000000000000222e-01,0.000000000000000000e+00,5.859189325000000448e-01,8.426389317000000656e-02
9.000000000000000000e+05,6.000000000000000000e+02,9.000000000000000222e-01,0.000000000000000000e+00,5.972900166000000288e-01,1.042077802999999969e-01
1.100000000000000000e+06,6.000000000000000000e+02,9.000000000000000222e-01,0.000000000000000000e+00,6.048932891999999617e-01,1.226857982999999958e-01
1.300000000000000000e+06,6.000000000000000000e+02,9.000000000000000222e-01,0.000000000000000000e+00,6.103767732999999529e-01,1.398535294999999901e-01
1.500000000000000000e+06,6.000000000000000000e+02,9.000000000000000222e-01,0.000000000000000000e+00,6.145460336000000412e-01,1.558453008000000028e-01
1.700000000000000000e+06,6.000000000000000000e+02,9.000000000000000222e-01,0.000000000000000000e+00,6.178419463000000000e-01,1.707776927999999916e-01
1.900000000000000000e+06,6.000000000000000000e+02,9.000000000000000222e-01,0.000000000000000000e+00,6.205263831999999757e-01,1.847523765999999901e-01
2.100000000000000000e+06,6.000000000000000000e+02,9.000000000000000222e-01,0.000000000000000000e+00,6.227648864999999478e-01,1.978584224000000114e-01
2.300000000000000000e+06,6.000000000000000000e+02,9.000000000000000222e-01,0.000000000000000000e+00,6.246673684000000337e-01,2.101741930999999897e-01
2.500000000000000000e+06,6.000000000000000000e+02,9.000000000000000222e-01,0.000000000000000000e+00,6.263097641000000548e-01,2.217689056000000103e-01
2.700000000000000000e+06,6.000000000000000000e+02,9.000000000000000222e-01,0.000000000000000000e+00,6.277462875000000553e-01,2.327039271999999936e-01
2.900000000000000000e+06,6.000000000000000000e+02,9.000000000000000222e-01,0.000000000000000000e+00,6.290167302000000404e-01,2.430338572999999891e-01
3.100000000000000000e+06,6.000000000000000000e+02,9.000000000000000222e-01,0.000000000000000000e+00,6.301509949000000388e-01,2.528074352999999941e-01
3.300000000000000000e+06,6.000000000000000000e+02,9.000000000000000222e-01,0.000000000000000000e+00,6.311720157000000331e-01,2.620683059000000203e-01
3.500000000000000000e+06,6.000000000000000000e+02,9.000000000000000222e-01,0.000000000000000000e+00,6.320976971999999749e-01,2.708556677000000246e-01
3.700000000000000000e+06,6.000000000000000000e+02,9.000000000000000222e-01,0.000000000000000000e+00,6.329422376000000128e-01,2.792048253000000146e-01
3.900000000000000000e+06,6.000000000000000000e+02,9.000000000000000222e-01,0.000000000000000000e+00,6.337170529000000219e-01,2.871476606999999737e-01
4.100000000000000000e+06,6.000000000000000000e+02,9.000000000000000222e-01,0.000000000000000000e+00,6.344314362999999846e-01,2.947130385000000241e-01
4.300000000000000000e+06,6.000000000000000000e+02,9.000000000000000222e-01,0.000000000000000000e+00,6.350930374000000045e-01,3.019271543000000002e-01
4.500000000000000000e+06,6.000000000000000000e+02,9.000000000000000222e-01,0.000000000000000000e+00,6.357082160000000481e-01,3.088138362000000248e-01
4.700000000000000000e+06,6.000000000000000000e+02,9.000000000000000222e-01,0.000000000000000000e+00,6.362823077000000493e-01,3.153948060999999803e-01
4.900000000000000000e+06,6.000000000000000000e+02,9.000000000000000222e-01,0.000000000000000000e+00,6.368198263000000026e-01,3.216899076999999996e-01
5.100000000000000000e+06,6.000000000000000000e+02,9.000000000000000222e-01,0.000000000000000000e+00,6.373246188000000201e-01,3.277173047999999977e-01
5.300000000000000000e+06,6.000000000000000000e+02,9.000000000000000222e-01,0.000000000000000000e+00,6.377999869999999571e-01,3.334936554999999858e-01
5.500000000000000000e+06,6.000000000000000000e+02,9.000000000000000222e-01,0.000000000000000000e+00,6.382487827999999697e-01,3.390342650000000013e-01
5.700000000000000000e+06,6.000000000000000000e+02,9.000000000000000222e-01,0.000000000000000000e+00,6.386734837999999970e-01,3.443532200000000154e-01
5.900000000000000000e+06,6.000000000000000000e+02,9.000000000000000222e-01,0.000000000000000000e+00,6.390762545999999489e-01,3.494635078000000172e-01
6.100000000000000000e+06,6.000000000000000000e+02,9.000000000000000222e-01,0.000000000000000000e+00,6.394589953999999521e-01,3.543771213999999947e-01
6.300000000000000000e+06,6.000000000000000000e+02,9.000000000000000222e-01,0.000000000000000000e+00,6.398233825000000374e-01,3.591051526999999854e-01
6.500000000000000000e+06,6.000000000000000000e+02,9.000000000000000222e-01,0.000000000000000000e+00,6.401709008999999506e-01,3.636578756000000134e-01
6.700000000000000000e+06,6.000000000000000000e+02,9.000000000000000222e-01,0.000000000000000000e+00,6.405028716999999761e-01,3.680448202000000113e-01
6.900000000000000000e+06,6.000000000000000000e+02,9.000000000000000222e-01,0.000000000000000000e+00,6.408204747000000312e-01,3.722748386999999992e-01
7.100000000000000000e+06,6.000000000000000000e+02,9.000000000000000222e-01,0.000000000000000000e+00,6.411247672000000009e-01,3.763561644999999789e-01
7.300000000000000000e+06,6.000000000000000000e+02,9.000000000000000222e-01,0.000000000000000000e+00,6.414166999000000535e-01,3.802964656999999749e-01
7.500000000000000000e+06,6.000000000000000000e+02,9.000000000000000222e-01,0.000000000000000000e+00,6.416971305999999986e-01,3.841028922999999984e-01
7.700000000000000000e+06,6.000000000000000000e+02,9.000000000000000222e-01,0.000000000000000000e+00,6.419668350999999662e-01,3.877821197999999914e-01
7.900000000000000000e+06,6.000000000000000000e+02,9.000000000000000222e-01,0.000000000000000000e+00,6.422265176000000464e-01,3.913403871000000200e-01
8.100000000000000000e+06,6.000000000000000000e+02,9.000000000000000222e-01,0.000000000000000000e+00,6.424768186999999520e-01,3.947835324999999784e-01
8.300000000000000000e+06,6.000000000000000000e+02,9.000000000000000222e-01,0.000000000000000000e+00,6.427183225999999472e-01,3.981170247999999967e-01
8.500000000000000000e+06,6.000000000000000000e+02,9.000000000000000222e-01,0.000000000000000000e+00,6.429515635000000451e-01,4.013459919999999848e-01
8.700000000000000000e+06,6.000000000000000000e+02,9.000000000000000222e-01,0.000000000000000000e+00,6.431770309000000019e-01,4.044752476999999846e-01
8.900000000000000000e+06,6.000000000000000000e+02,9.000000000000000222e-01,0.000000000000000000e+00,6.433951743000000389e-01,4.075093148000000220e-01
9.100000000000000000e+06,6.000000000000000000e+02,9.000000000000000222e-01,0.000000000000000000e+00,6.436064072999999608e-01,4.104524468999999898e-01
9.300000000000000000e+06,6.000000000000000000e+02,9.000000000000000222e-01,0.000000000000000000e+00,6.438111114000000246e-01,4.133086483999999783e-01
9.500000000000000000e+06,6.000000000000000000e+02,9.000000000000000222e-01,0.000000000000000000e+00,6.440096388999999588e-01,4.160816918999999947e-01
9.700000000000000000e+06,6.000000000000000000e+02,9.000000000000000222e-01,0.000000000000000000e+00,6.442023158999999888e-01,4.187751353999999981e-01
9.900000000000000000e+06,6.000000000000000000e+02,9.000000000000000222e-01,0.000000000000000000e+00,6.443894447000000358e-01,4.213923367999999892e-01
1.000000000000000000e+06,6.000000000000000000e+02,9.000000000000000222e-01,0.000000000000000000e+00,6.014305961999999450e-01,1.136197543999999948e-01
3.000000000000000000e+06,6.000000000000000000e+02,9.000000000000000222e-01,0.000000000000000000e+00,6.295993144999999513e-01,2.479873512000000113e-01
5.000000000000000000e+06,6.000000000000000000e+02,9.000000000000000222e-01,0.000000000000000000e+00,6.370760953999999865e-01,3.247359947999999830e-01
7.000000000000000000e+06,6.000000000000000000e+02,9.000000000000000222e-01,0.000000000000000000e+00,6.409742229999999541e-01,3.743335962000000072e-01
9.000000000000000000e+06,6.000000000000000000e+02,9.000000000000000222e-01,0.000000000000000000e+00,6.435016300000000466e-01,4.089919918000000099e-01
1.100000000000000000e+07,6.000000000000000000e+02,9.000000000000000222e-01,0.000000000000000000e+00,6.453310901000000044e-01,4.345575479000000074e-01
1.300000000000000000e+07,6.000000000000000000e+02,9.000000000000000222e-01,0.000000000000000000e+00,6.467470451000000287e-01,4.541798464999999840e-01
1.500000000000000000e+07,6.000000000000000000e+02,9.000000000000000222e-01,0.000000000000000000e+00,6.478935587999999912e-01,4.697055211000000230e-01
1.700000000000000000e+07,6.000000000000000000e+02,9.000000000000000222e-01,0.000000000000000000e+00,6.488525670000000467e-01,4.822886880000000209e-01
1.900000000000000000e+07,6.000000000000000000e+02,9.000000000000000222e-01,0.000000000000000000e+00,6.496746179000000287e-01,4.926876413999999871e-01
2.100000000000000000e+07,6.000000000000000000e+02,9.000000000000000222e-01,0.000000000000000000e+00,6.503928402999999969e-01,5.014210756000000435e-01
2.300000000000000000e+07,6.000000000000000000e+02,9.000000000000000222e-01,0.000000000000000000e+00,6.510299884000000370e-01,5.088557460000000532e-01
2.500000000000000000e+07,6.000000000000000000e+02,9.000000000000000222e-01,0.000000000000000000e+00,6.516022884000000071e-01,5.152582765000000009e-01
2.700000000000000000e+07,6.000000000000000000e+02,9.000000000000000222e-01,0.000000000000000000e+00,6.521216720000000411e-01,5.208271271000000091e-01
2.900000000000000000e+07,6.000000000000000000e+02,9.000000000000000222e-01,0.000000000000000000e+00,6.525971417000000496e-01,5.257130534999999716e-01
3.100000000000000000e+07,6.000000000000000000e+02,9.000000000000000222e-01,0.000000000000000000e+00,6.530356390999999538e-01,5.300326171999999447e-01
3.300000000000000000e+07,6.000000000000000000e+02,9.000000000000000222e-01,0.000000000000000000e+00,6.534426180000000306e-01,5.338773516000000496e-01
3.500000000000000000e+07,6.000000000000000000e+02,9.000000000000000222e-01,0.000000000000000000e+00,6.538224339000000551e-01,5.373201314000000117e-01
3.700000000000000000e+07,6.000000000000000000e+02,9.000000000000000222e-01,0.000000000000000000e+00,6.541786148999999551e-01,5.404196911999999964e-01
3.900000000000000000e+07,6.000000000000000000e+02,9.000000000000000222e-01,0.000000000000000000e+00,6.545140552999999528e-01,5.432238928999999494e-01
4.100000000000000000e+07,6.000000000000000000e+02,9.000000000000000222e-01,0.000000000000000000e+00,6.548311567000000277e-01,5.457721274000000289e-01
4.300000000000000000e+07,6.000000000000000000e+02,9.000000000000000222e-01,0.000000000000000000e+00,6.551319316000000503e-01,5.480971065999999947e-01
4.500000000000000000e+07,6.000000000000000000e+02,9.000000000000000222e-01,0.000000000000000000e+00,6.554180820999999657e-01,5.502262195999999550e-01
4.700000000000000000e+07,6.000000000000000000e+02,9.000000000000000222e-01,0.000000000000000000e+00,6.556910598999999840e-01,5.521825715999999495e-01
4.900000000000000000e+07,6.000000000000000000e+02,9.000000000000000222e-01,0.000000000000000000e+00,6.559521122000000481e-01,5.539857883000000038e-01
5.100000000000000000e+07,6.000000000000000000e+02,9.000000000000000222e-01,0.000000000000000000e+00,6.562023179999999511e-01,5.556526465000000137e-01
5.300000000000000000e+07,6.000000000000000000e+02,9.000000000000000222e-01,0.000000000000000000e+00,6.564426167000000367e-01,5.571975715000000440e-01
5.500000000000000000e+07,6.000000000000000000e+02,9.000000000000000222e-01,0.000000000000000000e+00,6.566738308999999774e-01,5.586330349000000473e-01
5.700000000000000000e+07,6.000000000000000000e+02,9.000000000000000222e-01,0.000000000000000000e+00,6.568966847999999636e-01,5.599698734000000400e-01
5.900000000000000000e+07,6.000000000000000000e+02,9.000000000000000222e-01,0.000000000000000000e+00,6.571118191000000497e-01,5.612175480000000105e-01
6.100000000000000000e+07,6.000000000000000000e+02,9.000000000000000222e-01,0.000000000000000000e+00,6.573198032999999496e-01,5.623843550999999552e-01
6.300000000000000000e+07,6.000000000000000000e+02,9.000000000000000222e-01,0.000000000000000000e+00,6.575211460000000008e-01,5.634775995999999898e-01
6.500000000000000000e+07,6.000000000000000000e+02,9.000000000000000222e-01,0.000000000000000000e+00,6.577163028000000411e-01,5.645037388000000433e-01
6.700000000000000000e+07,6.000000000000000000e+02,9.000000000000000222e-01,0.000000000000000000e+00,6.579056836000000130e-01,5.654685014000000454e-01
6.900000000000000000e+07,6.000000000000000000e+02,9.000000000000000222e-01,0.000000000000000000e+00,6.580896585000000076e-01,5.663769869000000456e-01
7.100000000000000000e+07,6.000000000000000000e+02,9.000000000000000222e-01,0.000000000000000000e+00,6.582685628000000122e-01,5.672337500999999893e-01
7.300000000000000000e+07,6.000000000000000000e+02,9.000000000000000222e-01,0.000000000000000000e+00,6.584427011000000274e-01,5.680428709999999493e-01
7.500000000000000000e+07,6.000000000000000000e+02,9.000000000000000222e-01,0.000000000000000000e+00,6.586123509000000320e-01,5.688080153000000250e-01
7.700000000000000000e+07,6.000000000000000000e+02,9.000000000000000222e-01,0.000000000000000000e+00,6.587777659000000341e-01,5.695324857000000351e-01
7.900000000000000000e+07,6.000000000000000000e+02,9.000000000000000222e-01,0.000000000000000000e+00,6.589391784999999446e-01,5.702192651999999917e-01
8.100000000000000000e+07,6.000000000000000000e+02,9.000000000000000222e-01,0.000000000000000000e+00,6.590968021999999982e-01,5.708710550000000161e-01
8.300000000000000000e+07,6.000000000000000000e+02,9.000000000000000222e-01,0.000000000000000000e+00,6.592508333000000054e-01,5.714903065999999976e-01
8.500000000000000000e+07,6.000000000000000000e+02,9.000000000000000222e-01,0.000000000000000000e+00,6.594014531999999873e-01,5.720792504999999695e-01
8.700000000000000000e+07,6.000000000000000000e+02,9.000000000000000222e-01,0.000000000000000000e+00,6.595488295000000445e-01,5.726399198999999607e-01
8.900000000000000000e+07,6.000000000000000000e+02,9.000000000000000222e-01,0.000000000000000000e+00,6.596931175000000369e-01,5.731741720999999901e-01
9.100000000000000000e+07,6.000000000000000000e+02,9.000000000000000222e-01,0.000000000000000000e+00,6.598344614000000163e-01,5.736837071999999482e-01
9.300000000000000000e+07,6.000000000000000000e+02,9.000000000000000222e-01,0.000000000000000000e+00,6.599729950999999595e-01,5.741700841000000333e-01
9.500000000000000000e+07,6.000000000000000000e+02,9.000000000000000222e-01,0.000000000000000000e+00,6.601088437000000031e-01,5.746347351999999686e-01
9.700000000000000000e+07,6.000000000000000000e+02,9.000000000000000222e-01,0.000000000000000000e+00,6.602421234999999999e-01,5.750789782999999877e-01
9.900000000000000000e+07,6.000000000000000000e+02,9.000000000000000222e-01,0.000000000000000000e+00,6.603729434999999759e-01,5.755040283000000256e-01
1.000000000000000000e+07,6.000000000000000000e+02,9.000000000000000222e-01,0.000000000000000000e+00,6.444810169000000366e-01,4.226733449000000253e-01
3.000000000000000000e+07,6.000000000000000000e+02,9.000000000000000222e-01,0.000000000000000000e+00,6.528206414999999652e-01,5.279374087999999521e-01
5.000000000000000000e+07,6.000000000000000000e+02,9.000000000000000222e-01,0.000000000000000000e+00,6.560785093000000012e-01,5.548353106000000201e-01
7.000000000000000000e+07,6.000000000000000000e+02,9.000000000000000222e-01,0.000000000000000000e+00,6.581797247999999767e-01,5.668115684000000210e-01
9.000000000000000000e+07,6.000000000000000000e+02,9.000000000000000222e-01,0.000000000000000000e+00,6.597641489000000137e-01,5.734319287000000376e-01
1.000000000000000000e+08,6.000000000000000000e+02,9.000000000000000222e-01,0.000000000000000000e+00,6.604374630999999551e-01,5.757097098000000246e-01
