# pressure,temperature,f1,f2,molkg1,molkg2
1.000000000000000000e+00,6.000000000000000000e+02,8.000000000000000444e-01,1.000000000000000056e-01,9.307895690999999153e-06,4.663026072000000104e-07
3.000000000000000000e+00,6.000000000000000000e+02,8.000000000000000444e-01,1.000000000000000056e-01,2.792284947999999878e-05,1.398885004000000090e-06
5.000000000000000000e+00,6.000000000000000000e+02,8.000000000000000444e-01,1.000000000000000056e-01,4.653668656999999969e-05,2.331436982999999827e-06
7.000000000000000000e+00,6.000000000000000000e+02,8.000000000000000444e-01,1.000000000000000056e-01,6.514940706000000149e-05,3.263958550000000205e-06
9.000000000000000000e+00,6.000000000000000000e+02,8.000000000000000444e-01,1.000000000000000056e-01,8.376101106000000227e-05,4.196449708999999970e-06
1.100000000000000000e+01,6.000000000000000000e+02,8.000000000000000444e-01,1.000000000000000056e-01,1.023714986999999963e-04,5.128910468999999894e-06
1.300000000000000000e+01,6.000000000000000000e+02,8.000000000000000444e-01,1.000000000000000056e-01,1.209808700000000037e-04,6.061340834000000417e-06
1.500000000000000000e+01,6.000000000000000000e+02,8.000000000000000444e-01,1.000000000000000056e-01,1.395891251999999930e-04,6.993740810000000076e-06
1.700000000000000000e+01,6.000000000000000000e+02,8.000000000000000444e-01,1.000000000000000056e-01,1.581962643000000049e-04,7.926110404000000274e-06
1.900000000000000000e+01,6.000000000000000000e+02,8.000000000000000444e-01,1.000000000000000056e-01,1.768022875000000089e-04,8.858449622000000398e-06
2.100000000000000000e+01,6.000000000000000000e+02,8.000000000000000444e-01,1.000000000000000056e-01,1.954071948000000048e-04,9.790758467999999192e-06
2.300000000000000000e+01,6.000000000000000000e+02,8.000000000000000444e-01,1.000000000000000056e-01,2.140109864000000028e-04,1.072303694999999922e-05
2.500000000000000000e+01,6.000000000000000000e+02,8.000000000000000444e-01,1.000000000000000056e-01,2.326136624000000078e-04,1.165528506999999945e-05
2.700000000000000000e+01,6.000000000000000000e+02,8.000000000000000444e-01,1.000000000000000056e-01,2.512152228000000200e-04,1.258750284000000032e-05
2.900000000000000000e+01,6.000000000000000000e+02,8.000000000000000444e-01,1.000000000000000056e-01,2.698156677999999950e-04,1.351969026999999998e-05
3.100000000000000000e+01,6.000000000000000000e+02,8.000000000000000444e-01,1.000000000000000056e-01,2.884149974999999921e-04,1.445184735000000030e-05
3.300000000000000000e+01,6.000000000000000000e+02,8.000000000000000444e-01,1.000000000000000056e-01,3.070132119999999893e-04,1.538397410000000092e-05
3.500000000000000000e+01,6.000000000000000000e+02,8.000000000000000444e-01,1.000000000000000056e-01,3.256103114000000187e-04,1.631607052000000015e-05
3.700000000000000000e+01,6.000000000000000000e+02,8.000000000000000444e-01,1.000000000000000056e-01,3.442062958999999819e-04,1.724813661999999951e-05
3.900000000000000000e+01,6.000000000000000000e+02,8.000000000000000444e-01,1.000000000000000056e-01,3.628011654000000094e-04,1.818017238999999918e-05
4.100000000000000000e+01,6.000000000000000000e+02,8.000000000000000444e-01,1.000000000000000056e-01,3.813949201999999807e-04,1.911217785999999862e-05
4.300000000000000000e+01,6.000000000000000000e+02,8.000000000000000444e-01,1.000000000000000056e-01,3.999875603000000042e-04,2.004415303000000123e-05
4.500000000000000000e+01,6.000000000000000000e+02,8.000000000000000444e-01,1.000000000000000056e-01,4.185790858000000038e-04,2.097609789000000040e-05
4.700000000000000000e+01,6.000000000000000000e+02,8.000000000000000444e-01,1.000000000000000056e-01,4.371694968999999893e-04,2.190801245999999917e-05
4.900000000000000000e+01,6.000000000000000000e+02,8.000000000000000444e-01,1.000000000000000056e-01,4.557587936000000151e-04,2.283989674000000094e-05
5.100000000000000000e+01,6.000000000000000000e+02,8.000000000000000444e-01,1.000000000000000056e-01,4.743469760999999827e-04,2.377175074999999857e-05
5.300000000000000000e+01,6.000000000000000000e+02,8.000000000000000444e-01,1.000000000000000056e-01,4.929340445000000327e-04,2.470357446999999919e-05
5.500000000000000000e+01,6.000000000000000000e+02,8.000000000000000444e-01,1.000000000000000056e-01,5.115199987999999483e-04,2.563536792999999888e-05
5.700000000000000000e+01,6.000000000000000000e+02,8.000000000000000444e-01,1.000000000000000056e-01,5.301048391999999563e-04,2.656713113000000104e-05
5.900000000000000000e+01,6.000000000000000000e+02,8.000000000000000444e-01,1.000000000000000056e-01,5.486885658000000346e-04,2.749886405999999906e-05
6.100000000000000000e+01,6.000000000000000000e+02,8.000000000000000444e-01,1.000000000000000056e-01,5.672711787000000528e-04,2.843056674999999920e-05
6.300000000000000000e+01,6.000000000000000000e+02,8.000000000000000444e-01,1.000000000000000056e-01,5.858526779999999887e-04,2.936223919000000162e-05
6.500000000000000000e+01,6.000000000000000000e+02,8.000000000000000444e-01,1.000000000000000056e-01,6.044330638000000372e-04,3.029388138999999938e-05
6.700000000000000000e+01,6.000000000000000000e+02,8.000000000000000444e-01,1.000000000000000056e-01,6.230123361999999592e-04,3.122549334999999925e-05
6.900000000000000000e+01,6.000000000000000000e+02,8.000000000000000444e-01,1.000000000000000056e-01,6.415904952999999496e-04,3.215707508999999750e-05
7.100000000000000000e+01,6.000000000000000000e+02,8.000000000000000444e-01,1.000000000000000056e-01,6.601675412999999642e-04,3.308862660999999751e-05
7.300000000000000000e+01,6.000000000000000000e+02,8.000000000000000444e-01,1.000000000000000056e-01,6.787434742000000030e-04,3.402014790999999928e-05
7.500000000000000000e+01,6.000000000000000000e+02,8.000000000000000444e-01,1.000000000000000056e-01,6.973182941000000438e-04,3.495163899999999924e-05
7.700000000000000000e+01,6.000000000000000000e+02,8.000000000000000444e-01,1.000000000000000056e-01,7.158920012000000426e-04,3.588309989000000062e-05
7.900000000000000000e+01,6.000000000000000000e+02,8.000000000000000444e-01,1.000000000000000056e-01,7.344645955999999773e-04,3.681453057999999664e-05
8.100000000000000000e+01,6.000000000000000000e+02,8.000000000000000444e-01,1.000000000000000056e-01,7.530360772999999562e-04,3.774593107000000084e-05
8.300000000000000000e+01,6.000000000000000000e+02,8.000000000000000444e-01,1.000000000000000056e-01,7.716064463999999573e-04,3.867730137999999933e-05
8.500000000000000000e+01,6.000000000000000000e+02,8.000000000000000444e-01,1.000000000000000056e-01,7.901757032000000227e-04,3.960864150999999887e-05
8.700000000000000000e+01,6.000000000000000000e+02,8.000000000000000444e-01,1.000000000000000056e-01,8.087438475999999578e-04,4.053995147000000269e-05
8.900000000000000000e+01,6.000000000000000000e+02,8.000000000000000444e-01,1.000000000000000056e-01,8.273108798000000435e-04,4.147123125000000079e-05
9.100000000000000000e+01,6.000000000000000000e+02,8.000000000000000444e-01,1.000000000000000056e-01,8.458767999000000410e-04,4.240248088000000282e-05
9.300000000000000000e+01,6.000000000000000000e+02,8.000000000000000444e-01,1.000000000000000056e-01,8.644416080000000367e-04,4.333370034999999877e-05
9.500000000000000000e+01,6.000000000000000000e+02,8.000000000000000444e-01,1.000000000000000056e-01,8.830053042999999862e-04,4.426488966000000221e-05
9.700000000000000000e+01,6.000000000000000000e+02,8.000000000000000444e-01,1.000000000000000056e-01,9.015678887000000202e-04,4.519604884000000245e-05
9.900000000000000000e+01,6.000000000000000000e+02,8.000000000000000444e-01,1.000000000000000056e-01,9.201293613999999860e-04,4.612717786999999983e-05
1.000000000000000000e+01,6.000000000000000000e+02,8.000000000000000444e-01,1.000000000000000056e-01,9.306639441000000041e-05,4.662683888999999741e-06
3.000000000000000000e+01,6.000000000000000000e+02,8.000000000000000444e-01,1.000000000000000056e-01,2.791154721000000164e-04,1.398577260000000055e-05
5.000000000000000000e+01,6.000000000000000000e+02,8.000000000000000444e-01,1.000000000000000056e-01,4.650530240999999846e-04,2.330582753000000110e-05
7.000000000000000000e+01,6.000000000000000000e+02,8.000000000000000444e-01,1.000000000000000056e-01,6.508791574999999536e-04,3.262285463000000232e-05
9.000000000000000000e+01,6.000000000000000000e+02,8.000000000000000444e-01,1.000000000000000056e-01,8.365939788999999637e-04,4.193685984000000163e-05
1.100000000000000000e+02,6.000000000000000000e+02,8.000000000000000444e-01,1.000000000000000056e-01,1.022197595000000087e-03,5.124784909000000338e-05
1.300000000000000000e+02,6.000000000000000000e+02,8.000000000000000444e-01,1.000000000000000056e-01,1.207690112999999961e-03,6.055582831999999820e-05
1.500000000000000000e+02,6.000000000000000000e+02,8.000000000000000444e-01,1.000000000000000056e-01,1.393071637999999902e-03,6.986080343000000453e-05
1.700000000000000000e+02,6.000000000000000000e+02,8.000000000000000444e-01,1.000000000000000056e-01,1.578342276999999917e-03,7.916278032999999660e-05
1.900000000000000000e+02,6.000000000000000000e+02,8.000000000000000444e-01,1.000000000000000056e-01,1.763502136000000015e-03,8.846176491999999960e-05
2.100000000000000000e+02,6.000000000000000000e+02,8.000000000000000444e-01,1.000000000000000056e-01,1.948551320999999991e-03,9.775776308000000523e-05
2.300000000000000000e+02,6.000000000000000000e+02,8.000000000000000444e-01,1.000000000000000056e-01,2.133489937999999853e-03,1.070507806999999948e-04
2.500000000000000000e+02,6.000000000000000000e+02,8.000000000000000444e-01,1.000000000000000056e-01,2.318318091999999834e-03,1.163408235999999950e-04
2.700000000000000000e+02,6.000000000000000000e+02,8.000000000000000444e-01,1.000000000000000056e-01,2.503035890000000156e-03,1.256278977000000103e-04
2.900000000000000000e+02,6.000000000000000000e+02,8.000000000000000444e-01,1.000000000000000056e-01,2.687643435999999969e-03,1.349120088000000067e-04
3.100000000000000000e+02,6.000000000000000000e+02,8.000000000000000444e-01,1.000000000000000056e-01,2.872140836000000152e-03,1.441931627999999959e-04
3.300000000000000000e+02,6.000000000000000000e+02,8.000000000000000444e-01,1.000000000000000056e-01,3.056528194999999851e-03,1.534713654999999980e-04
3.500000000000000000e+02,6.000000000000000000e+02,8.000000000000000444e-01,1.000000000000000056e-01,3.240805617999999947e-03,1.627466227000000062e-04
3.700000000000000000e+02,6.000000000000000000e+02,8.000000000000000444e-01,1.000000000000000056e-01,3.424973209000000025e-03,1.720189402000000135e-04
3.900000000000000000e+02,6.000000000000000000e+02,8.000000000000000444e-01,1.000000000000000056e-01,3.609031075000000092e-03,1.812883238000000130e-04
4.100000000000000000e+02,6.000000000000000000e+02,8.000000000000000444e-01,1.000000000000000056e-01,3.792979318000000172e-03,1.905547794000000028e-04
4.300000000000000000e+02,6.000000000000000000e+02,8.000000000000000444e-01,1.000000000000000056e-01,3.976818045000000273e-03,1.998183125999999931e-04
4.500000000000000000e+02,6.000000000000000000e+02,8.000000000000000444e-01,1.000000000000000056e-01,4.160547357999999987e-03,2.090789293999999871e-04
4.700000000000000000e+02,6.000000000000000000e+02,8.000000000000000444e-01,1.000000000000000056e-01,4.344167363000000191e-03,2.183366352999999897e-04
4.900000000000000000e+02,6.000000000000000000e+02,8.000000000000000444e-01,1.000000000000000056e-01,4.527678163000000040e-03,2.275914363000000043e-04
5.100000000000000000e+02,6.000000000000000000e+02,8.000000000000000444e-01,1.000000000000000056e-01,4.711079861999999986e-03,2.368433379000000087e-04
5.300000000000000000e+02,6.000000000000000000e+02,8.000000000000000444e-01,1.000000000000000056e-01,4.894372563999999613e-03,2.460923461000000061e-04
5.500000000000000000e+02,6.000000000000000000e+02,8.000000000000000444e-01,1.000000000000000056e-01,5.077556373999999803e-03,2.553384663999999746e-04
5.700000000000000000e+02,6.000000000000000000e+02,8.000000000000000444e-01,1.000000000000000056e-01,5.260631392999999718e-03,2.645817047000000206e-04
5.900000000000000000e+02,6.000000000000000000e+02,8.000000000000000444e-01,1.000000000000000056e-01,5.443597726000000241e-03,2.738220665000000139e-04
6.100000000000000000e+02,6.000000000000000000e+02,8.000000000000000444e-01,1.000000000000000056e-01,5.626455475999999657e-03,2.830595577000000066e-04
6.300000000000000000e+02,6.000000000000000000e+02,8.000000000000000444e-01,1.000000000000000056e-01,5.809204747000000155e-03,2.922941839000000089e-04
6.500000000000000000e+02,6.000000000000000000e+02,8.000000000000000444e-01,1.000000000000000056e-01,5.991845640000000028e-03,3.015259508000000090e-04
6.700000000000000000e+02,6.000000000000000000e+02,8.000000000000000444e-01,1.000000000000000056e-01,6.174378258999999730e-03,3.107548640000000169e-04
6.900000000000000000e+02,6.000000000000000000e+02,8.000000000000000444e-01,1.000000000000000056e-01,6.356802707000000149e-03,3.199809292999999987e-04
7.100000000000000000e+02,6.000000000000000000e+02,8.000000000000000444e-01,1.000000000000000056e-01,6.539119086999999574e-03,3.292041521999999865e-04
7.300000000000000000e+02,6.000000000000000000e+02,8.000000000000000444e-01,1.000000000000000056e-01,6.721327499999999767e-03,3.384245384000000227e-04
7.500000000000000000e+02,6.000000000000000000e+02,8.000000000000000444e-01,1.000000000000000056e-01,6.903428048999999886e-03,3.476420935999999869e-04
7.700000000000000000e+02,6.000000000000000000e+02,8.000000000000000444e-01,1.000000000000000056e-01,7.085420836999999951e-03,3.568568233999999976e-04
7.900000000000000000e+02,6.000000000000000000e+02,8.000000000000000444e-01,1.000000000000000056e-01,7.267305964999999993e-03,3.660687332999999787e-04
8.100000000000000000e+02,6.000000000000000000e+02,8.000000000000000444e-01,1.000000000000000056e-01,7.449083536000000033e-03,3.752778290000000267e-04
8.300000000000000000e+02,6.000000000000000000e+02,8.000000000000000444e-01,1.000000000000000056e-01,7.630753649999999673e-03,3.844841160999999891e-04
8.500000000000000000e+02,6.000000000000000000e+02,8.000000000000000444e-01,1.000000000000000056e-01,7.812316411000000231e-03,3.936876001999999844e-04
8.700000000000000000e+02,6.000000000000000000e+02,8.000000000000000444e-01,1.000000000000000056e-01,7.993771918999999573e-03,4.028882867999999907e-04
8.900000000000000000e+02,6.000000000000000000e+02,8.000000000000000444e-01,1.000000000000000056e-01,8.175120275999999894e-03,4.120861815999999960e-04
9.100000000000000000e+02,6.000000000000000000e+02,8.000000000000000444e-01,1.000000000000000056e-01,8.356361583000000356e-03,4.212812900000000005e-04
9.300000000000000000e+02,6.000000000000000000e+02,8.000000000000000444e-01,1.000000000000000056e-01,8.537495940999999255e-03,4.304736176000000143e-04
9.500000000000000000e+02,6.000000000000000000e+02,8.000000000000000444e-01,1.000000000000000056e-01,8.718523452000000520e-03,4.396631701000000255e-04
9.700000000000000000e+02,6.000000000000000000e+02,8.000000000000000444e-01,1.000000000000000056e-01,8.899444216000000282e-03,4.488499528000000020e-04
9.900000000000000000e+02,6.000000000000000000e+02,8.000000000000000444e-01,1.000000000000000056e-01,9.080258334000000306e-03,4.580339713000000082e-04
1.000000000000000000e+02,6.000000000000000000e+02,8.000000000000000444e-01,1.000000000000000056e-01,9.294096809999999537e-04,4.659273108999999853e-05
3.000000000000000000e+02,6.000000000000000000e+02,8.000000000000000444e-01,1.000000000000000056e-01,2.779905896999999935e-03,1.395529550999999920e-04
5.000000000000000000e+02,6.000000000000000000e+02,8.000000000000000444e-01,1.000000000000000056e-01,4.619392643999999971e-03,2.322177490999999966e-04
7.000000000000000000e+02,6.000000000000000000e+02,8.000000000000000444e-01,1.000000000000000056e-01,6.447974399000000120e-03,3.245928957000000217e-04
9.000000000000000000e+02,6.000000000000000000e+02,8.000000000000000444e-01,1.000000000000000056e-01,8.265754304000000677e-03,4.166840837000000122e-04
1.100000000000000000e+03,6.000000000000000000e+02,8.000000000000000444e-01,1.000000000000000056e-01,1.007283418000000028e-02,5.084969096999999993e-04
1.300000000000000000e+03,6.000000000000000000e+02,8.000000000000000444e-01,1.000000000000000056e-01,1.186931452999999935e-02,6.000368785000000397e-04
1.500000000000000000e+03,6.000000000000000000e+02,8.000000000000000444e-01,1.000000000000000056e-01,1.365529459000000036e-02,6.913094042000000536e-04
1.700000000000000000e+03,6.000000000000000000e+02,8.000000000000000444e-01,1.000000000000000056e-01,1.543087232999999954e-02,7.823198114999999715e-04
1.900000000000000000e+03,6.000000000000000000e+02,8.000000000000000444e-01,1.000000000000000056e-01,1.719614444999999908e-02,8.730733359999999933e-04
2.100000000000000000e+03,6.000000000000000000e+02,8.000000000000000444e-01,1.000000000000000056e-01,1.895120642999999910e-02,9.635751257000000399e-04
2.300000000000000000e+03,6.000000000000000000e+02,8.000000000000000444e-01,1.000000000000000056e-01,2.069615253999999849e-02,1.053830242000000075e-03
2.500000000000000000e+03,6.000000000000000000e+02,8.000000000000000444e-01,1.000000000000000056e-01,2.243107584999999918e-02,1.143843660000000038e-03
2.700000000000000000e+03,6.000000000000000000e+02,8.000000000000000444e-01,1.000000000000000056e-01,2.415606823999999833e-02,1.233620268999999952e-03
2.900000000000000000e+03,6.000000000000000000e+02,8.000000000000000444e-01,1.000000000000000056e-01,2.587122043000000121e-02,1.323164876999999903e-03
3.100000000000000000e+03,6.000000000000000000e+02,8.000000000000000444e-01,1.000000000000000056e-01,2.757662199999999855e-02,1.412482207000000101e-03
3.300000000000000000e+03,6.000000000000000000e+02,8.000000000000000444e-01,1.000000000000000056e-01,2.927236139000000126e-02,1.501576899999999999e-03
3.500000000000000000e+03,6.000000000000000000e+02,8.000000000000000444e-01,1.000000000000000056e-01,3.095852592000000042e-02,1.590453516000000025e-03
3.700000000000000000e+03,6.000000000000000000e+02,8.000000000000000444e-01,1.000000000000000056e-01,3.263520182000000103e-02,1.679116536000000055e-03
3.900000000000000000e+03,6.000000000000000000e+02,8.000000000000000444e-01,1.000000000000000056e-01,3.430247423999999851e-02,1.767570360000000071e-03
4.100000000000000000e+03,6.000000000000000000e+02,8.000000000000000444e-01,1.000000000000000056e-01,3.596042724000000218e-02,1.855819311999999926e-03
4.300000000000000000e+03,6.000000000000000000e+02,8.000000000000000444e-01,1.000000000000000056e-01,3.760914383999999777e-02,1.943867636000000008e-03
4.500000000000000000e+03,6.000000000000000000e+02,8.000000000000000444e-01,1.000000000000000056e-01,3.924870602000000291e-02,2.031719501000000139e-03
4.700000000000000000e+03,6.000000000000000000e+02,8.000000000000000444e-01,1.000000000000000056e-01,4.087919473999999942e-02,2.119379001999999786e-03
4.900000000000000000e+03,6.000000000000000000e+02,8.000000000000000444e-01,1.000000000000000056e-01,4.250068994000000266e-02,2.206850158000000020e-03
5.100000000000000000e+03,6.000000000000000000e+02,8.000000000000000444e-01,1.000000000000000056e-01,4.411327058000000245e-02,2.294136913999999822e-03
5.300000000000000000e+03,6.000000000000000000e+02,8.000000000000000444e-01,1.000000000000000056e-01,4.571701462000000299e-02,2.381243145000000189e-03
5.500000000000000000e+03,6.000000000000000000e+02,8.000000000000000444e-01,1.000000000000000056e-01,4.731199906999999927e-02,2.468172650999999815e-03
5.700000000000000000e+03,6.000000000000000000e+02,8.000000000000000444e-01,1.000000000000000056e-01,4.889829997999999706e-02,2.554929162999999837e-03
5.900000000000000000e+03,6.000000000000000000e+02,8.000000000000000444e-01,1.000000000000000056e-01,5.047599246000000067e-02,2.641516343999999929e-03
6.100000000000000000e+03,6.000000000000000000e+02,8.000000000000000444e-01,1.000000000000000056e-01,5.204515070000000077e-02,2.727937785000000056e-03
6.300000000000000000e+03,6.000000000000000000e+02,8.000000000000000444e-01,1.000000000000000056e-01,5.360584797000000207e-02,2.814197012000000005e-03
6.500000000000000000e+03,6.000000000000000000e+02,8.000000000000000444e-01,1.000000000000000056e-01,5.515815664999999812e-02,2.900297480999999844e-03
6.700000000000000000e+03,6.000000000000000000e+02,8.000000000000000444e-01,1.000000000000000056e-01,5.670214822999999904e-02,2.986242585999999890e-03
6.900000000000000000e+03,6.000000000000000000e+02,8.000000000000000444e-01,1.000000000000000056e-01,5.823789331999999763e-02,3.072035650999999871e-03
7.100000000000000000e+03,6.000000000000000000e+02,8.000000000000000444e-01,1.000000000000000056e-01,5.976546169000000047e-02,3.157679941000000184e-03
7.300000000000000000e+03,6.000000000000000000e+02,8.000000000000000444e-01,1.000000000000000056e-01,6.128492222999999683e-02,3.243178653000000199e-03
7.500000000000000000e+03,6.000000000000000000e+02,8.000000000000000444e-01,1.000000000000000056e-01,6.279634302999999307e-02,3.328534924999999953e-03
7.700000000000000000e+03,6.000000000000000000e+02,8.000000000000000444e-01,1.000000000000000056e-01,6.429979131999999376e-02,3.413751832000000170e-03
7.900000000000000000e+03,6.000000000000000000e+02,8.000000000000000444e-01,1.000000000000000056e-01,6.579533356000000222e-02,3.498832389000000077e-03
8.100000000000000000e+03,6.000000000000000000e+02,8.000000000000000444e-01,1.000000000000000056e-01,6.728303537999999473e-02,3.583779551000000011e-03
8.300000000000000000e+03,6.000000000000000000e+02,8.000000000000000444e-01,1.000000000000000056e-01,6.876296161999999323e-02,3.668596214000000109e-03
8.500000000000000000e+03,6.000000000000000000e+02,8.000000000000000444e-01,1.000000000000000056e-01,7.023517636999999925e-02,3.753285214999999876e-03
8.700000000000000000e+03,6.000000000000000000e+02,8.000000000000000444e-01,1.000000000000000056e-01,7.169974294000000525e-02,3.837849336999999902e-03
8.900000000000000000e+03,6.000000000000000000e+02,8.000000000000000444e-01,1.000000000000000056e-01,7.315672387999999637e-02,3.922291304999999707e-03
9.100000000000000000e+03,6.000000000000000000e+02,8.000000000000000444e-01,1.000000000000000056e-01,7.460618100999999447e-02,4.006613786999999906e-03
9.300000000000000000e+03,6.000000000000000000e+02,8.000000000000000444e-01,1.000000000000000056e-01,7.604817541000000181e-02,4.090819398999999586e-03
9.500000000000000000e+03,6.000000000000000000e+02,8.000000000000000444e-01,1.000000000000000056e-01,7.748276744000000271e-02,4.174910702999999786e-03
9.700000000000000000e+03,6.000000000000000000e+02,8.000000000000000444e-01,1.000000000000000056e-01,7.891001675000000604e-02,4.258890207000000025e-03
9.900000000000000000e+03,6.000000000000000000e+02,8.000000000000000444e-01,1.000000000000000056e-01,8.032998229000000434e-02,4.342760367999999593e-03
1.000000000000000000e+03,6.000000000000000000e+02,8.000000000000000444e-01,1.000000000000000056e-01,9.170625431999999966e-03,4.626249458000000260e-04
3.000000000000000000e+03,6.000000000000000000e+02,8.000000000000000444e-01,1.000000000000000056e-01,2.672513448999999999e-02,1.367851659999999971e-03
5.000000000000000000e+03,6.000000000000000000e+02,8.000000000000000444e-01,1.000000000000000056e-01,4.330808968000000175e-02,2.250516342000000083e-03
7.000000000000000000e+03,6.000000000000000000e+02,8.000000000000000444e-01,1.000000000000000056e-01,5.900269527000000236e-02,3.114876192000000030e-03
9.000000000000000000e+03,6.000000000000000000e+02,8.000000000000000444e-01,1.000000000000000056e-01,7.388238909000000021e-02,3.964467317000000199e-03
1.100000000000000000e+04,6.000000000000000000e+02,8.000000000000000444e-01,1.000000000000000056e-01,8.801216532000000203e-02,4.802196738999999978e-03
1.300000000000000000e+04,6.000000000000000000e+02,8.000000000000000444e-01,1.000000000000000056e-01,1.014497314000000067e-01,5.630429709999999928e-03
1.500000000000000000e+04,6.000000000000000000e+02,8.000000000000000444e-01,1.000000000000000056e-01,1.142465131000000023e-01,6.451070708999999924e-03
1.700000000000000000e+04,6.000000000000000000e+02,8.000000000000000444e-01,1.000000000000000056e-01,1.264485206000000028e-01,7.265637006000000113e-03
1.900000000000000000e+04,6.000000000000000000e+02,8.000000000000000444e-01,1.000000000000000056e-01,1.380970904999999915e-01,8.075324162000000264e-03
2.100000000000000000e+04,6.000000000000000000e+02,8.000000000000000444e-01,1.000000000000000056e-01,1.492295158999999982e-01,8.881063356000000117e-03
2.300000000000000000e+04,6.000000000000000000e+02,8.000000000000000444e-01,1.000000000000000056e-01,1.598795802000000099e-01,9.683570743999999481e-03
2.500000000000000000e+04,6.000000000000000000e+02,8.000000000000000444e-01,1.000000000000000056e-01,1.700780075999999974e-01,1.048338937000000033e-02
2.700000000000000000e+04,6.000000000000000000e+02,8.000000000000000444e-01,1.000000000000000056e-01,1.798528423999999903e-01,1.128092426000000016e-02
2.900000000000000000e+04,6.000000000000000000e+02,8.000000000000000444e-01,1.000000000000000056e-01,1.892297691000000004e-01,1.207647153999999966e-02
3.100000000000000000e+04,6.000000000000000000e+02,8.000000000000000444e-01,1.000000000000000056e-01,1.982323823999999901e-01,1.287024221000000052e-02
3.300000000000000000e+04,6.000000000000000000e+02,8.000000000000000444e-01,1.000000000000000056e-01,2.068824170999999934e-01,1.366238149000000013e-02
3.500000000000000000e+04,6.000000000000000000e+02,8.000000000000000444e-01,1.000000000000000056e-01,2.151999435999999988e-01,1.445298432999999987e-02
3.700000000000000000e+04,6.000000000000000000e+02,8.000000000000000444e-01,1.000000000000000056e-01,2.232035354999999943e-01,1.524210779999999980e-02
3.900000000000000000e+04,6.000000000000000000e+02,8.000000000000000444e-01,1.000000000000000056e-01,2.309104150000000077e-01,1.602978078999999986e-02
4.100000000000000000e+04,6.000000000000000000e+02,8.000000000000000444e-01,1.000000000000000056e-01,2.383365785999999875e-01,1.681601170000000117e-02
4.300000000000000000e+04,6.000000000000000000e+02,8.000000000000000444e-01,1.000000000000000056e-01,2.454969076999999888e-01,1.760079436000000150e-02
4.500000000000000000e+04,6.000000000000000000e+02,8.000000000000000444e-01,1.000000000000000056e-01,2.524052659000000087e-01,1.838411255999999883e-02
4.700000000000000000e+04,6.000000000000000000e+02,8.000000000000000444e-01,1.000000000000000056e-01,2.590745850999999766e-01,1.916594354000000083e-02
4.900000000000000000e+04,6.000000000000000000e+02,8.000000000000000444e-01,1.000000000000000056e-01,2.655169426000000277e-01,1.994626060000000145e-02
5.100000000000000000e+04,6.000000000000000000e+02,8.000000000000000444e-01,1.000000000000000056e-01,2.717436300000000138e-01,2.072503498999999846e-02
5.300000000000000000e+04,6.000000000000000000e+02,8.000000000000000444e-01,1.000000000000000056e-01,2.777652153999999873e-01,2.150223738000000065e-02
5.500000000000000000e+04,6.000000000000000000e+02,8.000000000000000444e-01,1.000000000000000056e-01,2.835915995000000134e-01,2.227783884999999867e-02
5.700000000000000000e+04,6.000000000000000000e+02,8.000000000000000444e-01,1.000000000000000056e-01,2.892320663999999875e-01,2.305181158000000133e-02
5.900000000000000000e+04,6.000000000000000000e+02,8.000000000000000444e-01,1.000000000000000056e-01,2.946953297000000083e-01,2.382412928999999915e-02
6.100000000000000000e+04,6.000000000000000000e+02,8.000000000000000444e-01,1.000000000000000056e-01,2.999895752000000249e-01,2.459476760999999845e-02
6.300000000000000000e+04,6.000000000000000000e+02,8.000000000000000444e-01,1.000000000000000056e-01,3.051224989999999915e-01,2.536370417000000099e-02
6.500000000000000000e+04,6.000000000000000000e+02,8.000000000000000444e-01,1.000000000000000056e-01,3.101013427000000044e-01,2.613091868000000026e-02
6.700000000000000000e+04,6.000000000000000000e+02,8.000000000000000444e-01,1.000000000000000056e-01,3.149329261000000102e-01,2.689639292999999876e-02
6.900000000000000000e+04,6.000000000000000000e+02,8.000000000000000444e-01,1.000000000000000056e-01,3.196236766000000173e-01,2.766011078000000026e-02
7.100000000000000000e+04,6.000000000000000000e+02,8.000000000000000444e-01,1.000000000000000056e-01,3.241796564000000158e-01,2.842205797999999839e-02
7.300000000000000000e+04,6.000000000000000000e+02,8.000000000000000444e-01,1.000000000000000056e-01,3.286065877000000079e-01,2.918222218000000173e-02
7.500000000000000000e+04,6.000000000000000000e+02,8.000000000000000444e-01,1.000000000000000056e-01,3.329098756000000159e-01,2.994059272999999993e-02
7.700000000000000000e+04,6.000000000000000000e+02,8.000000000000000444e-01,1.000000000000000056e-01,3.370946298999999979e-01,3.069716059000000136e-02
7.900000000000000000e+04,6.000000000000000000e+02,8.000000000000000444e-01,1.000000000000000056e-01,3.411656839000000163e-01,3.145191819999999805e-02
8.100000000000000000e+04,6.000000000000000000e+02,8.000000000000000444e-01,1.000000000000000056e-01,3.451276133000000246e-01,3.220485937999999909e-02
8.300000000000000000e+04,6.000000000000000000e+02,8.000000000000000444e-01,1.000000000000000056e-01,3.489847524999999950e-01,3.295597918999999820e-02
8.500000000000000000e+04,6.000000000000000000e+02,8.000000000000000444e-01,1.000000000000000056e-01,3.527412101999999883e-01,3.370527380999999850e-02
8.700000000000000000e+04,6.000000000000000000e+02,8.000000000000000444e-01,1.000000000000000056e-01,3.564008839000000206e-01,3.445274048000000061e-02
8.900000000000000000e+04,6.000000000000000000e+02,8.000000000000000444e-01,1.000000000000000056e-01,3.599674728000000212e-01,3.519837735999999800e-02
9.100000000000000000e+04,6.000000000000000000e+02,8.000000000000000444e-01,1.000000000000000056e-01,3.634444907000000113e-01,3.594218344999999815e-02
9.300000000000000000e+04,6.000000000000000000e+02,8.000000000000000444e-01,1.000000000000000056e-01,3.668352765999999821e-01,3.668415853999999754e-02
9.500000000000000000e+04,6.000000000000000000e+02,8.000000000000000444e-01,1.000000000000000056e-01,3.701430063000000215e-01,3.742430306999999789e-02
9.700000000000000000e+04,6.000000000000000000e+02,8.000000000000000444e-01,1.000000000000000056e-01,3.733707014000000046e-01,3.816261812999999919e-02
9.900000000000000000e+04,6.000000000000000000e+02,8.000000000000000444e-01,1.000000000000000056e-01,3.765212387999999910e-01,3.889910535999999835e-02
1.000000000000000000e+04,6.000000000000000000e+02,8.000000000000000444e-01,1.000000000000000056e-01,8.103725188999999496e-02,4.384655198000000399e-03
3.000000000000000000e+04,6.000000000000000000e+02,8.000000000000000444e-01,1.000000000000000056e-01,1.937764653000000059e-01,1.247356852999999960e-02
5.000000000000000000e+04,6.000000000000000000e+02,8.000000000000000444e-01,1.000000000000000056e-01,2.686565683000000093e-01,2.033584245999999970e-02
7.000000000000000000e+04,6.000000000000000000e+02,8.000000000000000444e-01,1.000000000000000056e-01,3.219181474999999737e-01,2.804130651999999987e-02
9.000000000000000000e+04,6.000000000000000000e+02,8.000000000000000444e-01,1.000000000000000056e-01,3.617169654999999873e-01,3.557050928000000251e-02
1.100000000000000000e+05,6.000000000000000000e+02,8.000000000000000444e-01,1.000000000000000056e-01,3.925862835000000217e-01,4.291722860999999667e-02
1.300000000000000000e+05,6.000000000000000000e+02,8.000000000000000444e-01,1.000000000000000056e-01,4.172328318999999897e-01,5.008343711999999753e-02
1.500000000000000000e+05,6.000000000000000000e+02,8.000000000000000444e-01,1.000000000000000056e-01,4.373695692999999829e-01,5.707400750999999661e-02
1.700000000000000000e+05,6.000000000000000000e+02,8.000000000000000444e-01,1.000000000000000056e-01,4.541331066000000027e-01,6.389465965000000469e-02
1.900000000000000000e+05,6.000000000000000000e+02,8.000000000000000444e-01,1.000000000000000056e-01,4.683073856000000146e-01,7.055124305000000373e-02
2.100000000000000000e+05,6.000000000000000000e+02,8.000000000000000444e-01,1.000000000000000056e-01,4.804507035000000204e-01,7.704948820000000198e-02
2.300000000000000000e+05,6.000000000000000000e+02,8.000000000000000444e-01,1.000000000000000056e-01,4.909715011999999934e-01,8.339492226000000397e-02
2.500000000000000000e+05,6.000000000000000000e+02,8.000000000000000444e-01,1.000000000000000056e-01,5.001755089999999626e-01,8.959284448000000289e-02
2.700000000000000000e+05,6.000000000000000000e+02,8.000000000000000444e-01,1.000000000000000056e-01,5.082961378000000474e-01,9.564832396000000347e-02
2.900000000000000000e+05,6.000000000000000000e+02,8.000000000000000444e-01,1.000000000000000056e-01,5.155146769999999767e-01,1.015662058999999978e-01
3.100000000000000000e+05,6.000000000000000000e+02,8.000000000000000444e-01,1.000000000000000056e-01,5.219740782999999773e-01,1.073511213000000047e-01
3.300000000000000000e+05,6.000000000000000000e+02,8.000000000000000444e-01,1.000000000000000056e-01,5.277885840999999578e-01,1.130074967999999958e-01
3.500000000000000000e+05,6.000000000000000000e+02,8.000000000000000444e-01,1.000000000000000056e-01,5.330505918000000287e-01,1.185395659000000046e-01
3.700000000000000000e+05,6.000000000000000000e+02,8.000000000000000444e-01,1.000000000000000056e-01,5.378356382000000213e-01,1.239513784000000063e-01
3.900000000000000000e+05,6.000000000000000000e+02,8.000000000000000444e-01,1.000000000000000056e-01,5.422060788000000464e-01,1.292468105000000034e-01
4.100000000000000000e+05,6.000000000000000000e+02,8.000000000000000444e-01,1.000000000000000056e-01,5.462138430999999850e-01,1.344295736999999991e-01
4.300000000000000000e+05,6.000000000000000000e+02,8.000000000000000444e-01,1.000000000000000056e-01,5.499025270999999826e-01,1.395032233999999871e-01
4.500000000000000000e+05,6.000000000000000000e+02,8.000000000000000444e-01,1.000000000000000056e-01,5.533090008000000060e-01,1.444711670999999920e-01
4.700000000000000000e+05,6.000000000000000000e+02,8.000000000000000444e-01,1.000000000000000056e-01,5.564646574999999595e-01,1.493366718999999954e-01
4.900000000000000000e+05,6.000000000000000000e+02,8.000000000000000444e-01,1.000000000000000056e-01,5.593963948000000297e-01,1.541028717000000048e-01
5.100000000000000000e+05,6.000000000000000000e+02,8.000000000000000444e-01,1.000000000000000056e-01,5.621273915000000176e-01,1.587727738999999971e-01
5.300000000000000000e+05,6.000000000000000000e+02,8.000000000000000444e-01,1.000000000000000056e-01,5.646777294999999475e-01,1.633492655999999876e-01
5.500000000000000000e+05,6.000000000000000000e+02,8.000000000000000444e-01,1.000000000000000056e-01,5.670648939000000333e-01,1.678351197999999878e-01
5.700000000000000000e+05,6.000000000000000000e+02,8.000000000000000444e-01,1.000000000000000056e-01,5.693041804999999789e-01,1.722330006999999996e-01
5.900000000000000000e+05,6.000000000000000000e+02,8.000000000000000444e-01,1.000000000000000056e-01,5.714090276000000079e-01,1.765454693000000075e-01
6.100000000000000000e+05,6.000000000000000000e+02,8.000000000000000444e-01,1.000000000000000056e-01,5.733912902000000145e-01,1.807749879999999976e-01
6.300000000000000000e+05,6.000000000000000000e+02,8.000000000000000444e-01,1.000000000000000056e-01,5.752614663999999767e-01,1.849239253999999943e-01
6.500000000000000000e+05,6.000000000000000000e+02,8.000000000000000444e-01,1.000000000000000056e-01,5.770288863000000434e-01,1.889945611999999941e-01
6.700000000000000000e+05,6.000000000000000000e+02,8.000000000000000444e-01,1.000000000000000056e-01,5.787018702999999764e-01,1.929890892999999996e-01
6.900000000000000000e+05,6.000000000000000000e+02,8.000000000000000444e-01,1.000000000000000056e-01,5.802878620000000431e-01,1.969096230000000058e-01
7.100000000000000000e+05,6.000000000000000000e+02,8.000000000000000444e-01,1.000000000000000056e-01,5.817935408000000086e-01,2.007581978000000100e-01
7.300000000000000000e+05,6.000000000000000000e+02,8.000000000000000444e-01,1.000000000000000056e-01,5.832249177999999645e-01,2.045367751999999928e-01
7.500000000000000000e+05,6.000000000000000000e+02,8.000000000000000444e-01,1.000000000000000056e-01,5.845874171999999591e-01,2.082472461000000052e-01
7.700000000000000000e+05,6.000000000000000000e+02,8.000000000000000444e-01,1.000000000000000056e-01,5.858859464000000239e-01,2.118914340999999979e-01
7.900000000000000000e+05,6.000000000000000000e+02,8.000000000000000444e-01,1.000000000000000056e-01,5.871249561000000394e-01,2.154710979999999998e-01
8.100000000000000000e+05,6.000000000000000000e+02,8.000000000000000444e-01,1.000000000000000056e-01,5.883084922000000327e-01,2.189879351000000030e-01
8.300000000000000000e+05,6.000000000000000000e+02,8.000000000000000444e-01,1.000000000000000056e-01,5.894402410000000314e-01,2.224435835999999944e-01
8.500000000000000000e+05,6.000000000000000000e+02,8.000000000000000444e-01,1.000000000000000056e-01,5.905235684999999846e-01,2.258396255000000019e-01
8.700000000000000000e+05,6.000000000000000000e+02,8.000000000000000444e-01,1.000000000000000056e-01,5.915615538999999812e-01,2.291775883999999930e-01
8.900000000000000000e+05,6.000000000000000000e+02,8.000000000000000444e-01,1.000000000000000056e-01,5.925570199999999899e-01,2.324589482999999956e-01
9.100000000000000000e+05,6.000000000000000000e+02,8.000000000000000444e-01,1.000000000000000056e-01,5.935125594000000282e-01,2.356851315999999863e-01
9.300000000000000000e+05,6.000000000000000000e+02,8.000000000000000444e-01,1.000000000000000056e-01,5.944305573000000509e-01,2.388575172999999885e-01
9.500000000000000000e+05,6.000000000000000000e+02,8.000000000000000444e-01,1.000000000000000056e-01,5.953132117999999640e-01,2.419774386999999916e-01
9.700000000000000000e+05,6.000000000000000000e+02,8.000000000000000444e-01,1.000000000000000056e-01,5.961625524000000453e-01,2.450461854000000050e-01
9.900000000000000000e+05,6.000000000000000000e+02,8.000000000000000444e-01,1.000000000000000056e-01,5.969804552999999903e-01,2.480650051999999939e-01
1.000000000000000000e+05,6.000000000000000000e+02,8.000000000000000444e-01,1.000000000000000056e-01,3.780684349999999805e-01,3.926666418000000075e-02
3.000000000000000000e+05,6.000000000000000000e+02,8.000000000000000444e-01,1.000000000000000056e-01,5.188315481999999923e-01,1.044750031000000051e-01
5.000000000000000000e+05,6.000000000000000000e+02,8.000000000000000444e-01,1.000000000000000056e-01,5.607856643999999946e-01,1.564496767999999927e-01
7.000000000000000000e+05,6.000000000000000000e+02,8.000000000000000444e-01,1.000000000000000056e-01,5.810503500999999460e-01,1.988427809999999962e-01
9.000000000000000000e+05,6.000000000000000000e+02,8.000000000000000444e-01,1.000000000000000056e-01,5.930396269000000053e-01,2.340788497999999884e-01
1.100000000000000000e+06,6.000000000000000000e+02,8.000000000000000444e-01,1.000000000000000056e-01,6.009886487000000166e-01,2.638281412999999853e-01
1.300000000000000000e+06,6.000000000000000000e+02,8.000000000000000444e-01,1.000000000000000056e-01,6.066598716000000113e-01,2.892787699000000101e-01
1.500000000000000000e+06,6.000000000000000000e+02,8.000000000000000444e-01,1.000000000000000056e-01,6.109187199000000179e-01,3.112989589999999862e-01
1.700000000000000000e+06,6.000000000000000000e+02,8.000000000000000444e-01,1.000000000000000056e-01,6.142403233000000018e-01,3.305379050000000207e-01
1.900000000000000000e+06,6.000000000000000000e+02,8.000000000000000444e-01,1.000000000000000056e-01,6.169074903000000276e-01,3.474907433000000156e-01
2.100000000000000000e+06,6.000000000000000000e+02,8.000000000000000444e-01,1.000000000000000056e-01,6.190992123999999874e-01,3.625416859000000214e-01
2.300000000000000000e+06,6.000000000000000000e+02,8.000000000000000444e-01,1.000000000000000056e-01,6.209343791000000445e-01,3.759934337999999987e-01
2.500000000000000000e+06,6.000000000000000000e+02,8.000000000000000444e-01,1.000000000000000056e-01,6.224950999999999679e-01,3.880877023000000037e-01
2.700000000000000000e+06,6.000000000000000000e+02,8.000000000000000444e-01,1.000000000000000056e-01,6.238399385999999769e-01,3.990198419000000052e-01
2.900000000000000000e+06,6.000000000000000000e+02,8.000000000000000444e-01,1.000000000000000056e-01,6.250118082000000186e-01,4.089494454000000001e-01
3.100000000000000000e+06,6.000000000000000000e+02,8.000000000000000444e-01,1.000000000000000056e-01,6.260428863000000455e-01,4.180081708000000229e-01
3.300000000000000000e+06,6.000000000000000000e+02,8.000000000000000444e-01,1.000000000000000056e-01,6.269577836999999931e-01,4.263055962000000254e-01
3.500000000000000000e+06,6.000000000000000000e+02,8.000000000000000444e-01,1.000000000000000056e-01,6.277756518999999535e-01,4.339336617999999812e-01
3.700000000000000000e+06,6.000000000000000000e+02,8.000000000000000444e-01,1.000000000000000056e-01,6.285116223000000168e-01,4.409700810000000137e-01
3.900000000000000000e+06,6.000000000000000000e+02,8.000000000000000444e-01,1.000000000000000056e-01,6.291778115999999699e-01,4.474809896999999981e-01
4.100000000000000000e+06,6.000000000000000000e+02,8.000000000000000444e-01,1.000000000000000056e-01,6.297840397999999729e-01,4.535230238999999886e-01
4.300000000000000000e+06,6.000000000000000000e+02,8.000000000000000444e-01,1.000000000000000056e-01,6.303383517999999741e-01,4.591449669000000067e-01
4.500000000000000000e+06,6.000000000000000000e+02,8.000000000000000444e-01,1.000000000000000056e-01,6.308474023000000264e-01,4.643890636999999932e-01
4.700000000000000000e+06,6.000000000000000000e+02,8.000000000000000444e-01,1.000000000000000056e-01,6.313167454000000456e-01,4.692920812999999969e-01
4.900000000000000000e+06,6.000000000000000000e+02,8.000000000000000444e-01,1.000000000000000056e-01,6.317510532000000234e-01,4.738861683999999741e-01
5.100000000000000000e+06,6.000000000000000000e+02,8.000000000000000444e-01,1.000000000000000056e-01,6.321542857999999931e-01,4.781995582999999939e-01
5.300000000000000000e+06,6.000000000000000000e+02,8.000000000000000444e-01,1.000000000000000056e-01,6.325298218999999555e-01,4.822571473000000219e-01
5.500000000000000000e+06,6.000000000000000000e+02,8.000000000000000444e-01,1.000000000000000056e-01,6.328805623000000047e-01,4.860809735000000131e-01
5.700000000000000000e+06,6.000000000000000000e+02,8.000000000000000444e-01,1.000000000000000056e-01,6.332090121000000238e-01,4.896906154999999816e-01
5.900000000000000000e+06,6.000000000000000000e+02,8.000000000000000444e-01,1.000000000000000056e-01,6.335173463000000060e-01,4.931035259000000059e-01
6.100000000000000000e+06,6.000000000000000000e+02,8.000000000000000444e-01,1.000000000000000056e-01,6.338074621000000519e-01,4.963353125000000143e-01
6.300000000000000000e+06,6.000000000000000000e+02,8.000000000000000444e-01,1.000000000000000056e-01,6.340810230000000214e-01,4.993999755999999901e-01
6.500000000000000000e+06,6.000000000000000000e+02,8.000000000000000444e-01,1.000000000000000056e-01,6.343394932000000486e-01,5.023101094999999905e-01
6.700000000000000000e+06,6.000000000000000000e+02,8.000000000000000444e-01,1.000000000000000056e-01,6.345841668999999685e-01,5.050770750999999947e-01
6.900000000000000000e+06,6.000000000000000000e+02,8.000000000000000444e-01,1.000000000000000056e-01,6.348161924999999872e-01,5.077111466999999490e-01
7.100000000000000000e+06,6.000000000000000000e+02,8.000000000000000444e-01,1.000000000000000056e-01,6.350365929000000298e-01,5.102216392999999739e-01
7.300000000000000000e+06,6.000000000000000000e+02,8.000000000000000444e-01,1.000000000000000056e-01,6.352462814999999541e-01,5.126170178000000188e-01
7.500000000000000000e+06,6.000000000000000000e+02,8.000000000000000444e-01,1.000000000000000056e-01,6.354460776999999450e-01,5.149049918000000448e-01
7.700000000000000000e+06,6.000000000000000000e+02,8.000000000000000444e-01,1.000000000000000056e-01,6.356367175999999564e-01,5.170925978999999506e-01
7.900000000000000000e+06,6.000000000000000000e+02,8.000000000000000444e-01,1.000000000000000056e-01,6.358188651999999719e-01,5.191862715999999711e-01
8.100000000000000000e+06,6.000000000000000000e+02,8.000000000000000444e-01,1.000000000000000056e-01,6.359931208000000336e-01,5.211919103000000053e-01
8.300000000000000000e+06,6.000000000000000000e+02,8.000000000000000444e-01,1.000000000000000056e-01,6.361600283999999661e-01,5.231149281000000428e-01
8.500000000000000000e+06,6.000000000000000000e+02,8.000000000000000444e-01,1.000000000000000056e-01,6.363200823000000339e-01,5.249603045999999829e-01
8.700000000000000000e+06,6.000000000000000000e+02,8.000000000000000444e-01,1.000000000000000056e-01,6.364737327999999694e-01,5.267326271000000171e-01
8.900000000000000000e+06,6.000000000000000000e+02,8.000000000000000444e-01,1.000000000000000056e-01,6.366213907000000116e-01,5.284361292000000487e-01
9.100000000000000000e+06,6.000000000000000000e+02,8.000000000000000444e-01,1.000000000000000056e-01,6.367634319999999626e-01,5.300747236999999723e-01
9.300000000000000000e+06,6.000000000000000000e+02,8.000000000000000444e-01,1.000000000000000056e-01,6.369002011000000074e-01,5.316520325000000380e-01
9.500000000000000000e+06,6.000000000000000000e+02,8.000000000000000444e-01,1.000000000000000056e-01,6.370320143000000046e-01,5.331714132000000550e-01
9.700000000000000000e+06,6.000000000000000000e+02,8.000000000000000444e-01,1.000000000000000056e-01,6.371591627999999563e-01,5.346359829000000286e-01
9.900000000000000000e+06,6.000000000000000000e+02,8.000000000000000444e-01,1.000000000000000056e-01,6.372819146999999518e-01,5.360486392000000100e-01
1.000000000000000000e+06,6.000000000000000000e+02,8.000000000000000444e-01,1.000000000000000056e-01,5.973781656000000106e-01,2.495560712999999875e-01
3.000000000000000000e+06,6.000000000000000000e+02,8.000000000000000444e-01,1.000000000000000056e-01,6.255432593999999957e-01,4.135803597000000109e-01
5.000000000000000000e+06,6.000000000000000000e+02,8.000000000000000444e-01,1.000000000000000056e-01,6.319563304999999964e-01,4.760763223000000210e-01
7.000000000000000000e+06,6.000000000000000000e+02,8.000000000000000444e-01,1.000000000000000056e-01,6.349277864000000271e-01,5.089812926000000237e-01
9.000000000000000000e+06,6.000000000000000000e+02,8.000000000000000444e-01,1.000000000000000056e-01,6.366930911999999498e-01,5.292633071000000244e-01
1.100000000000000000e+07,6.000000000000000000e+02,8.000000000000000444e-01,1.000000000000000056e-01,6.378886497000000322e-01,5.430021144000000133e-01
1.300000000000000000e+07,6.000000000000000000e+02,8.000000000000000444e-01,1.000000000000000056e-01,6.387669503999999776e-01,5.529147295999999878e-01
1.500000000000000000e+07,6.000000000000000000e+02,8.000000000000000444e-01,1.000000000000000056e-01,6.394489044000000177e-01,5.603976145000000297e-01
1.700000000000000000e+07,6.000000000000000000e+02,8.000000000000000444e-01,1.000000000000000056e-01,6.400000130999999870e-01,5.662418851999999614e-01
1.900000000000000000e+07,6.000000000000000000e+02,8.000000000000000444e-01,1.000000000000000056e-01,6.404590141999999542e-01,5.709291652000000328e-01
2.100000000000000000e+07,6.000000000000000000e+02,8.000000000000000444e-01,1.000000000000000056e-01,6.408503767000000018e-01,5.747693978000000259e-01
2.300000000000000000e+07,6.000000000000000000e+02,8.000000000000000444e-01,1.000000000000000056e-01,6.411903710999999895e-01,5.779710523000000100e-01
2.500000000000000000e+07,6.000000000000000000e+02,8.000000000000000444e-01,1.000000000000000056e-01,6.414902714000000339e-01,5.806794892000000097e-01
2.700000000000000000e+07,6.000000000000000000e+02,8.000000000000000444e-01,1.000000000000000056e-01,6.417581584999999533e-01,5.829991474000000284e-01
2.900000000000000000e+07,6.000000000000000000e+02,8.000000000000000444e-01,1.000000000000000056e-01,6.419999908000000310e-01,5.850069880999999583e-01
3.100000000000000000e+07,6.000000000000000000e+02,8.000000000000000444e-01,1.000000000000000056e-01,6.422202681999999996e-01,5.867609664999999808e-01
3.300000000000000000e+07,6.000000000000000000e+02,8.000000000000000444e-01,1.000000000000000056e-01,6.424224602000000450e-01,5.883055534000000142e-01
3.500000000000000000e+07,6.000000000000000000e+02,8.000000000000000444e-01,1.000000000000000056e-01,6.426092901000000079e-01,5.896754371000000328e-01
3.700000000000000000e+07,6.000000000000000000e+02,8.000000000000000444e-01,1.000000000000000056e-01,6.427829293000000277e-01,5.908980705999999916e-01
3.900000000000000000e+07,6.000000000000000000e+02,8.000000000000000444e-01,1.000000000000000056e-01,6.429451335000000434e-01,5.919954622999999971e-01
4.100000000000000000e+07,6.000000000000000000e+02,8.000000000000000444e-01,1.000000000000000056e-01,6.430973397000000480e-01,5.929854600999999725e-01
4.300000000000000000e+07,6.000000000000000000e+02,8.000000000000000444e-01,1.000000000000000056e-01,6.432407373999999844e-01,5.938826892999999885e-01
4.500000000000000000e+07,6.000000000000000000e+02,8.000000000000000444e-01,1.000000000000000056e-01,6.433763208999999650e-01,5.946992468999999781e-01
4.700000000000000000e+07,6.000000000000000000e+02,8.000000000000000444e-01,1.000000000000000056e-01,6.435049288999999950e-01,5.954452248999999586e-01
4.900000000000000000e+07,6.000000000000000000e+02,8.000000000000000444e-01,1.000000000000000056e-01,6.436272748000000377e-01,5.961291079999999631e-01
5.100000000000000000e+07,6.000000000000000000e+02,8.000000000000000444e-01,1.000000000000000056e-01,6.437439699000000459e-01,5.967580812999999651e-01
5.300000000000000000e+07,6.000000000000000000e+02,8.000000000000000444e-01,1.000000000000000056e-01,6.438555416000000253e-01,5.973382690999999856e-01
5.500000000000000000e+07,6.000000000000000000e+02,8.000000000000000444e-01,1.000000000000000056e-01,6.439624476999999958e-01,5.978749233000000274e-01
5.700000000000000000e+07,6.000000000000000000e+02,8.000000000000000444e-01,1.000000000000000056e-01,6.440650881999999688e-01,5.983725733000000435e-01
5.900000000000000000e+07,6.000000000000000000e+02,8.000000000000000444e-01,1.000000000000000056e-01,6.441638143000000261e-01,5.988351454000000462e-01
6.100000000000000000e+07,6.000000000000000000e+02,8.000000000000000444e-01,1.000000000000000056e-01,6.442589359000000515e-01,5.992660603999999669e-01
6.300000000000000000e+07,6.000000000000000000e+02,8.000000000000000444e-01,1.000000000000000056e-01,6.443507276000000061e-01,5.996683113999999870e-01
6.500000000000000000e+07,6.000000000000000000e+02,8.000000000000000444e-01,1.000000000000000056e-01,6.444394341000000415e-01,6.000445289000000404e-01
6.700000000000000000e+07,6.000000000000000000e+02,8.000000000000000444e-01,1.000000000000000056e-01,6.445252742000000534e-01,6.003970342000000127e-01
6.900000000000000000e+07,6.000000000000000000e+02,8.000000000000000444e-01,1.000000000000000056e-01,6.446084441999999637e-01,6.007278825999999849e-01
7.100000000000000000e+07,6.000000000000000000e+02,8.000000000000000444e-01,1.000000000000000056e-01,6.446891208999999678e-01,6.010389010000000143e-01
7.300000000000000000e+07,6.000000000000000000e+02,8.000000000000000444e-01,1.000000000000000056e-01,6.447674639999999568e-01,6.013317186000000092e-01
7.500000000000000000e+07,6.000000000000000000e+02,8.000000000000000444e-01,1.000000000000000056e-01,6.448436185000000487e-01,6.016077923999999522e-01
7.700000000000000000e+07,6.000000000000000000e+02,8.000000000000000444e-01,1.000000000000000056e-01,6.449177160000000297e-01,6.018684299000000015e-01
7.900000000000000000e+07,6.000000000000000000e+02,8.000000000000000444e-01,1.000000000000000056e-01,6.449898765999999561e-01,6.021148071999999907e-01
8.100000000000000000e+07,6.000000000000000000e+02,8.000000000000000444e-01,1.000000000000000056e-01,6.450602102000000393e-01,6.023479852999999995e-01
8.300000000000000000e+07,6.000000000000000000e+02,8.000000000000000444e-01,1.000000000000000056e-01,6.451288174000000541e-01,6.025689239000000530e-01
8.500000000000000000e+07,6.000000000000000000e+02,8.000000000000000444e-01,1.000000000000000056e-01,6.451957906999999937e-01,6.027784926999999460e-01
8.700000000000000000e+07,6.000000000000000000e+02,8.000000000000000444e-01,1.000000000000000056e-01,6.452612152000000156e-01,6.029774824000000422e-01
8.900000000000000000e+07,6.000000000000000000e+02,8.000000000000000444e-01,1.000000000000000056e-01,6.453251694999999621e-01,6.031666126000000405e-01
9.100000000000000000e+07,6.000000000000000000e+02,8.000000000000000444e-01,1.000000000000000056e-01,6.453877262999999642e-01,6.033465400999999950e-01
9.300000000000000000e+07,6.000000000000000000e+02,8.000000000000000444e-01,1.000000000000000056e-01,6.454489529000000392e-01,6.035178656999999891e-01
9.500000000000000000e+07,6.000000000000000000e+02,8.000000000000000444e-01,1.000000000000000056e-01,6.455089118000000292e-01,6.036811394000000108e-01
9.700000000000000000e+07,6.000000000000000000e+02,8.000000000000000444e-01,1.000000000000000056e-01,6.455676610999999676e-01,6.038368661999999887e-01
9.900000000000000000e+07,6.000000000000000000e+02,8.000000000000000444e-01,1.000000000000000056e-01,6.456252550000000090e-01,6.039855105000000446e-01
1.000000000000000000e+07,6.000000000000000000e+02,8.000000000000000444e-01,1.000000000000000056e-01,6.373417201000000087e-01,5.367363498999999649e-01
3.000000000000000000e+07,6.000000000000000000e+02,8.000000000000000444e-01,1.000000000000000056e-01,6.421125867000000431e-01,5.859126649000000464e-01
5.000000000000000000e+07,6.000000000000000000e+02,8.000000000000000444e-01,1.000000000000000056e-01,6.436862939999999922e-01,5.964500531999999966e-01
7.000000000000000000e+07,6.000000000000000000e+02,8.000000000000000444e-01,1.000000000000000056e-01,6.446490837999999668e-01,6.008857643999999665e-01
9.000000000000000000e+07,6.000000000000000000e+02,8.000000000000000444e-01,1.000000000000000056e-01,6.453566183000000178e-01,6.032576879000000059e-01
1.000000000000000000e+08,6.000000000000000000e+02,8.000000000000000444e-01,1.000000000000000056e-01,6.456536346000000259e-01,6.040573114999999715e-01
