# pressure,temperature,f1,f2,molkg1,molkg2
1.000000000000000000e+00,6.000000000000000000e+02,5.000000000000000000e-01,4.000000000000000222e-01,5.817460714000000209e-06,1.748636433999999896e-06
3.000000000000000000e+00,6.000000000000000000e+02,5.000000000000000000e-01,4.000000000000000222e-01,1.745201407999999850e-05,5.245833675999999581e-06
5.000000000000000000e+00,6.000000000000000000e+02,5.000000000000000000e-01,4.000000000000000222e-01,2.908607672000000118e-05,8.742930089000000804e-06
7.000000000000000000e+00,6.000000000000000000e+02,5.000000000000000000e-01,4.000000000000000222e-01,4.071964868000000183e-05,1.223992567999999946e-05
9.000000000000000000e+00,6.000000000000000000e+02,5.000000000000000000e-01,4.000000000000000222e-01,5.235273001000000299e-05,1.573682047000000145e-05
1.100000000000000000e+01,6.000000000000000000e+02,5.000000000000000000e-01,4.000000000000000222e-01,6.398532073999999394e-05,1.923361446999999845e-05
1.300000000000000000e+01,6.000000000000000000e+02,5.000000000000000000e-01,4.000000000000000222e-01,7.561742091000000110e-05,2.273030767999999893e-05
1.500000000000000000e+01,6.000000000000000000e+02,5.000000000000000000e-01,4.000000000000000222e-01,8.724903056999999988e-05,2.622690010999999933e-05
1.700000000000000000e+01,6.000000000000000000e+02,5.000000000000000000e-01,4.000000000000000222e-01,9.888014976000000312e-05,2.972339177999999929e-05
1.900000000000000000e+01,6.000000000000000000e+02,5.000000000000000000e-01,4.000000000000000222e-01,1.105107785000000037e-04,3.321978270000000203e-05
2.100000000000000000e+01,6.000000000000000000e+02,5.000000000000000000e-01,4.000000000000000222e-01,1.221409169000000098e-04,3.671607286999999738e-05
2.300000000000000000e+01,6.000000000000000000e+02,5.000000000000000000e-01,4.000000000000000222e-01,1.337705649000000023e-04,4.021226231000000193e-05
2.500000000000000000e+01,6.000000000000000000e+02,5.000000000000000000e-01,4.000000000000000222e-01,1.453997226000000131e-04,4.370835104000000179e-05
2.700000000000000000e+01,6.000000000000000000e+02,5.000000000000000000e-01,4.000000000000000222e-01,1.570283899999999882e-04,4.720433905000000050e-05
2.900000000000000000e+01,6.000000000000000000e+02,5.000000000000000000e-01,4.000000000000000222e-01,1.686565671999999867e-04,5.070022635999999773e-05
3.100000000000000000e+01,6.000000000000000000e+02,5.000000000000000000e-01,4.000000000000000222e-01,1.802842542999999866e-04,5.419601297999999669e-05
3.300000000000000000e+01,6.000000000000000000e+02,5.000000000000000000e-01,4.000000000000000222e-01,1.919114511000000048e-04,5.769169892000000058e-05
3.500000000000000000e+01,6.000000000000000000e+02,5.000000000000000000e-01,4.000000000000000222e-01,2.035381579000000024e-04,6.118728419999999550e-05
3.700000000000000000e+01,6.000000000000000000e+02,5.000000000000000000e-01,4.000000000000000222e-01,2.151643746000000013e-04,6.468276882000000179e-05
3.900000000000000000e+01,6.000000000000000000e+02,5.000000000000000000e-01,4.000000000000000222e-01,2.267901013000000066e-04,6.817815278999999555e-05
4.100000000000000000e+01,6.000000000000000000e+02,5.000000000000000000e-01,4.000000000000000222e-01,2.384153379999999912e-04,7.167343611999999354e-05
4.300000000000000000e+01,6.000000000000000000e+02,5.000000000000000000e-01,4.000000000000000222e-01,2.500400848000000143e-04,7.516861883000000219e-05
4.500000000000000000e+01,6.000000000000000000e+02,5.000000000000000000e-01,4.000000000000000222e-01,2.616643416000000166e-04,7.866370092999999761e-05
4.700000000000000000e+01,6.000000000000000000e+02,5.000000000000000000e-01,4.000000000000000222e-01,2.732881087000000133e-04,8.215868241999999336e-05
4.900000000000000000e+01,6.000000000000000000e+02,5.000000000000000000e-01,4.000000000000000222e-01,2.849113858999999943e-04,8.565356331999999585e-05
5.100000000000000000e+01,6.000000000000000000e+02,5.000000000000000000e-01,4.000000000000000222e-01,2.965341732999999917e-04,8.914834363999999474e-05
5.300000000000000000e+01,6.000000000000000000e+02,5.000000000000000000e-01,4.000000000000000222e-01,3.081564709000000056e-04,9.264302338000000359e-05
5.500000000000000000e+01,6.000000000000000000e+02,5.000000000000000000e-01,4.000000000000000222e-01,3.197782788999999916e-04,9.613760257000000494e-05
5.700000000000000000e+01,6.000000000000000000e+02,5.000000000000000000e-01,4.000000000000000222e-01,3.313995973000000042e-04,9.963208119999999556e-05
5.900000000000000000e+01,6.000000000000000000e+02,5.000000000000000000e-01,4.000000000000000222e-01,3.430204260000000111e-04,1.031264592999999987e-04
6.100000000000000000e+01,6.000000000000000000e+02,5.000000000000000000e-01,4.000000000000000222e-01,3.546407650999999902e-04,1.066207368999999968e-04
6.300000000000000000e+01,6.000000000000000000e+02,5.000000000000000000e-01,4.000000000000000222e-01,3.662606148000000059e-04,1.101149138999999984e-04
6.500000000000000000e+01,6.000000000000000000e+02,5.000000000000000000e-01,4.000000000000000222e-01,3.778799748999999938e-04,1.136089903999999950e-04
6.700000000000000000e+01,6.000000000000000000e+02,5.000000000000000000e-01,4.000000000000000222e-01,3.894988456000000182e-04,1.171029665000000052e-04
6.900000000000000000e+01,6.000000000000000000e+02,5.000000000000000000e-01,4.000000000000000222e-01,4.011172269000000249e-04,1.205968420000000054e-04
7.100000000000000000e+01,6.000000000000000000e+02,5.000000000000000000e-01,4.000000000000000222e-01,4.127351188000000139e-04,1.240906170999999921e-04
7.300000000000000000e+01,6.000000000000000000e+02,5.000000000000000000e-01,4.000000000000000222e-01,4.243525212999999852e-04,1.275842916999999873e-04
7.500000000000000000e+01,6.000000000000000000e+02,5.000000000000000000e-01,4.000000000000000222e-01,4.359694346000000031e-04,1.310778659000000096e-04
7.700000000000000000e+01,6.000000000000000000e+02,5.000000000000000000e-01,4.000000000000000222e-01,4.475858587000000133e-04,1.345713395999999999e-04
7.900000000000000000e+01,6.000000000000000000e+02,5.000000000000000000e-01,4.000000000000000222e-01,4.592017934999999837e-04,1.380647128999999901e-04
8.100000000000000000e+01,6.000000000000000000e+02,5.000000000000000000e-01,4.000000000000000222e-01,4.708172391999999786e-04,1.415579857000000025e-04
8.300000000000000000e+01,6.000000000000000000e+02,5.000000000000000000e-01,4.000000000000000222e-01,4.824321957999999980e-04,1.450511580999999878e-04
8.500000000000000000e+01,6.000000000000000000e+02,5.000000000000000000e-01,4.000000000000000222e-01,4.940466633000000418e-04,1.485442302000000052e-04
8.700000000000000000e+01,6.000000000000000000e+02,5.000000000000000000e-01,4.000000000000000222e-01,5.056606417000000016e-04,1.520372017999999906e-04
8.900000000000000000e+01,6.000000000000000000e+02,5.000000000000000000e-01,4.000000000000000222e-01,5.172741312000000502e-04,1.555300731000000081e-04
9.100000000000000000e+01,6.000000000000000000e+02,5.000000000000000000e-01,4.000000000000000222e-01,5.288871316999999928e-04,1.590228439999999985e-04
9.300000000000000000e+01,6.000000000000000000e+02,5.000000000000000000e-01,4.000000000000000222e-01,5.404996433000000241e-04,1.625155144999999889e-04
9.500000000000000000e+01,6.000000000000000000e+02,5.000000000000000000e-01,4.000000000000000222e-01,5.521116660000000356e-04,1.660080847000000115e-04
9.700000000000000000e+01,6.000000000000000000e+02,5.000000000000000000e-01,4.000000000000000222e-01,5.637231998000000275e-04,1.695005546000000120e-04
9.900000000000000000e+01,6.000000000000000000e+02,5.000000000000000000e-01,4.000000000000000222e-01,5.753342448999999555e-04,1.729929241000000126e-04
1.000000000000000000e+01,6.000000000000000000e+02,5.000000000000000000e-01,4.000000000000000222e-01,5.816908668999999822e-05,1.748523007000000077e-05
3.000000000000000000e+01,6.000000000000000000e+02,5.000000000000000000e-01,4.000000000000000222e-01,1.744704720000000129e-04,5.244813224999999668e-05
5.000000000000000000e+01,6.000000000000000000e+02,5.000000000000000000e-01,4.000000000000000222e-01,2.907228407999999762e-04,8.740096605000000172e-05
7.000000000000000000e+01,6.000000000000000000e+02,5.000000000000000000e-01,4.000000000000000222e-01,4.069262339999999865e-04,1.223437421000000123e-04
9.000000000000000000e+01,6.000000000000000000e+02,5.000000000000000000e-01,4.000000000000000222e-01,5.230806925000000378e-04,1.572764710999999965e-04
1.100000000000000000e+02,6.000000000000000000e+02,5.000000000000000000e-01,4.000000000000000222e-01,6.391862573999999983e-04,1.921991635999999962e-04
1.300000000000000000e+02,6.000000000000000000e+02,5.000000000000000000e-01,4.000000000000000222e-01,7.552429693999999872e-04,2.271118303000000066e-04
1.500000000000000000e+02,6.000000000000000000e+02,5.000000000000000000e-01,4.000000000000000222e-01,8.712508692999999934e-04,2.620144817999999908e-04
1.700000000000000000e+02,6.000000000000000000e+02,5.000000000000000000e-01,4.000000000000000222e-01,9.872099980000000920e-04,2.969071286000000151e-04
1.900000000000000000e+02,6.000000000000000000e+02,5.000000000000000000e-01,4.000000000000000222e-01,1.103120395999999904e-03,3.317897812999999886e-04
2.100000000000000000e+02,6.000000000000000000e+02,5.000000000000000000e-01,4.000000000000000222e-01,1.218982103999999983e-03,3.666624505000000097e-04
2.300000000000000000e+02,6.000000000000000000e+02,5.000000000000000000e-01,4.000000000000000222e-01,1.334795162999999948e-03,4.015251468000000145e-04
2.500000000000000000e+02,6.000000000000000000e+02,5.000000000000000000e-01,4.000000000000000222e-01,1.450559613000000072e-03,4.363778805999999830e-04
2.700000000000000000e+02,6.000000000000000000e+02,5.000000000000000000e-01,4.000000000000000222e-01,1.566275494999999976e-03,4.712206625999999917e-04
2.900000000000000000e+02,6.000000000000000000e+02,5.000000000000000000e-01,4.000000000000000222e-01,1.681942849999999929e-03,5.060535032000000209e-04
3.100000000000000000e+02,6.000000000000000000e+02,5.000000000000000000e-01,4.000000000000000222e-01,1.797561716999999991e-03,5.408764128000000506e-04
3.300000000000000000e+02,6.000000000000000000e+02,5.000000000000000000e-01,4.000000000000000222e-01,1.913132137000000000e-03,5.756894020999999946e-04
3.500000000000000000e+02,6.000000000000000000e+02,5.000000000000000000e-01,4.000000000000000222e-01,2.028654150999999791e-03,6.104924815000000501e-04
3.700000000000000000e+02,6.000000000000000000e+02,5.000000000000000000e-01,4.000000000000000222e-01,2.144127798999999855e-03,6.452856613000000022e-04
3.900000000000000000e+02,6.000000000000000000e+02,5.000000000000000000e-01,4.000000000000000222e-01,2.259553121000000032e-03,6.800689521999999819e-04
4.100000000000000000e+02,6.000000000000000000e+02,5.000000000000000000e-01,4.000000000000000222e-01,2.374930157000000163e-03,7.148423644000000132e-04
4.300000000000000000e+02,6.000000000000000000e+02,5.000000000000000000e-01,4.000000000000000222e-01,2.490258948000000083e-03,7.496059085000000323e-04
4.500000000000000000e+02,6.000000000000000000e+02,5.000000000000000000e-01,4.000000000000000222e-01,2.605539533000000071e-03,7.843595948000000413e-04
4.700000000000000000e+02,6.000000000000000000e+02,5.000000000000000000e-01,4.000000000000000222e-01,2.720771952999999962e-03,8.191034337000000203e-04
4.900000000000000000e+02,6.000000000000000000e+02,5.000000000000000000e-01,4.000000000000000222e-01,2.835956248000000030e-03,8.538374355999999495e-04
5.100000000000000000e+02,6.000000000000000000e+02,5.000000000000000000e-01,4.000000000000000222e-01,2.951092457000000120e-03,8.885616109000000259e-04
5.300000000000000000e+02,6.000000000000000000e+02,5.000000000000000000e-01,4.000000000000000222e-01,3.066180622000000064e-03,9.232759699000000347e-04
5.500000000000000000e+02,6.000000000000000000e+02,5.000000000000000000e-01,4.000000000000000222e-01,3.181220781000000143e-03,9.579805229999999562e-04
5.700000000000000000e+02,6.000000000000000000e+02,5.000000000000000000e-01,4.000000000000000222e-01,3.296212974000000198e-03,9.926752804999999010e-04
5.900000000000000000e+02,6.000000000000000000e+02,5.000000000000000000e-01,4.000000000000000222e-01,3.411157242000000065e-03,1.027360253000000022e-03
6.100000000000000000e+02,6.000000000000000000e+02,5.000000000000000000e-01,4.000000000000000222e-01,3.526053623000000026e-03,1.062035449999999956e-03
6.300000000000000000e+02,6.000000000000000000e+02,5.000000000000000000e-01,4.000000000000000222e-01,3.640902158999999912e-03,1.096700882000000094e-03
6.500000000000000000e+02,6.000000000000000000e+02,5.000000000000000000e-01,4.000000000000000222e-01,3.755702888000000007e-03,1.131356559999999959e-03
6.700000000000000000e+02,6.000000000000000000e+02,5.000000000000000000e-01,4.000000000000000222e-01,3.870455850000000149e-03,1.166002493999999945e-03
6.900000000000000000e+02,6.000000000000000000e+02,5.000000000000000000e-01,4.000000000000000222e-01,3.985161085000000179e-03,1.200638694000000012e-03
7.100000000000000000e+02,6.000000000000000000e+02,5.000000000000000000e-01,4.000000000000000222e-01,4.099818631999999942e-03,1.235265170999999898e-03
7.300000000000000000e+02,6.000000000000000000e+02,5.000000000000000000e-01,4.000000000000000222e-01,4.214428531000000144e-03,1.269881933000000006e-03
7.500000000000000000e+02,6.000000000000000000e+02,5.000000000000000000e-01,4.000000000000000222e-01,4.328990821000000197e-03,1.304488993000000067e-03
7.700000000000000000e+02,6.000000000000000000e+02,5.000000000000000000e-01,4.000000000000000222e-01,4.443505541999999940e-03,1.339086360000000045e-03
7.900000000000000000e+02,6.000000000000000000e+02,5.000000000000000000e-01,4.000000000000000222e-01,4.557972732000000089e-03,1.373674042999999904e-03
8.100000000000000000e+02,6.000000000000000000e+02,5.000000000000000000e-01,4.000000000000000222e-01,4.672392432000000047e-03,1.408252054000000029e-03
8.300000000000000000e+02,6.000000000000000000e+02,5.000000000000000000e-01,4.000000000000000222e-01,4.786764681000000091e-03,1.442820402999999948e-03
8.500000000000000000e+02,6.000000000000000000e+02,5.000000000000000000e-01,4.000000000000000222e-01,4.901089517999999631e-03,1.477379099000000057e-03
8.700000000000000000e+02,6.000000000000000000e+02,5.000000000000000000e-01,4.000000000000000222e-01,5.015366981000000252e-03,1.511928153000000096e-03
8.900000000000000000e+02,6.000000000000000000e+02,5.000000000000000000e-01,4.000000000000000222e-01,5.129597110999999619e-03,1.546467575000000025e-03
9.100000000000000000e+02,6.000000000000000000e+02,5.000000000000000000e-01,4.000000000000000222e-01,5.243779946000000185e-03,1.580997375000000021e-03
9.300000000000000000e+02,6.000000000000000000e+02,5.000000000000000000e-01,4.000000000000000222e-01,5.357915526000000053e-03,1.615517563000000044e-03
9.500000000000000000e+02,6.000000000000000000e+02,5.000000000000000000e-01,4.000000000000000222e-01,5.472003888999999940e-03,1.650028149000000053e-03
9.700000000000000000e+02,6.000000000000000000e+02,5.000000000000000000e-01,4.000000000000000222e-01,5.586045074000000124e-03,1.684529143000000010e-03
9.900000000000000000e+02,6.000000000000000000e+02,5.000000000000000000e-01,4.000000000000000222e-01,5.700039120000000015e-03,1.719020556000000087e-03
1.000000000000000000e+02,6.000000000000000000e+02,5.000000000000000000e-01,4.000000000000000222e-01,5.811395840999999691e-04,1.747390713000000111e-04
3.000000000000000000e+02,6.000000000000000000e+02,5.000000000000000000e-01,4.000000000000000222e-01,1.739758342000000037e-03,5.234661987000000221e-04
5.000000000000000000e+02,6.000000000000000000e+02,5.000000000000000000e-01,4.000000000000000222e-01,2.893530360999999919e-03,8.712007508999999829e-04
7.000000000000000000e+02,6.000000000000000000e+02,5.000000000000000000e-01,4.000000000000000222e-01,4.042495816999999887e-03,1.217953146999999981e-03
9.000000000000000000e+02,6.000000000000000000e+02,5.000000000000000000e-01,4.000000000000000222e-01,5.186694438000000358e-03,1.563733676999999990e-03
1.100000000000000000e+03,6.000000000000000000e+02,5.000000000000000000e-01,4.000000000000000222e-01,6.326165507999999618e-03,1.908552501999999937e-03
1.300000000000000000e+03,6.000000000000000000e+02,5.000000000000000000e-01,4.000000000000000222e-01,7.460947873999999869e-03,2.252419655999999843e-03
1.500000000000000000e+03,6.000000000000000000e+02,5.000000000000000000e-01,4.000000000000000222e-01,8.591079947000000716e-03,2.595345049000000008e-03
1.700000000000000000e+03,6.000000000000000000e+02,5.000000000000000000e-01,4.000000000000000222e-01,9.716599708000000016e-03,2.937338466000000148e-03
1.900000000000000000e+03,6.000000000000000000e+02,5.000000000000000000e-01,4.000000000000000222e-01,1.083754471000000080e-02,3.278409571999999807e-03
2.100000000000000000e+03,6.000000000000000000e+02,5.000000000000000000e-01,4.000000000000000222e-01,1.195395209999999993e-02,3.618567907999999892e-03
2.300000000000000000e+03,6.000000000000000000e+02,5.000000000000000000e-01,4.000000000000000222e-01,1.306585858999999988e-02,3.957822897000000048e-03
2.500000000000000000e+03,6.000000000000000000e+02,5.000000000000000000e-01,4.000000000000000222e-01,1.417330047999999960e-02,4.296183844999999953e-03
2.700000000000000000e+03,6.000000000000000000e+02,5.000000000000000000e-01,4.000000000000000222e-01,1.527631366999999962e-02,4.633659939999999755e-03
2.900000000000000000e+03,6.000000000000000000e+02,5.000000000000000000e-01,4.000000000000000222e-01,1.637493367000000116e-02,4.970260255000000064e-03
3.100000000000000000e+03,6.000000000000000000e+02,5.000000000000000000e-01,4.000000000000000222e-01,1.746919556000000109e-02,5.305993749999999773e-03
3.300000000000000000e+03,6.000000000000000000e+02,5.000000000000000000e-01,4.000000000000000222e-01,1.855913404000000128e-02,5.640869270000000400e-03
3.500000000000000000e+03,6.000000000000000000e+02,5.000000000000000000e-01,4.000000000000000222e-01,1.964478341999999905e-02,5.974895552000000429e-03
3.700000000000000000e+03,6.000000000000000000e+02,5.000000000000000000e-01,4.000000000000000222e-01,2.072617762999999849e-02,6.308081220000000093e-03
3.900000000000000000e+03,6.000000000000000000e+02,5.000000000000000000e-01,4.000000000000000222e-01,2.180335019000000096e-02,6.640434792999999614e-03
4.100000000000000000e+03,6.000000000000000000e+02,5.000000000000000000e-01,4.000000000000000222e-01,2.287633428000000052e-02,6.971964677999999659e-03
4.300000000000000000e+03,6.000000000000000000e+02,5.000000000000000000e-01,4.000000000000000222e-01,2.394516266999999893e-02,7.302679180999999999e-03
4.500000000000000000e+03,6.000000000000000000e+02,5.000000000000000000e-01,4.000000000000000222e-01,2.500986778000000021e-02,7.632586499000000406e-03
4.700000000000000000e+03,6.000000000000000000e+02,5.000000000000000000e-01,4.000000000000000222e-01,2.607048165999999861e-02,7.961694728999999318e-03
4.900000000000000000e+03,6.000000000000000000e+02,5.000000000000000000e-01,4.000000000000000222e-01,2.712703597999999855e-02,8.290011862000000800e-03
5.100000000000000000e+03,6.000000000000000000e+02,5.000000000000000000e-01,4.000000000000000222e-01,2.817956208000000143e-02,8.617545791999999330e-03
5.300000000000000000e+03,6.000000000000000000e+02,5.000000000000000000e-01,4.000000000000000222e-01,2.922809092000000150e-02,8.944304309999999772e-03
5.500000000000000000e+03,6.000000000000000000e+02,5.000000000000000000e-01,4.000000000000000222e-01,3.027265313000000041e-02,9.270295108999999575e-03
5.700000000000000000e+03,6.000000000000000000e+02,5.000000000000000000e-01,4.000000000000000222e-01,3.131327896999999694e-02,9.595525784999999613e-03
5.900000000000000000e+03,6.000000000000000000e+02,5.000000000000000000e-01,4.000000000000000222e-01,3.234999838000000155e-02,9.920003838999999837e-03
6.100000000000000000e+03,6.000000000000000000e+02,5.000000000000000000e-01,4.000000000000000222e-01,3.338284092999999758e-02,1.024373666999999974e-02
6.300000000000000000e+03,6.000000000000000000e+02,5.000000000000000000e-01,4.000000000000000222e-01,3.441183588999999904e-02,1.056673160000000042e-02
6.500000000000000000e+03,6.000000000000000000e+02,5.000000000000000000e-01,4.000000000000000222e-01,3.543701216999999709e-02,1.088899584000000038e-02
6.700000000000000000e+03,6.000000000000000000e+02,5.000000000000000000e-01,4.000000000000000222e-01,3.645839835999999806e-02,1.121053651000000068e-02
6.900000000000000000e+03,6.000000000000000000e+02,5.000000000000000000e-01,4.000000000000000222e-01,3.747602273000000261e-02,1.153136066000000001e-02
7.100000000000000000e+03,6.000000000000000000e+02,5.000000000000000000e-01,4.000000000000000222e-01,3.848991322999999881e-02,1.185147521999999932e-02
7.300000000000000000e+03,6.000000000000000000e+02,5.000000000000000000e-01,4.000000000000000222e-01,3.950009747000000210e-02,1.217088705999999979e-02
7.500000000000000000e+03,6.000000000000000000e+02,5.000000000000000000e-01,4.000000000000000222e-01,4.050660278999999864e-02,1.248960294000000040e-02
7.700000000000000000e+03,6.000000000000000000e+02,5.000000000000000000e-01,4.000000000000000222e-01,4.150945617000000032e-02,1.280762954999999960e-02
7.900000000000000000e+03,6.000000000000000000e+02,5.000000000000000000e-01,4.000000000000000222e-01,4.250868431999999669e-02,1.312497349000000049e-02
8.100000000000000000e+03,6.000000000000000000e+02,5.000000000000000000e-01,4.000000000000000222e-01,4.350431361999999857e-02,1.344164127000000049e-02
8.300000000000000000e+03,6.000000000000000000e+02,5.000000000000000000e-01,4.000000000000000222e-01,4.449637017000000055e-02,1.375763932000000078e-02
8.500000000000000000e+03,6.000000000000000000e+02,5.000000000000000000e-01,4.000000000000000222e-01,4.548487975999999933e-02,1.407297398999999942e-02
8.700000000000000000e+03,6.000000000000000000e+02,5.000000000000000000e-01,4.000000000000000222e-01,4.646986789000000229e-02,1.438765154999999997e-02
8.900000000000000000e+03,6.000000000000000000e+02,5.000000000000000000e-01,4.000000000000000222e-01,4.745135979000000143e-02,1.470167818000000029e-02
9.100000000000000000e+03,6.000000000000000000e+02,5.000000000000000000e-01,4.000000000000000222e-01,4.842938036999999696e-02,1.501506000000000021e-02
9.300000000000000000e+03,6.000000000000000000e+02,5.000000000000000000e-01,4.000000000000000222e-01,4.940395427000000145e-02,1.532780304000000079e-02
9.500000000000000000e+03,6.000000000000000000e+02,5.000000000000000000e-01,4.000000000000000222e-01,5.037510585999999818e-02,1.563991324000000085e-02
9.700000000000000000e+03,6.000000000000000000e+02,5.000000000000000000e-01,4.000000000000000222e-01,5.134285923000000279e-02,1.595139648999999854e-02
9.900000000000000000e+03,6.000000000000000000e+02,5.000000000000000000e-01,4.000000000000000222e-01,5.230723819000000080e-02,1.626225858000000107e-02
1.000000000000000000e+03,6.000000000000000000e+02,5.000000000000000000e-01,4.000000000000000222e-01,5.757018479000000286e-03,1.736262672000000052e-03
3.000000000000000000e+03,6.000000000000000000e+02,5.000000000000000000e-01,4.000000000000000222e-01,1.692260719999999843e-02,5.138234799999999609e-03
5.000000000000000000e+03,6.000000000000000000e+02,5.000000000000000000e-01,4.000000000000000222e-01,2.765380061999999847e-02,8.453876238000000709e-03
7.000000000000000000e+03,6.000000000000000000e+02,5.000000000000000000e-01,4.000000000000000222e-01,3.798343298000000229e-02,1.169150621000000084e-02
9.000000000000000000e+03,6.000000000000000000e+02,5.000000000000000000e-01,4.000000000000000222e-01,4.794080245000000018e-02,1.485844931999999972e-02
1.100000000000000000e+04,6.000000000000000000e+02,5.000000000000000000e-01,4.000000000000000222e-01,5.755204358999999742e-02,1.796114916999999936e-02
1.300000000000000000e+04,6.000000000000000000e+02,5.000000000000000000e-01,4.000000000000000222e-01,6.684047119000000037e-02,2.100527006999999835e-02
1.500000000000000000e+04,6.000000000000000000e+02,5.000000000000000000e-01,4.000000000000000222e-01,7.582689582000000372e-02,2.399578776999999885e-02
1.700000000000000000e+04,6.000000000000000000e+02,5.000000000000000000e-01,4.000000000000000222e-01,8.452991208000000534e-02,2.693707047000000118e-02
1.900000000000000000e+04,6.000000000000000000e+02,5.000000000000000000e-01,4.000000000000000222e-01,9.296616018999999398e-02,2.983295077000000170e-02
2.100000000000000000e+04,6.000000000000000000e+02,5.000000000000000000e-01,4.000000000000000222e-01,1.011505620999999938e-01,3.268678972999999877e-02
2.300000000000000000e+04,6.000000000000000000e+02,5.000000000000000000e-01,4.000000000000000222e-01,1.090965336999999979e-01,3.550153366000000088e-02
2.500000000000000000e+04,6.000000000000000000e+02,5.000000000000000000e-01,4.000000000000000222e-01,1.168161731999999980e-01,3.827976454999999778e-02
2.700000000000000000e+04,6.000000000000000000e+02,5.000000000000000000e-01,4.000000000000000222e-01,1.243204299000000013e-01,4.102374467000000080e-02
2.900000000000000000e+04,6.000000000000000000e+02,5.000000000000000000e-01,4.000000000000000222e-01,1.316192511000000009e-01,4.373545612000000193e-02
3.100000000000000000e+04,6.000000000000000000e+02,5.000000000000000000e-01,4.000000000000000222e-01,1.387217131000000048e-01,4.641663580000000150e-02
3.300000000000000000e+04,6.000000000000000000e+02,5.000000000000000000e-01,4.000000000000000222e-01,1.456361338000000116e-01,4.906880627000000106e-02
3.500000000000000000e+04,6.000000000000000000e+02,5.000000000000000000e-01,4.000000000000000222e-01,1.523701715000000123e-01,5.169330303999999932e-02
3.700000000000000000e+04,6.000000000000000000e+02,5.000000000000000000e-01,4.000000000000000222e-01,1.589309104999999944e-01,5.429129859000000197e-02
3.900000000000000000e+04,6.000000000000000000e+02,5.000000000000000000e-01,4.000000000000000222e-01,1.653249338999999984e-01,5.686382359000000108e-02
4.100000000000000000e+04,6.000000000000000000e+02,5.000000000000000000e-01,4.000000000000000222e-01,1.715583868999999984e-01,5.941178547999999976e-02
4.300000000000000000e+04,6.000000000000000000e+02,5.000000000000000000e-01,4.000000000000000222e-01,1.776370302999999984e-01,6.193598485000000042e-02
4.500000000000000000e+04,6.000000000000000000e+02,5.000000000000000000e-01,4.000000000000000222e-01,1.835662865000000088e-01,6.443712977000000397e-02
4.700000000000000000e+04,6.000000000000000000e+02,5.000000000000000000e-01,4.000000000000000222e-01,1.893512780999999923e-01,6.691584840000000534e-02
4.900000000000000000e+04,6.000000000000000000e+02,5.000000000000000000e-01,4.000000000000000222e-01,1.949968609999999936e-01,6.937269992000000274e-02
5.100000000000000000e+04,6.000000000000000000e+02,5.000000000000000000e-01,4.000000000000000222e-01,2.005076517999999919e-01,7.180818412999999401e-02
5.300000000000000000e+04,6.000000000000000000e+02,5.000000000000000000e-01,4.000000000000000222e-01,2.058880517999999993e-01,7.422274981000000216e-02
5.500000000000000000e+04,6.000000000000000000e+02,5.000000000000000000e-01,4.000000000000000222e-01,2.111422664000000005e-01,7.661680195999999443e-02
5.700000000000000000e+04,6.000000000000000000e+02,5.000000000000000000e-01,4.000000000000000222e-01,2.162743220999999993e-01,7.899070807999999944e-02
5.900000000000000000e+04,6.000000000000000000e+02,5.000000000000000000e-01,4.000000000000000222e-01,2.212880804000000035e-01,8.134480366999999323e-02
6.100000000000000000e+04,6.000000000000000000e+02,5.000000000000000000e-01,4.000000000000000222e-01,2.261872503000000034e-01,8.367939684000000322e-02
6.300000000000000000e+04,6.000000000000000000e+02,5.000000000000000000e-01,4.000000000000000222e-01,2.309753981000000067e-01,8.599477245999999353e-02
6.500000000000000000e+04,6.000000000000000000e+02,5.000000000000000000e-01,4.000000000000000222e-01,2.356559564000000051e-01,8.829119557999999535e-02
6.700000000000000000e+04,6.000000000000000000e+02,5.000000000000000000e-01,4.000000000000000222e-01,2.402322318000000012e-01,9.056891446999999762e-02
6.900000000000000000e+04,6.000000000000000000e+02,5.000000000000000000e-01,4.000000000000000222e-01,2.447074114999999994e-01,9.282816312000000125e-02
7.100000000000000000e+04,6.000000000000000000e+02,5.000000000000000000e-01,4.000000000000000222e-01,2.490845690000000057e-01,9.506916345999999463e-02
7.300000000000000000e+04,6.000000000000000000e+02,5.000000000000000000e-01,4.000000000000000222e-01,2.533666693000000136e-01,9.729212719999999481e-02
7.500000000000000000e+04,6.000000000000000000e+02,5.000000000000000000e-01,4.000000000000000222e-01,2.575565738000000215e-01,9.949725742999999956e-02
7.700000000000000000e+04,6.000000000000000000e+02,5.000000000000000000e-01,4.000000000000000222e-01,2.616570442999999746e-01,1.016847498999999960e-01
7.900000000000000000e+04,6.000000000000000000e+02,5.000000000000000000e-01,4.000000000000000222e-01,2.656707469999999849e-01,1.038547942000000029e-01
8.100000000000000000e+04,6.000000000000000000e+02,5.000000000000000000e-01,4.000000000000000222e-01,2.696002558999999743e-01,1.060075746000000013e-01
8.300000000000000000e+04,6.000000000000000000e+02,5.000000000000000000e-01,4.000000000000000222e-01,2.734480565999999890e-01,1.081432709999999991e-01
8.500000000000000000e+04,6.000000000000000000e+02,5.000000000000000000e-01,4.000000000000000222e-01,2.772165489000000260e-01,1.102620594000000009e-01
8.700000000000000000e+04,6.000000000000000000e+02,5.000000000000000000e-01,4.000000000000000222e-01,2.809080501999999813e-01,1.123641125999999962e-01
8.900000000000000000e+04,6.000000000000000000e+02,5.000000000000000000e-01,4.000000000000000222e-01,2.845247984000000008e-01,1.144496004999999983e-01
9.100000000000000000e+04,6.000000000000000000e+02,5.000000000000000000e-01,4.000000000000000222e-01,2.880689544000000213e-01,1.165186906999999966e-01
9.300000000000000000e+04,6.000000000000000000e+02,5.000000000000000000e-01,4.000000000000000222e-01,2.915426050000000102e-01,1.185715484000000042e-01
9.500000000000000000e+04,6.000000000000000000e+02,5.000000000000000000e-01,4.000000000000000222e-01,2.949477654000000060e-01,1.206083369999999960e-01
9.700000000000000000e+04,6.000000000000000000e+02,5.000000000000000000e-01,4.000000000000000222e-01,2.982863814999999752e-01,1.226292182999999952e-01
9.900000000000000000e+04,6.000000000000000000e+02,5.000000000000000000e-01,4.000000000000000222e-01,3.015603329000000055e-01,1.246343523000000009e-01
1.000000000000000000e+04,6.000000000000000000e+02,5.000000000000000000e-01,4.000000000000000222e-01,5.278816962999999945e-02,1.641745848000000091e-02
3.000000000000000000e+04,6.000000000000000000e+02,5.000000000000000000e-01,4.000000000000000222e-01,1.351944905999999946e-01,4.507976259000000263e-02
5.000000000000000000e+04,6.000000000000000000e+02,5.000000000000000000e-01,4.000000000000000222e-01,1.977688254999999951e-01,7.059308377999999606e-02
7.000000000000000000e+04,6.000000000000000000e+02,5.000000000000000000e-01,4.000000000000000222e-01,2.469080552000000039e-01,9.395093087000000454e-02
9.000000000000000000e+04,6.000000000000000000e+02,5.000000000000000000e-01,4.000000000000000222e-01,2.863058183000000145e-01,1.154861848999999968e-01
1.100000000000000000e+05,6.000000000000000000e+02,5.000000000000000000e-01,4.000000000000000222e-01,3.184892430999999857e-01,1.353881255000000117e-01
1.300000000000000000e+05,6.000000000000000000e+02,5.000000000000000000e-01,4.000000000000000222e-01,3.452386671000000073e-01,1.538150648999999925e-01
1.500000000000000000e+05,6.000000000000000000e+02,5.000000000000000000e-01,4.000000000000000222e-01,3.678168464000000082e-01,1.709116736000000081e-01
1.700000000000000000e+05,6.000000000000000000e+02,5.000000000000000000e-01,4.000000000000000222e-01,3.871309119999999937e-01,1.868094131999999963e-01
1.900000000000000000e+05,6.000000000000000000e+02,5.000000000000000000e-01,4.000000000000000222e-01,4.038443984000000264e-01,2.016259954999999882e-01
2.100000000000000000e+05,6.000000000000000000e+02,5.000000000000000000e-01,4.000000000000000222e-01,4.184523145999999860e-01,2.154658493999999924e-01
2.300000000000000000e+05,6.000000000000000000e+02,5.000000000000000000e-01,4.000000000000000222e-01,4.313310718000000210e-01,2.284212465999999886e-01
2.500000000000000000e+05,6.000000000000000000e+02,5.000000000000000000e-01,4.000000000000000222e-01,4.427719723999999912e-01,2.405736575000000099e-01
2.700000000000000000e+05,6.000000000000000000e+02,5.000000000000000000e-01,4.000000000000000222e-01,4.530040421000000039e-01,2.519950973999999788e-01
2.900000000000000000e+05,6.000000000000000000e+02,5.000000000000000000e-01,4.000000000000000222e-01,4.622098964999999948e-01,2.627493598000000263e-01
3.100000000000000000e+05,6.000000000000000000e+02,5.000000000000000000e-01,4.000000000000000222e-01,4.705369835000000056e-01,2.728931036999999726e-01
3.300000000000000000e+05,6.000000000000000000e+02,5.000000000000000000e-01,4.000000000000000222e-01,4.781056969999999962e-01,2.824767946000000252e-01
3.500000000000000000e+05,6.000000000000000000e+02,5.000000000000000000e-01,4.000000000000000222e-01,4.850153348999999836e-01,2.915455118999999984e-01
3.700000000000000000e+05,6.000000000000000000e+02,5.000000000000000000e-01,4.000000000000000222e-01,4.913485419999999992e-01,3.001396394999999995e-01
3.900000000000000000e+05,6.000000000000000000e+02,5.000000000000000000e-01,4.000000000000000222e-01,4.971746718999999759e-01,3.082954561999999843e-01
4.100000000000000000e+05,6.000000000000000000e+02,5.000000000000000000e-01,4.000000000000000222e-01,5.025523619999999747e-01,3.160456409999999883e-01
4.300000000000000000e+05,6.000000000000000000e+02,5.000000000000000000e-01,4.000000000000000222e-01,5.075315314999999661e-01,3.234197073000000255e-01
4.500000000000000000e+05,6.000000000000000000e+02,5.000000000000000000e-01,4.000000000000000222e-01,5.121549463000000246e-01,3.304443752999999817e-01
4.700000000000000000e+05,6.000000000000000000e+02,5.000000000000000000e-01,4.000000000000000222e-01,5.164594582999999517e-01,3.371438949000000185e-01
4.900000000000000000e+05,6.000000000000000000e+02,5.000000000000000000e-01,4.000000000000000222e-01,5.204769947999999813e-01,3.435403233000000056e-01
5.100000000000000000e+05,6.000000000000000000e+02,5.000000000000000000e-01,4.000000000000000222e-01,5.242353556000000081e-01,3.496537678000000149e-01
5.300000000000000000e+05,6.000000000000000000e+02,5.000000000000000000e-01,4.000000000000000222e-01,5.277588597000000270e-01,3.555025961000000123e-01
5.500000000000000000e+05,6.000000000000000000e+02,5.000000000000000000e-01,4.000000000000000222e-01,5.310688736999999993e-01,3.611036202999999833e-01
5.700000000000000000e+05,6.000000000000000000e+02,5.000000000000000000e-01,4.000000000000000222e-01,5.341842476999999478e-01,3.664722583000000200e-01
5.900000000000000000e+05,6.000000000000000000e+02,5.000000000000000000e-01,4.000000000000000222e-01,5.371216747000000513e-01,3.716226749000000051e-01
6.100000000000000000e+05,6.000000000000000000e+02,5.000000000000000000e-01,4.000000000000000222e-01,5.398959911999999806e-01,3.765679070999999878e-01
6.300000000000000000e+05,6.000000000000000000e+02,5.000000000000000000e-01,4.000000000000000222e-01,5.425204282000000156e-01,3.813199735000000201e-01
6.500000000000000000e+05,6.000000000000000000e+02,5.000000000000000000e-01,4.000000000000000222e-01,5.450068227000000043e-01,3.858899724000000031e-01
6.700000000000000000e+05,6.000000000000000000e+02,5.000000000000000000e-01,4.000000000000000222e-01,5.473657969999999873e-01,3.902881677999999743e-01
6.900000000000000000e+05,6.000000000000000000e+02,5.000000000000000000e-01,4.000000000000000222e-01,5.496069102999999734e-01,3.945240666000000007e-01
7.100000000000000000e+05,6.000000000000000000e+02,5.000000000000000000e-01,4.000000000000000222e-01,5.517387887000000379e-01,3.986064869000000011e-01
7.300000000000000000e+05,6.000000000000000000e+02,5.000000000000000000e-01,4.000000000000000222e-01,5.537692360999999508e-01,4.025436196000000133e-01
7.500000000000000000e+05,6.000000000000000000e+02,5.000000000000000000e-01,4.000000000000000222e-01,5.557053303000000222e-01,4.063430827000000245e-01
7.700000000000000000e+05,6.000000000000000000e+02,5.000000000000000000e-01,4.000000000000000222e-01,5.575535053000000296e-01,4.100119709999999751e-01
7.900000000000000000e+05,6.000000000000000000e+02,5.000000000000000000e-01,4.000000000000000222e-01,5.593196230000000435e-01,4.135569001000000133e-01
8.100000000000000000e+05,6.000000000000000000e+02,5.000000000000000000e-01,4.000000000000000222e-01,5.610090350999999975e-01,4.169840458999999888e-01
8.300000000000000000e+05,6.000000000000000000e+02,5.000000000000000000e-01,4.000000000000000222e-01,5.626266381000000205e-01,4.202991810000000217e-01
8.500000000000000000e+05,6.000000000000000000e+02,5.000000000000000000e-01,4.000000000000000222e-01,5.641769199999999707e-01,4.235077067999999945e-01
8.700000000000000000e+05,6.000000000000000000e+02,5.000000000000000000e-01,4.000000000000000222e-01,5.656640025000000405e-01,4.266146827999999780e-01
8.900000000000000000e+05,6.000000000000000000e+02,5.000000000000000000e-01,4.000000000000000222e-01,5.670916771999999773e-01,4.296248536999999756e-01
9.100000000000000000e+05,6.000000000000000000e+02,5.000000000000000000e-01,4.000000000000000222e-01,5.684634387000000455e-01,4.325426727000000193e-01
9.300000000000000000e+05,6.000000000000000000e+02,5.000000000000000000e-01,4.000000000000000222e-01,5.697825122999999881e-01,4.353723243000000021e-01
9.500000000000000000e+05,6.000000000000000000e+02,5.000000000000000000e-01,4.000000000000000222e-01,5.710518799999999562e-01,4.381177439999999756e-01
9.700000000000000000e+05,6.000000000000000000e+02,5.000000000000000000e-01,4.000000000000000222e-01,5.722743029000000314e-01,4.407826363999999830e-01
9.900000000000000000e+05,6.000000000000000000e+02,5.000000000000000000e-01,4.000000000000000222e-01,5.734523411999999931e-01,4.433704921000000132e-01
1.000000000000000000e+05,6.000000000000000000e+02,5.000000000000000000e-01,4.000000000000000222e-01,3.031736288999999918e-01,1.256310636000000092e-01
3.000000000000000000e+05,6.000000000000000000e+02,5.000000000000000000e-01,4.000000000000000222e-01,4.664752058000000146e-01,2.678942572999999938e-01
5.000000000000000000e+05,6.000000000000000000e+02,5.000000000000000000e-01,4.000000000000000222e-01,5.223869773999999522e-01,3.466312320000000113e-01
7.000000000000000000e+05,6.000000000000000000e+02,5.000000000000000000e-01,4.000000000000000222e-01,5.506859980999999626e-01,3.965839355999999927e-01
9.000000000000000000e+05,6.000000000000000000e+02,5.000000000000000000e-01,4.000000000000000222e-01,5.677843394999999571e-01,4.310950394999999991e-01
1.100000000000000000e+06,6.000000000000000000e+02,5.000000000000000000e-01,4.000000000000000222e-01,5.792365112999999788e-01,4.563649048000000263e-01
1.300000000000000000e+06,6.000000000000000000e+02,5.000000000000000000e-01,4.000000000000000222e-01,5.874448333999999772e-01,4.756663125000000214e-01
1.500000000000000000e+06,6.000000000000000000e+02,5.000000000000000000e-01,4.000000000000000222e-01,5.936178470999999846e-01,4.908898756000000252e-01
1.700000000000000000e+06,6.000000000000000000e+02,5.000000000000000000e-01,4.000000000000000222e-01,5.984299513999999931e-01,5.032039973999999916e-01
1.900000000000000000e+06,6.000000000000000000e+02,5.000000000000000000e-01,4.000000000000000222e-01,6.022871604999999740e-01,5.133696557000000382e-01
2.100000000000000000e+06,6.000000000000000000e+02,5.000000000000000000e-01,4.000000000000000222e-01,6.054485438000000164e-01,5.219037465000000431e-01
2.300000000000000000e+06,6.000000000000000000e+02,5.000000000000000000e-01,4.000000000000000222e-01,6.080871951999999858e-01,5.291696780000000322e-01
2.500000000000000000e+06,6.000000000000000000e+02,5.000000000000000000e-01,4.000000000000000222e-01,6.103231705999999646e-01,5.354304026999999744e-01
2.700000000000000000e+06,6.000000000000000000e+02,5.000000000000000000e-01,4.000000000000000222e-01,6.122423594000000469e-01,5.408808834999999648e-01
2.900000000000000000e+06,6.000000000000000000e+02,5.000000000000000000e-01,4.000000000000000222e-01,6.139078337000000163e-01,5.456687327999999448e-01
3.100000000000000000e+06,6.000000000000000000e+02,5.000000000000000000e-01,4.000000000000000222e-01,6.153669546000000157e-01,5.499077643999999987e-01
3.300000000000000000e+06,6.000000000000000000e+02,5.000000000000000000e-01,4.000000000000000222e-01,6.166559784999999794e-01,5.536871424000000541e-01
3.500000000000000000e+06,6.000000000000000000e+02,5.000000000000000000e-01,4.000000000000000222e-01,6.178031322000000491e-01,5.570777115999999696e-01
3.700000000000000000e+06,6.000000000000000000e+02,5.000000000000000000e-01,4.000000000000000222e-01,6.188307196000000232e-01,5.601364720000000519e-01
3.900000000000000000e+06,6.000000000000000000e+02,5.000000000000000000e-01,4.000000000000000222e-01,6.197565982999999612e-01,5.629098032999999557e-01
4.100000000000000000e+06,6.000000000000000000e+02,5.000000000000000000e-01,4.000000000000000222e-01,6.205952353000000477e-01,5.654358278000000126e-01
4.300000000000000000e+06,6.000000000000000000e+02,5.000000000000000000e-01,4.000000000000000222e-01,6.213584753999999988e-01,5.677461700000000500e-01
4.500000000000000000e+06,6.000000000000000000e+02,5.000000000000000000e-01,4.000000000000000222e-01,6.220561099000000427e-01,5.698672837999999574e-01
4.700000000000000000e+06,6.000000000000000000e+02,5.000000000000000000e-01,4.000000000000000222e-01,6.226963030000000066e-01,5.718214683000000242e-01
4.900000000000000000e+06,6.000000000000000000e+02,5.000000000000000000e-01,4.000000000000000222e-01,6.232859166999999978e-01,5.736276520999999962e-01
5.100000000000000000e+06,6.000000000000000000e+02,5.000000000000000000e-01,4.000000000000000222e-01,6.238307606999999866e-01,5.753020071000000124e-01
5.300000000000000000e+06,6.000000000000000000e+02,5.000000000000000000e-01,4.000000000000000222e-01,6.243357863999999813e-01,5.768584325000000179e-01
5.500000000000000000e+06,6.000000000000000000e+02,5.000000000000000000e-01,4.000000000000000222e-01,6.248052398000000229e-01,5.783089406000000432e-01
5.700000000000000000e+06,6.000000000000000000e+02,5.000000000000000000e-01,4.000000000000000222e-01,6.252427834999999545e-01,5.796639664999999608e-01
5.900000000000000000e+06,6.000000000000000000e+02,5.000000000000000000e-01,4.000000000000000222e-01,6.256515927000000366e-01,5.809326182999999810e-01
6.100000000000000000e+06,6.000000000000000000e+02,5.000000000000000000e-01,4.000000000000000222e-01,6.260344344999999588e-01,5.821228821999999692e-01
6.300000000000000000e+06,6.000000000000000000e+02,5.000000000000000000e-01,4.000000000000000222e-01,6.263937309999999536e-01,5.832417893000000353e-01
6.500000000000000000e+06,6.000000000000000000e+02,5.000000000000000000e-01,4.000000000000000222e-01,6.267316116000000159e-01,5.842955547999999499e-01
6.700000000000000000e+06,6.000000000000000000e+02,5.000000000000000000e-01,4.000000000000000222e-01,6.270499561000000277e-01,5.852896926999999749e-01
6.900000000000000000e+06,6.000000000000000000e+02,5.000000000000000000e-01,4.000000000000000222e-01,6.273504300000000145e-01,5.862291120999999494e-01
7.100000000000000000e+06,6.000000000000000000e+02,5.000000000000000000e-01,4.000000000000000222e-01,6.276345142999999460e-01,5.871181976999999552e-01
7.300000000000000000e+06,6.000000000000000000e+02,5.000000000000000000e-01,4.000000000000000222e-01,6.279035305000000289e-01,5.879608782999999894e-01
7.500000000000000000e+06,6.000000000000000000e+02,5.000000000000000000e-01,4.000000000000000222e-01,6.281586613999999846e-01,5.887606842999999479e-01
7.700000000000000000e+06,6.000000000000000000e+02,5.000000000000000000e-01,4.000000000000000222e-01,6.284009687999999594e-01,5.895207971000000491e-01
7.900000000000000000e+06,6.000000000000000000e+02,5.000000000000000000e-01,4.000000000000000222e-01,6.286314088000000133e-01,5.902440909999999707e-01
8.100000000000000000e+06,6.000000000000000000e+02,5.000000000000000000e-01,4.000000000000000222e-01,6.288508444000000530e-01,5.909331694999999662e-01
8.300000000000000000e+06,6.000000000000000000e+02,5.000000000000000000e-01,4.000000000000000222e-01,6.290600567999999893e-01,5.915903967000000208e-01
8.500000000000000000e+06,6.000000000000000000e+02,5.000000000000000000e-01,4.000000000000000222e-01,6.292597546999999514e-01,5.922179234000000125e-01
8.700000000000000000e+06,6.000000000000000000e+02,5.000000000000000000e-01,4.000000000000000222e-01,6.294505825999999749e-01,5.928177116999999718e-01
8.900000000000000000e+06,6.000000000000000000e+02,5.000000000000000000e-01,4.000000000000000222e-01,6.296331279000000336e-01,5.933915543000000126e-01
9.100000000000000000e+06,6.000000000000000000e+02,5.000000000000000000e-01,4.000000000000000222e-01,6.298079272000000062e-01,5.939410929999999755e-01
9.300000000000000000e+06,6.000000000000000000e+02,5.000000000000000000e-01,4.000000000000000222e-01,6.299754713999999867e-01,5.944678340000000283e-01
9.500000000000000000e+06,6.000000000000000000e+02,5.000000000000000000e-01,4.000000000000000222e-01,6.301362109000000489e-01,5.949731615000000140e-01
9.700000000000000000e+06,6.000000000000000000e+02,5.000000000000000000e-01,4.000000000000000222e-01,6.302905591999999890e-01,5.954583501000000334e-01
9.900000000000000000e+06,6.000000000000000000e+02,5.000000000000000000e-01,4.000000000000000222e-01,6.304388971000000064e-01,5.959245751999999730e-01
1.000000000000000000e+06,6.000000000000000000e+02,5.000000000000000000e-01,4.000000000000000222e-01,5.740254657000000149e-01,4.446365671999999991e-01
3.000000000000000000e+06,6.000000000000000000e+02,5.000000000000000000e-01,4.000000000000000222e-01,6.146607038000000411e-01,5.478507853999999844e-01
5.000000000000000000e+06,6.000000000000000000e+02,5.000000000000000000e-01,4.000000000000000222e-01,6.235636074000000528e-01,5.744803912000000512e-01
7.000000000000000000e+06,6.000000000000000000e+02,5.000000000000000000e-01,4.000000000000000222e-01,6.274944348000000005e-01,5.866796910999999559e-01
9.000000000000000000e+06,6.000000000000000000e+02,5.000000000000000000e-01,4.000000000000000222e-01,6.297214640999999613e-01,5.936692645000000157e-01
1.100000000000000000e+07,6.000000000000000000e+02,5.000000000000000000e-01,4.000000000000000222e-01,6.311617325999999695e-01,5.981945269999999759e-01
1.300000000000000000e+07,6.000000000000000000e+02,5.000000000000000000e-01,4.000000000000000222e-01,6.321735472999999716e-01,6.013605784000000121e-01
1.500000000000000000e+07,6.000000000000000000e+02,5.000000000000000000e-01,4.000000000000000222e-01,6.329259312999999665e-01,6.036979464999999712e-01
1.700000000000000000e+07,6.000000000000000000e+02,5.000000000000000000e-01,4.000000000000000222e-01,6.335091112999999829e-01,6.054930008000000141e-01
1.900000000000000000e+07,6.000000000000000000e+02,5.000000000000000000e-01,4.000000000000000222e-01,6.339756820999999931e-01,6.069138897000000421e-01
2.100000000000000000e+07,6.000000000000000000e+02,5.000000000000000000e-01,4.000000000000000222e-01,6.343583957999999745e-01,6.080658238999999687e-01
2.300000000000000000e+07,6.000000000000000000e+02,5.000000000000000000e-01,4.000000000000000222e-01,6.346787268000000370e-01,6.090179943000000318e-01
2.500000000000000000e+07,6.000000000000000000e+02,5.000000000000000000e-01,4.000000000000000222e-01,6.349513495999999924e-01,6.098177650999999644e-01
2.700000000000000000e+07,6.000000000000000000e+02,5.000000000000000000e-01,4.000000000000000222e-01,6.351866385000000115e-01,6.104986475000000468e-01
2.900000000000000000e+07,6.000000000000000000e+02,5.000000000000000000e-01,4.000000000000000222e-01,6.353921389000000142e-01,6.110850163000000057e-01
3.100000000000000000e+07,6.000000000000000000e+02,5.000000000000000000e-01,4.000000000000000222e-01,6.355734731000000082e-01,6.115950233000000402e-01
3.300000000000000000e+07,6.000000000000000000e+02,5.000000000000000000e-01,4.000000000000000222e-01,6.357349177000000129e-01,6.120424624000000424e-01
3.500000000000000000e+07,6.000000000000000000e+02,5.000000000000000000e-01,4.000000000000000222e-01,6.358797855000000165e-01,6.124380023000000062e-01
3.700000000000000000e+07,6.000000000000000000e+02,5.000000000000000000e-01,4.000000000000000222e-01,6.360106827999999490e-01,6.127900238000000277e-01
3.900000000000000000e+07,6.000000000000000000e+02,5.000000000000000000e-01,4.000000000000000222e-01,6.361296898999999616e-01,6.131052005999999555e-01
4.100000000000000000e+07,6.000000000000000000e+02,5.000000000000000000e-01,4.000000000000000222e-01,6.362384873999999968e-01,6.133889130999999884e-01
4.300000000000000000e+07,6.000000000000000000e+02,5.000000000000000000e-01,4.000000000000000222e-01,6.363384483999999786e-01,6.136455464000000193e-01
4.500000000000000000e+07,6.000000000000000000e+02,5.000000000000000000e-01,4.000000000000000222e-01,6.364307064999999985e-01,6.138787100999999469e-01
4.700000000000000000e+07,6.000000000000000000e+02,5.000000000000000000e-01,4.000000000000000222e-01,6.365162054999999874e-01,6.140914025000000498e-01
4.900000000000000000e+07,6.000000000000000000e+02,5.000000000000000000e-01,4.000000000000000222e-01,6.365957385999999607e-01,6.142861342000000002e-01
5.100000000000000000e+07,6.000000000000000000e+02,5.000000000000000000e-01,4.000000000000000222e-01,6.366699767000000287e-01,6.144650233999999767e-01
5.300000000000000000e+07,6.000000000000000000e+02,5.000000000000000000e-01,4.000000000000000222e-01,6.367394915999999849e-01,6.146298693999999729e-01
5.500000000000000000e+07,6.000000000000000000e+02,5.000000000000000000e-01,4.000000000000000222e-01,6.368047741000000261e-01,6.147822107999999508e-01
5.700000000000000000e+07,6.000000000000000000e+02,5.000000000000000000e-01,4.000000000000000222e-01,6.368662472999999657e-01,6.149233702999999940e-01
5.900000000000000000e+07,6.000000000000000000e+02,5.000000000000000000e-01,4.000000000000000222e-01,6.369242786000000045e-01,6.150544917000000389e-01
6.100000000000000000e+07,6.000000000000000000e+02,5.000000000000000000e-01,4.000000000000000222e-01,6.369791881999999905e-01,6.151765690999999592e-01
6.300000000000000000e+07,6.000000000000000000e+02,5.000000000000000000e-01,4.000000000000000222e-01,6.370312567999999454e-01,6.152904700000000338e-01
6.500000000000000000e+07,6.000000000000000000e+02,5.000000000000000000e-01,4.000000000000000222e-01,6.370807314999999971e-01,6.153969556999999702e-01
6.700000000000000000e+07,6.000000000000000000e+02,5.000000000000000000e-01,4.000000000000000222e-01,6.371278306000000002e-01,6.154966961000000181e-01
6.900000000000000000e+07,6.000000000000000000e+02,5.000000000000000000e-01,4.000000000000000222e-01,6.371727480000000110e-01,6.155902837000000183e-01
7.100000000000000000e+07,6.000000000000000000e+02,5.000000000000000000e-01,4.000000000000000222e-01,6.372156561999999802e-01,6.156782439000000329e-01
7.300000000000000000e+07,6.000000000000000000e+02,5.000000000000000000e-01,4.000000000000000222e-01,6.372567094000000099e-01,6.157610447000000375e-01
7.500000000000000000e+07,6.000000000000000000e+02,5.000000000000000000e-01,4.000000000000000222e-01,6.372960461000000132e-01,6.158391036999999457e-01
7.700000000000000000e+07,6.000000000000000000e+02,5.000000000000000000e-01,4.000000000000000222e-01,6.373337905999999498e-01,6.159127954999999988e-01
7.900000000000000000e+07,6.000000000000000000e+02,5.000000000000000000e-01,4.000000000000000222e-01,6.373700552000000075e-01,6.159824563000000364e-01
8.100000000000000000e+07,6.000000000000000000e+02,5.000000000000000000e-01,4.000000000000000222e-01,6.374049414000000358e-01,6.160483890000000295e-01
8.300000000000000000e+07,6.000000000000000000e+02,5.000000000000000000e-01,4.000000000000000222e-01,6.374385414000000027e-01,6.161108673999999841e-01
8.500000000000000000e+07,6.000000000000000000e+02,5.000000000000000000e-01,4.000000000000000222e-01,6.374709387000000449e-01,6.161701392999999749e-01
8.700000000000000000e+07,6.000000000000000000e+02,5.000000000000000000e-01,4.000000000000000222e-01,6.375022098999999498e-01,6.162264295999999586e-01
8.900000000000000000e+07,6.000000000000000000e+02,5.000000000000000000e-01,4.000000000000000222e-01,6.375324246000000361e-01,6.162799428999999884e-01
9.100000000000000000e+07,6.000000000000000000e+02,5.000000000000000000e-01,4.000000000000000222e-01,6.375616467000000398e-01,6.163308657999999607e-01
9.300000000000000000e+07,6.000000000000000000e+02,5.000000000000000000e-01,4.000000000000000222e-01,6.375899348000000355e-01,6.163793685999999772e-01
9.500000000000000000e+07,6.000000000000000000e+02,5.000000000000000000e-01,4.000000000000000222e-01,6.376173426000000255e-01,6.164256072999999558e-01
9.700000000000000000e+07,6.000000000000000000e+02,5.000000000000000000e-01,4.000000000000000222e-01,6.376439199000000224e-01,6.164697248999999601e-01
9.900000000000000000e+07,6.000000000000000000e+02,5.000000000000000000e-01,4.000000000000000222e-01,6.376697123000000245e-01,6.165118528999999903e-01
1.000000000000000000e+07,6.000000000000000000e+02,5.000000000000000000e-01,4.000000000000000222e-01,6.305109227999999844e-01,5.961509189999999458e-01
3.000000000000000000e+07,6.000000000000000000e+02,5.000000000000000000e-01,4.000000000000000222e-01,6.354855330999999996e-01,6.113486176000000327e-01
5.000000000000000000e+07,6.000000000000000000e+02,5.000000000000000000e-01,4.000000000000000222e-01,6.366334817000000035e-01,6.143774399000000441e-01
7.000000000000000000e+07,6.000000000000000000e+02,5.000000000000000000e-01,4.000000000000000222e-01,6.371944431999999603e-01,6.156349367000000239e-01
9.000000000000000000e+07,6.000000000000000000e+02,5.000000000000000000e-01,4.000000000000000222e-01,6.375471560000000038e-01,6.163057172000000472e-01
1.000000000000000000e+08,6.000000000000000000e+02,5.000000000000000000e-01,4.000000000000000222e-01,6.376823274999999791e-01,6.165322089000000449e-01
