# pressure,temperature,f1,f2,molkg1,molkg2
1.000000000000000000e+00,6.000000000000000000e+02,2.000000000000000111e-01,6.999999999999999556e-01,2.538538930999999794e-06,2.953255273999999919e-06
3.000000000000000000e+00,6.000000000000000000e+02,2.000000000000000111e-01,6.999999999999999556e-01,7.615519896999999834e-06,8.859653865999999367e-06
5.000000000000000000e+00,6.000000000000000000e+02,2.000000000000000111e-01,6.999999999999999556e-01,1.269237167999999957e-05,1.476590319000000029e-05
7.000000000000000000e+00,6.000000000000000000e+02,2.000000000000000111e-01,6.999999999999999556e-01,1.776909427000000129e-05,2.067200324999999848e-05
9.000000000000000000e+00,6.000000000000000000e+02,2.000000000000000111e-01,6.999999999999999556e-01,2.284568769999999950e-05,2.657795405999999842e-05
1.100000000000000000e+01,6.000000000000000000e+02,2.000000000000000111e-01,6.999999999999999556e-01,2.792215197000000098e-05,3.248375562999999825e-05
1.300000000000000000e+01,6.000000000000000000e+02,2.000000000000000111e-01,6.999999999999999556e-01,3.299848708000000235e-05,3.838940795000000153e-05
1.500000000000000000e+01,6.000000000000000000e+02,2.000000000000000111e-01,6.999999999999999556e-01,3.807469303999999664e-05,4.429491105000000096e-05
1.700000000000000000e+01,6.000000000000000000e+02,2.000000000000000111e-01,6.999999999999999556e-01,4.315076986999999707e-05,5.020026492000000009e-05
1.900000000000000000e+01,6.000000000000000000e+02,2.000000000000000111e-01,6.999999999999999556e-01,4.822671756999999686e-05,5.610546957999999859e-05
2.100000000000000000e+01,6.000000000000000000e+02,2.000000000000000111e-01,6.999999999999999556e-01,5.330253614999999921e-05,6.201052501999999324e-05
2.300000000000000000e+01,6.000000000000000000e+02,2.000000000000000111e-01,6.999999999999999556e-01,5.837822562000000056e-05,6.791543126999999367e-05
2.500000000000000000e+01,6.000000000000000000e+02,2.000000000000000111e-01,6.999999999999999556e-01,6.345378598000000093e-05,7.382018831999999668e-05
2.700000000000000000e+01,6.000000000000000000e+02,2.000000000000000111e-01,6.999999999999999556e-01,6.852921725000000672e-05,7.972479618000000547e-05
2.900000000000000000e+01,6.000000000000000000e+02,2.000000000000000111e-01,6.999999999999999556e-01,7.360451942999999761e-05,8.562925486999999937e-05
3.100000000000000000e+01,6.000000000000000000e+02,2.000000000000000111e-01,6.999999999999999556e-01,7.867969253999999358e-05,9.153356438000000226e-05
3.300000000000000000e+01,6.000000000000000000e+02,2.000000000000000111e-01,6.999999999999999556e-01,8.375473657000000497e-05,9.743772472999999348e-05
3.500000000000000000e+01,6.000000000000000000e+02,2.000000000000000111e-01,6.999999999999999556e-01,8.882965153999999755e-05,1.033417358999999937e-04
3.700000000000000000e+01,6.000000000000000000e+02,2.000000000000000111e-01,6.999999999999999556e-01,9.390443746000000163e-05,1.092455979999999976e-04
3.900000000000000000e+01,6.000000000000000000e+02,2.000000000000000111e-01,6.999999999999999556e-01,9.897909433000000366e-05,1.151493109000000040e-04
4.100000000000000000e+01,6.000000000000000000e+02,2.000000000000000111e-01,6.999999999999999556e-01,1.040536222000000062e-04,1.210528745999999995e-04
4.300000000000000000e+01,6.000000000000000000e+02,2.000000000000000111e-01,6.999999999999999556e-01,1.091280210000000002e-04,1.269562893000000076e-04
4.500000000000000000e+01,6.000000000000000000e+02,2.000000000000000111e-01,6.999999999999999556e-01,1.142022907999999947e-04,1.328595548000000048e-04
4.700000000000000000e+01,6.000000000000000000e+02,2.000000000000000111e-01,6.999999999999999556e-01,1.192764316000000032e-04,1.387626711999999959e-04
4.900000000000000000e+01,6.000000000000000000e+02,2.000000000000000111e-01,6.999999999999999556e-01,1.243504432999999936e-04,1.446656385000000082e-04
5.100000000000000000e+01,6.000000000000000000e+02,2.000000000000000111e-01,6.999999999999999556e-01,1.294243261000000030e-04,1.505684566999999875e-04
5.300000000000000000e+01,6.000000000000000000e+02,2.000000000000000111e-01,6.999999999999999556e-01,1.344980799000000129e-04,1.564711257999999879e-04
5.500000000000000000e+01,6.000000000000000000e+02,2.000000000000000111e-01,6.999999999999999556e-01,1.395717046999999961e-04,1.623736458999999873e-04
5.700000000000000000e+01,6.000000000000000000e+02,2.000000000000000111e-01,6.999999999999999556e-01,1.446452006000000119e-04,1.682760168000000029e-04
5.900000000000000000e+01,6.000000000000000000e+02,2.000000000000000111e-01,6.999999999999999556e-01,1.497185675000000011e-04,1.741782386999999905e-04
6.100000000000000000e+01,6.000000000000000000e+02,2.000000000000000111e-01,6.999999999999999556e-01,1.547918053999999908e-04,1.800803114999999992e-04
6.300000000000000000e+01,6.000000000000000000e+02,2.000000000000000111e-01,6.999999999999999556e-01,1.598649144000000130e-04,1.859822353000000069e-04
6.500000000000000000e+01,6.000000000000000000e+02,2.000000000000000111e-01,6.999999999999999556e-01,1.649378944999999866e-04,1.918840100000000087e-04
6.700000000000000000e+01,6.000000000000000000e+02,2.000000000000000111e-01,6.999999999999999556e-01,1.700107455999999876e-04,1.977856357000000096e-04
6.900000000000000000e+01,6.000000000000000000e+02,2.000000000000000111e-01,6.999999999999999556e-01,1.750834677999999942e-04,2.036871124000000095e-04
7.100000000000000000e+01,6.000000000000000000e+02,2.000000000000000111e-01,6.999999999999999556e-01,1.801560611000000063e-04,2.095884400000000035e-04
7.300000000000000000e+01,6.000000000000000000e+02,2.000000000000000111e-01,6.999999999999999556e-01,1.852285254999999967e-04,2.154896185999999965e-04
7.500000000000000000e+01,6.000000000000000000e+02,2.000000000000000111e-01,6.999999999999999556e-01,1.903008609999999926e-04,2.213906482999999936e-04
7.700000000000000000e+01,6.000000000000000000e+02,2.000000000000000111e-01,6.999999999999999556e-01,1.953730676999999990e-04,2.272915289000000119e-04
7.900000000000000000e+01,6.000000000000000000e+02,2.000000000000000111e-01,6.999999999999999556e-01,2.004451454000000059e-04,2.331922605000000021e-04
8.100000000000000000e+01,6.000000000000000000e+02,2.000000000000000111e-01,6.999999999999999556e-01,2.055170942999999962e-04,2.390928430999999914e-04
8.300000000000000000e+01,6.000000000000000000e+02,2.000000000000000111e-01,6.999999999999999556e-01,2.105889142999999920e-04,2.449932768000000118e-04
8.500000000000000000e+01,6.000000000000000000e+02,2.000000000000000111e-01,6.999999999999999556e-01,2.156606054999999982e-04,2.508935614000000263e-04
8.700000000000000000e+01,6.000000000000000000e+02,2.000000000000000111e-01,6.999999999999999556e-01,2.207321678000000100e-04,2.567936971999999957e-04
8.900000000000000000e+01,6.000000000000000000e+02,2.000000000000000111e-01,6.999999999999999556e-01,2.258036013000000051e-04,2.626936838999999863e-04
9.100000000000000000e+01,6.000000000000000000e+02,2.000000000000000111e-01,6.999999999999999556e-01,2.308749060000000108e-04,2.685935217000000081e-04
9.300000000000000000e+01,6.000000000000000000e+02,2.000000000000000111e-01,6.999999999999999556e-01,2.359460817999999948e-04,2.744932106000000068e-04
9.500000000000000000e+01,6.000000000000000000e+02,2.000000000000000111e-01,6.999999999999999556e-01,2.410171287999999894e-04,2.803927505000000046e-04
9.700000000000000000e+01,6.000000000000000000e+02,2.000000000000000111e-01,6.999999999999999556e-01,2.460880470999999995e-04,2.862921414999999793e-04
9.900000000000000000e+01,6.000000000000000000e+02,2.000000000000000111e-01,6.999999999999999556e-01,2.511588364999999879e-04,2.921913835999999853e-04
1.000000000000000000e+01,6.000000000000000000e+02,2.000000000000000111e-01,6.999999999999999556e-01,2.538393598000000153e-05,2.953087349999999962e-05
3.000000000000000000e+01,6.000000000000000000e+02,2.000000000000000111e-01,6.999999999999999556e-01,7.614212212000000214e-05,8.858142827000000058e-05
5.000000000000000000e+01,6.000000000000000000e+02,2.000000000000000111e-01,6.999999999999999556e-01,1.268874007999999936e-04,1.476170661999999967e-04
7.000000000000000000e+01,6.000000000000000000e+02,2.000000000000000111e-01,6.999999999999999556e-01,1.776197806000000116e-04,2.066377948000000053e-04
9.000000000000000000e+01,6.000000000000000000e+02,2.000000000000000111e-01,6.999999999999999556e-01,2.283392697000000008e-04,2.656436214000000096e-04
1.100000000000000000e+02,6.000000000000000000e+02,2.000000000000000111e-01,6.999999999999999556e-01,2.790458766999999863e-04,3.246345534000000016e-04
1.300000000000000000e+02,6.000000000000000000e+02,2.000000000000000111e-01,6.999999999999999556e-01,3.297396098999999785e-04,3.836105982999999785e-04
1.500000000000000000e+02,6.000000000000000000e+02,2.000000000000000111e-01,6.999999999999999556e-01,3.804204775999999876e-04,4.425717632999999766e-04
1.700000000000000000e+02,6.000000000000000000e+02,2.000000000000000111e-01,6.999999999999999556e-01,4.310884884000000116e-04,5.015180557999999881e-04
1.900000000000000000e+02,6.000000000000000000e+02,2.000000000000000111e-01,6.999999999999999556e-01,4.817436503999999965e-04,5.604494834000000149e-04
2.100000000000000000e+02,6.000000000000000000e+02,2.000000000000000111e-01,6.999999999999999556e-01,5.323859721999999947e-04,6.193660531999999530e-04
2.300000000000000000e+02,6.000000000000000000e+02,2.000000000000000111e-01,6.999999999999999556e-01,5.830154620999999622e-04,6.782677726999999891e-04
2.500000000000000000e+02,6.000000000000000000e+02,2.000000000000000111e-01,6.999999999999999556e-01,6.336321284000000177e-04,7.371546493000000070e-04
2.700000000000000000e+02,6.000000000000000000e+02,2.000000000000000111e-01,6.999999999999999556e-01,6.842359795000000407e-04,7.960266902000000429e-04
2.900000000000000000e+02,6.000000000000000000e+02,2.000000000000000111e-01,6.999999999999999556e-01,7.348270235999999553e-04,8.548839028999999584e-04
3.100000000000000000e+02,6.000000000000000000e+02,2.000000000000000111e-01,6.999999999999999556e-01,7.854052693000000305e-04,9.137262946999999847e-04
3.300000000000000000e+02,6.000000000000000000e+02,2.000000000000000111e-01,6.999999999999999556e-01,8.359707246000000177e-04,9.725538728000000495e-04
3.500000000000000000e+02,6.000000000000000000e+02,2.000000000000000111e-01,6.999999999999999556e-01,8.865233980999999690e-04,1.031366644999999948e-03
3.700000000000000000e+02,6.000000000000000000e+02,2.000000000000000111e-01,6.999999999999999556e-01,9.370632980000000254e-04,1.090164617999999936e-03
3.900000000000000000e+02,6.000000000000000000e+02,2.000000000000000111e-01,6.999999999999999556e-01,9.875904325000000022e-04,1.148947799000000049e-03
4.100000000000000000e+02,6.000000000000000000e+02,2.000000000000000111e-01,6.999999999999999556e-01,1.038104809999999996e-03,1.207716196000000039e-03
4.300000000000000000e+02,6.000000000000000000e+02,2.000000000000000111e-01,6.999999999999999556e-01,1.088606438999999973e-03,1.266469816000000094e-03
4.500000000000000000e+02,6.000000000000000000e+02,2.000000000000000111e-01,6.999999999999999556e-01,1.139095326999999902e-03,1.325208666999999965e-03
4.700000000000000000e+02,6.000000000000000000e+02,2.000000000000000111e-01,6.999999999999999556e-01,1.189571483999999962e-03,1.383932755000000063e-03
4.900000000000000000e+02,6.000000000000000000e+02,2.000000000000000111e-01,6.999999999999999556e-01,1.240034915999999911e-03,1.442642087999999921e-03
5.100000000000000000e+02,6.000000000000000000e+02,2.000000000000000111e-01,6.999999999999999556e-01,1.290485632999999925e-03,1.501336672999999946e-03
5.300000000000000000e+02,6.000000000000000000e+02,2.000000000000000111e-01,6.999999999999999556e-01,1.340923641999999978e-03,1.560016516999999893e-03
5.500000000000000000e+02,6.000000000000000000e+02,2.000000000000000111e-01,6.999999999999999556e-01,1.391348953000000029e-03,1.618681628999999941e-03
5.700000000000000000e+02,6.000000000000000000e+02,2.000000000000000111e-01,6.999999999999999556e-01,1.441761572000000054e-03,1.677332014000000072e-03
5.900000000000000000e+02,6.000000000000000000e+02,2.000000000000000111e-01,6.999999999999999556e-01,1.492161509000000013e-03,1.735967681000000033e-03
6.100000000000000000e+02,6.000000000000000000e+02,2.000000000000000111e-01,6.999999999999999556e-01,1.542548771000000095e-03,1.794588636000000017e-03
6.300000000000000000e+02,6.000000000000000000e+02,2.000000000000000111e-01,6.999999999999999556e-01,1.592923368000000043e-03,1.853194886999999990e-03
6.500000000000000000e+02,6.000000000000000000e+02,2.000000000000000111e-01,6.999999999999999556e-01,1.643285306000000050e-03,1.911786440999999927e-03
6.700000000000000000e+02,6.000000000000000000e+02,2.000000000000000111e-01,6.999999999999999556e-01,1.693634595000000076e-03,1.970363305999999794e-03
6.900000000000000000e+02,6.000000000000000000e+02,2.000000000000000111e-01,6.999999999999999556e-01,1.743971242000000093e-03,2.028925486999999788e-03
7.100000000000000000e+02,6.000000000000000000e+02,2.000000000000000111e-01,6.999999999999999556e-01,1.794295255000000070e-03,2.087472993999999870e-03
7.300000000000000000e+02,6.000000000000000000e+02,2.000000000000000111e-01,6.999999999999999556e-01,1.844606643999999965e-03,2.146005833000000015e-03
7.500000000000000000e+02,6.000000000000000000e+02,2.000000000000000111e-01,6.999999999999999556e-01,1.894905415999999969e-03,2.204524011000000196e-03
7.700000000000000000e+02,6.000000000000000000e+02,2.000000000000000111e-01,6.999999999999999556e-01,1.945191578000000053e-03,2.263027534999999951e-03
7.900000000000000000e+02,6.000000000000000000e+02,2.000000000000000111e-01,6.999999999999999556e-01,1.995465140999999956e-03,2.321516413000000115e-03
8.100000000000000000e+02,6.000000000000000000e+02,2.000000000000000111e-01,6.999999999999999556e-01,2.045726109999999875e-03,2.379990650999999797e-03
8.300000000000000000e+02,6.000000000000000000e+02,2.000000000000000111e-01,6.999999999999999556e-01,2.095974496000000201e-03,2.438450257999999829e-03
8.500000000000000000e+02,6.000000000000000000e+02,2.000000000000000111e-01,6.999999999999999556e-01,2.146210305000000040e-03,2.496895240000000186e-03
8.700000000000000000e+02,6.000000000000000000e+02,2.000000000000000111e-01,6.999999999999999556e-01,2.196433545999999792e-03,2.555325604999999969e-03
8.900000000000000000e+02,6.000000000000000000e+02,2.000000000000000111e-01,6.999999999999999556e-01,2.246644226999999858e-03,2.613741359000000021e-03
9.100000000000000000e+02,6.000000000000000000e+02,2.000000000000000111e-01,6.999999999999999556e-01,2.296842357000000202e-03,2.672142509999999877e-03
9.300000000000000000e+02,6.000000000000000000e+02,2.000000000000000111e-01,6.999999999999999556e-01,2.347027942999999929e-03,2.730529063999999947e-03
9.500000000000000000e+02,6.000000000000000000e+02,2.000000000000000111e-01,6.999999999999999556e-01,2.397200993999999870e-03,2.788901030000000194e-03
9.700000000000000000e+02,6.000000000000000000e+02,2.000000000000000111e-01,6.999999999999999556e-01,2.447361516999999997e-03,2.847258415000000157e-03
9.900000000000000000e+02,6.000000000000000000e+02,2.000000000000000111e-01,6.999999999999999556e-01,2.497509519999999844e-03,2.905601223999999816e-03
1.000000000000000000e+02,6.000000000000000000e+02,2.000000000000000111e-01,6.999999999999999556e-01,2.536941829999999742e-04,2.951409487999999892e-04
3.000000000000000000e+02,6.000000000000000000e+02,2.000000000000000111e-01,6.999999999999999556e-01,7.601177457000000536e-04,8.843069508999999761e-04
5.000000000000000000e+02,6.000000000000000000e+02,2.000000000000000111e-01,6.999999999999999556e-01,1.265261862999999968e-03,1.471991222999999944e-03
7.000000000000000000e+02,6.000000000000000000e+02,2.000000000000000111e-01,6.999999999999999556e-01,1.769134827000000063e-03,2.058201075000000088e-03
9.000000000000000000e+02,6.000000000000000000e+02,2.000000000000000111e-01,6.999999999999999556e-01,2.271744861000000049e-03,2.642943759000000031e-03
1.100000000000000000e+03,6.000000000000000000e+02,2.000000000000000111e-01,6.999999999999999556e-01,2.773100120000000085e-03,3.226226475999999840e-03
1.300000000000000000e+03,6.000000000000000000e+02,2.000000000000000111e-01,6.999999999999999556e-01,3.273208695999999928e-03,3.808056373000000012e-03
1.500000000000000000e+03,6.000000000000000000e+02,2.000000000000000111e-01,6.999999999999999556e-01,3.772078613000000042e-03,4.388440541000000403e-03
1.700000000000000000e+03,6.000000000000000000e+02,2.000000000000000111e-01,6.999999999999999556e-01,4.269717828000000291e-03,4.967386021000000200e-03
1.900000000000000000e+03,6.000000000000000000e+02,2.000000000000000111e-01,6.999999999999999556e-01,4.766134235999999920e-03,5.544899802000000100e-03
2.100000000000000000e+03,6.000000000000000000e+02,2.000000000000000111e-01,6.999999999999999556e-01,5.261335667000000167e-03,6.120988820000000143e-03
2.300000000000000000e+03,6.000000000000000000e+02,2.000000000000000111e-01,6.999999999999999556e-01,5.755329887000000359e-03,6.695659960000000140e-03
2.500000000000000000e+03,6.000000000000000000e+02,2.000000000000000111e-01,6.999999999999999556e-01,6.248124598000000078e-03,7.268920055999999671e-03
2.700000000000000000e+03,6.000000000000000000e+02,2.000000000000000111e-01,6.999999999999999556e-01,6.739727442000000013e-03,7.840775894000000246e-03
2.900000000000000000e+03,6.000000000000000000e+02,2.000000000000000111e-01,6.999999999999999556e-01,7.230145995999999811e-03,8.411234207999999241e-03
3.100000000000000000e+03,6.000000000000000000e+02,2.000000000000000111e-01,6.999999999999999556e-01,7.719387777999999790e-03,8.980301682999999868e-03
3.300000000000000000e+03,6.000000000000000000e+02,2.000000000000000111e-01,6.999999999999999556e-01,8.207460241999999656e-03,9.547984956000000328e-03
3.500000000000000000e+03,6.000000000000000000e+02,2.000000000000000111e-01,6.999999999999999556e-01,8.694370785000000643e-03,1.011429062000000073e-02
3.700000000000000000e+03,6.000000000000000000e+02,2.000000000000000111e-01,6.999999999999999556e-01,9.180126741999999895e-03,1.067922519999999972e-02
3.900000000000000000e+03,6.000000000000000000e+02,2.000000000000000111e-01,6.999999999999999556e-01,9.664735387999999136e-03,1.124279520999999990e-02
4.100000000000000000e+03,6.000000000000000000e+02,2.000000000000000111e-01,6.999999999999999556e-01,1.014820393999999945e-02,1.180500708000000072e-02
4.300000000000000000e+03,6.000000000000000000e+02,2.000000000000000111e-01,6.999999999999999556e-01,1.063053956000000085e-02,1.236586721999999999e-02
4.500000000000000000e+03,6.000000000000000000e+02,2.000000000000000111e-01,6.999999999999999556e-01,1.111174935000000009e-02,1.292538197999999923e-02
4.700000000000000000e+03,6.000000000000000000e+02,2.000000000000000111e-01,6.999999999999999556e-01,1.159184033999999947e-02,1.348355765999999928e-02
4.900000000000000000e+03,6.000000000000000000e+02,2.000000000000000111e-01,6.999999999999999556e-01,1.207081953000000048e-02,1.404040053999999933e-02
5.100000000000000000e+03,6.000000000000000000e+02,2.000000000000000111e-01,6.999999999999999556e-01,1.254869385000000059e-02,1.459591682000000064e-02
5.300000000000000000e+03,6.000000000000000000e+02,2.000000000000000111e-01,6.999999999999999556e-01,1.302547016999999925e-02,1.515011267999999932e-02
5.500000000000000000e+03,6.000000000000000000e+02,2.000000000000000111e-01,6.999999999999999556e-01,1.350115531000000042e-02,1.570299425000000124e-02
5.700000000000000000e+03,6.000000000000000000e+02,2.000000000000000111e-01,6.999999999999999556e-01,1.397575602000000056e-02,1.625456762000000027e-02
5.900000000000000000e+03,6.000000000000000000e+02,2.000000000000000111e-01,6.999999999999999556e-01,1.444927902999999965e-02,1.680483882999999831e-02
6.100000000000000000e+03,6.000000000000000000e+02,2.000000000000000111e-01,6.999999999999999556e-01,1.492173098999999975e-02,1.735381386999999831e-02
6.300000000000000000e+03,6.000000000000000000e+02,2.000000000000000111e-01,6.999999999999999556e-01,1.539311848999999968e-02,1.790149871000000156e-02
6.500000000000000000e+03,6.000000000000000000e+02,2.000000000000000111e-01,6.999999999999999556e-01,1.586344808999999925e-02,1.844789926000000094e-02
6.700000000000000000e+03,6.000000000000000000e+02,2.000000000000000111e-01,6.999999999999999556e-01,1.633272628000000115e-02,1.899302140000000069e-02
6.900000000000000000e+03,6.000000000000000000e+02,2.000000000000000111e-01,6.999999999999999556e-01,1.680095950000000046e-02,1.953687096000000095e-02
7.100000000000000000e+03,6.000000000000000000e+02,2.000000000000000111e-01,6.999999999999999556e-01,1.726815414999999937e-02,2.007945372000000117e-02
7.300000000000000000e+03,6.000000000000000000e+02,2.000000000000000111e-01,6.999999999999999556e-01,1.773431656000000120e-02,2.062077544999999998e-02
7.500000000000000000e+03,6.000000000000000000e+02,2.000000000000000111e-01,6.999999999999999556e-01,1.819945301999999904e-02,2.116084185000000062e-02
7.700000000000000000e+03,6.000000000000000000e+02,2.000000000000000111e-01,6.999999999999999556e-01,1.866356978000000000e-02,2.169965859000000039e-02
7.900000000000000000e+03,6.000000000000000000e+02,2.000000000000000111e-01,6.999999999999999556e-01,1.912667301999999847e-02,2.223723131000000103e-02
8.100000000000000000e+03,6.000000000000000000e+02,2.000000000000000111e-01,6.999999999999999556e-01,1.958876886999999858e-02,2.277356560000000016e-02
8.300000000000000000e+03,6.000000000000000000e+02,2.000000000000000111e-01,6.999999999999999556e-01,2.004986343999999934e-02,2.330866700999999902e-02
8.500000000000000000e+03,6.000000000000000000e+02,2.000000000000000111e-01,6.999999999999999556e-01,2.050996274999999924e-02,2.384254107000000067e-02
8.700000000000000000e+03,6.000000000000000000e+02,2.000000000000000111e-01,6.999999999999999556e-01,2.096907280999999942e-02,2.437519323999999890e-02
8.900000000000000000e+03,6.000000000000000000e+02,2.000000000000000111e-01,6.999999999999999556e-01,2.142719955000000134e-02,2.490662897000000056e-02
9.100000000000000000e+03,6.000000000000000000e+02,2.000000000000000111e-01,6.999999999999999556e-01,2.188434887000000051e-02,2.543685366999999878e-02
9.300000000000000000e+03,6.000000000000000000e+02,2.000000000000000111e-01,6.999999999999999556e-01,2.234052661999999870e-02,2.596587268999999906e-02
9.500000000000000000e+03,6.000000000000000000e+02,2.000000000000000111e-01,6.999999999999999556e-01,2.279573860000000049e-02,2.649369137999999999e-02
9.700000000000000000e+03,6.000000000000000000e+02,2.000000000000000111e-01,6.999999999999999556e-01,2.324999057000000022e-02,2.702031501000000044e-02
9.900000000000000000e+03,6.000000000000000000e+02,2.000000000000000111e-01,6.999999999999999556e-01,2.370328824999999931e-02,2.754574886000000014e-02
1.000000000000000000e+03,6.000000000000000000e+02,2.000000000000000111e-01,6.999999999999999556e-01,2.522578829999999866e-03,2.934767165999999788e-03
3.000000000000000000e+03,6.000000000000000000e+02,2.000000000000000111e-01,6.999999999999999556e-01,7.474913516000000237e-03,8.695941384000000635e-03
5.000000000000000000e+03,6.000000000000000000e+02,2.000000000000000111e-01,6.999999999999999556e-01,1.230989436999999943e-02,1.431832411000000076e-02
7.000000000000000000e+03,6.000000000000000000e+02,2.000000000000000111e-01,6.999999999999999556e-01,1.703468625000000014e-02,1.980832033000000034e-02
9.000000000000000000e+03,6.000000000000000000e+02,2.000000000000000111e-01,6.999999999999999556e-01,2.165589601999999905e-02,2.517189235999999983e-02
1.100000000000000000e+04,6.000000000000000000e+02,2.000000000000000111e-01,6.999999999999999556e-01,2.617961816999999844e-02,3.041459913000000084e-02
1.300000000000000000e+04,6.000000000000000000e+02,2.000000000000000111e-01,6.999999999999999556e-01,3.061147638999999962e-02,3.554163127999999949e-02
1.500000000000000000e+04,6.000000000000000000e+02,2.000000000000000111e-01,6.999999999999999556e-01,3.495666154999999692e-02,4.055784282000000213e-02
1.700000000000000000e+04,6.000000000000000000e+02,2.000000000000000111e-01,6.999999999999999556e-01,3.921996634000000231e-02,4.546777954000000288e-02
1.900000000000000000e+04,6.000000000000000000e+02,2.000000000000000111e-01,6.999999999999999556e-01,4.340581698999999849e-02,5.027570458999999770e-02
2.100000000000000000e+04,6.000000000000000000e+02,2.000000000000000111e-01,6.999999999999999556e-01,4.751830228000000073e-02,5.498562156999999700e-02
2.300000000000000000e+04,6.000000000000000000e+02,2.000000000000000111e-01,6.999999999999999556e-01,5.156120007000000033e-02,5.960129539000000309e-02
2.500000000000000000e+04,6.000000000000000000e+02,2.000000000000000111e-01,6.999999999999999556e-01,5.553800166000000260e-02,6.412627105000000272e-02
2.700000000000000000e+04,6.000000000000000000e+02,2.000000000000000111e-01,6.999999999999999556e-01,5.945193411000000011e-02,6.856389073999999417e-02
2.900000000000000000e+04,6.000000000000000000e+02,2.000000000000000111e-01,6.999999999999999556e-01,6.330598071000000104e-02,7.291730924000000558e-02
3.100000000000000000e+04,6.000000000000000000e+02,2.000000000000000111e-01,6.999999999999999556e-01,6.710289984999999457e-02,7.718950797000000141e-02
3.300000000000000000e+04,6.000000000000000000e+02,2.000000000000000111e-01,6.999999999999999556e-01,7.084524229999999978e-02,8.138330770000000436e-02
3.500000000000000000e+04,6.000000000000000000e+02,2.000000000000000111e-01,6.999999999999999556e-01,7.453536718000000616e-02,8.550138018000000284e-02
3.700000000000000000e+04,6.000000000000000000e+02,2.000000000000000111e-01,6.999999999999999556e-01,7.817545658999999758e-02,8.954625863000000019e-02
3.900000000000000000e+04,6.000000000000000000e+02,2.000000000000000111e-01,6.999999999999999556e-01,8.176752923999999756e-02,9.352034746000000009e-02
4.100000000000000000e+04,6.000000000000000000e+02,2.000000000000000111e-01,6.999999999999999556e-01,8.531345283999999807e-02,9.742593096000000397e-02
4.300000000000000000e+04,6.000000000000000000e+02,2.000000000000000111e-01,6.999999999999999556e-01,8.881495570000000339e-02,1.012651814999999955e-01
4.500000000000000000e+04,6.000000000000000000e+02,2.000000000000000111e-01,6.999999999999999556e-01,9.227363735000000677e-02,1.050401667000000067e-01
4.700000000000000000e+04,6.000000000000000000e+02,2.000000000000000111e-01,6.999999999999999556e-01,9.569097842000000298e-02,1.087528563000000059e-01
4.900000000000000000e+04,6.000000000000000000e+02,2.000000000000000111e-01,6.999999999999999556e-01,9.906834975000000654e-02,1.124051286000000011e-01
5.100000000000000000e+04,6.000000000000000000e+02,2.000000000000000111e-01,6.999999999999999556e-01,1.024070207999999982e-01,1.159987757000000008e-01
5.300000000000000000e+04,6.000000000000000000e+02,2.000000000000000111e-01,6.999999999999999556e-01,1.057081675999999998e-01,1.195355091000000064e-01
5.500000000000000000e+04,6.000000000000000000e+02,2.000000000000000111e-01,6.999999999999999556e-01,1.089728796000000027e-01,1.230169646000000006e-01
5.700000000000000000e+04,6.000000000000000000e+02,2.000000000000000111e-01,6.999999999999999556e-01,1.122021671999999942e-01,1.264447063999999954e-01
5.900000000000000000e+04,6.000000000000000000e+02,2.000000000000000111e-01,6.999999999999999556e-01,1.153969668000000004e-01,1.298202317000000106e-01
6.100000000000000000e+04,6.000000000000000000e+02,2.000000000000000111e-01,6.999999999999999556e-01,1.185581478999999938e-01,1.331449744000000046e-01
6.300000000000000000e+04,6.000000000000000000e+02,2.000000000000000111e-01,6.999999999999999556e-01,1.216865171999999967e-01,1.364203082999999872e-01
6.500000000000000000e+04,6.000000000000000000e+02,2.000000000000000111e-01,6.999999999999999556e-01,1.247828245999999947e-01,1.396475510000000086e-01
6.700000000000000000e+04,6.000000000000000000e+02,2.000000000000000111e-01,6.999999999999999556e-01,1.278477671999999898e-01,1.428279665999999948e-01
6.900000000000000000e+04,6.000000000000000000e+02,2.000000000000000111e-01,6.999999999999999556e-01,1.308819937000000044e-01,1.459627685999999869e-01
7.100000000000000000e+04,6.000000000000000000e+02,2.000000000000000111e-01,6.999999999999999556e-01,1.338861085999999978e-01,1.490531227000000125e-01
7.300000000000000000e+04,6.000000000000000000e+02,2.000000000000000111e-01,6.999999999999999556e-01,1.368606756999999896e-01,1.521001490999999983e-01
7.500000000000000000e+04,6.000000000000000000e+02,2.000000000000000111e-01,6.999999999999999556e-01,1.398062214999999942e-01,1.551049250000000046e-01
7.700000000000000000e+04,6.000000000000000000e+02,2.000000000000000111e-01,6.999999999999999556e-01,1.427232382999999993e-01,1.580684866000000022e-01
7.900000000000000000e+04,6.000000000000000000e+02,2.000000000000000111e-01,6.999999999999999556e-01,1.456121874999999899e-01,1.609918314999999878e-01
8.100000000000000000e+04,6.000000000000000000e+02,2.000000000000000111e-01,6.999999999999999556e-01,1.484735018999999989e-01,1.638759200999999888e-01
8.300000000000000000e+04,6.000000000000000000e+02,2.000000000000000111e-01,6.999999999999999556e-01,1.513075885000000065e-01,1.667216776999999872e-01
8.500000000000000000e+04,6.000000000000000000e+02,2.000000000000000111e-01,6.999999999999999556e-01,1.541148304999999941e-01,1.695299962000000049e-01
8.700000000000000000e+04,6.000000000000000000e+02,2.000000000000000111e-01,6.999999999999999556e-01,1.568955898999999932e-01,1.723017356000000055e-01
8.900000000000000000e+04,6.000000000000000000e+02,2.000000000000000111e-01,6.999999999999999556e-01,1.596502093000000122e-01,1.750377254000000105e-01
9.100000000000000000e+04,6.000000000000000000e+02,2.000000000000000111e-01,6.999999999999999556e-01,1.623790133999999941e-01,1.777387662999999896e-01
9.300000000000000000e+04,6.000000000000000000e+02,2.000000000000000111e-01,6.999999999999999556e-01,1.650823111999999981e-01,1.804056313000000078e-01
9.500000000000000000e+04,6.000000000000000000e+02,2.000000000000000111e-01,6.999999999999999556e-01,1.677603973000000026e-01,1.830390668999999915e-01
9.700000000000000000e+04,6.000000000000000000e+02,2.000000000000000111e-01,6.999999999999999556e-01,1.704135534000000007e-01,1.856397944000000022e-01
9.900000000000000000e+04,6.000000000000000000e+02,2.000000000000000111e-01,6.999999999999999556e-01,1.730420494999999892e-01,1.882085111000000033e-01
1.000000000000000000e+04,6.000000000000000000e+02,2.000000000000000111e-01,6.999999999999999556e-01,2.392958099000000102e-02,2.780802124999999861e-02
3.000000000000000000e+04,6.000000000000000000e+02,2.000000000000000111e-01,6.999999999999999556e-01,6.521141712000000368e-02,7.506338114999999700e-02
5.000000000000000000e+04,6.000000000000000000e+02,2.000000000000000111e-01,6.999999999999999556e-01,1.007424472000000015e-01,1.142091714999999980e-01
7.000000000000000000e+04,6.000000000000000000e+02,2.000000000000000111e-01,6.999999999999999556e-01,1.323877790000000110e-01,1.475134305999999951e-01
9.000000000000000000e+04,6.000000000000000000e+02,2.000000000000000111e-01,6.999999999999999556e-01,1.610178186000000011e-01,1.763925654999999870e-01
1.100000000000000000e+05,6.000000000000000000e+02,2.000000000000000111e-01,6.999999999999999556e-01,1.870691493999999955e-01,2.017933134999999878e-01
1.300000000000000000e+05,6.000000000000000000e+02,2.000000000000000111e-01,6.999999999999999556e-01,2.108049807000000053e-01,2.243798482000000094e-01
1.500000000000000000e+05,6.000000000000000000e+02,2.000000000000000111e-01,6.999999999999999556e-01,2.324297871000000071e-01,2.446363702999999890e-01
1.700000000000000000e+05,6.000000000000000000e+02,2.000000000000000111e-01,6.999999999999999556e-01,2.521324819999999911e-01,2.629278928000000071e-01
1.900000000000000000e+05,6.000000000000000000e+02,2.000000000000000111e-01,6.999999999999999556e-01,2.700971705999999917e-01,2.795379420999999920e-01
2.100000000000000000e+05,6.000000000000000000e+02,2.000000000000000111e-01,6.999999999999999556e-01,2.865016904000000086e-01,2.946925838000000186e-01
2.300000000000000000e+05,6.000000000000000000e+02,2.000000000000000111e-01,6.999999999999999556e-01,3.015133828000000071e-01,3.085760580999999947e-01
2.500000000000000000e+05,6.000000000000000000e+02,2.000000000000000111e-01,6.999999999999999556e-01,3.152857162000000102e-01,3.213411956000000180e-01
2.700000000000000000e+05,6.000000000000000000e+02,2.000000000000000111e-01,6.999999999999999556e-01,3.279566153999999845e-01,3.331165497999999947e-01
2.900000000000000000e+05,6.000000000000000000e+02,2.000000000000000111e-01,6.999999999999999556e-01,3.396482712000000181e-01,3.440114400000000017e-01
3.100000000000000000e+05,6.000000000000000000e+02,2.000000000000000111e-01,6.999999999999999556e-01,3.504679330000000093e-01,3.541196347000000189e-01
3.300000000000000000e+05,6.000000000000000000e+02,2.000000000000000111e-01,6.999999999999999556e-01,3.605092326000000069e-01,3.635221269000000199e-01
3.500000000000000000e+05,6.000000000000000000e+02,2.000000000000000111e-01,6.999999999999999556e-01,3.698537143000000249e-01,3.722892822000000157e-01
3.700000000000000000e+05,6.000000000000000000e+02,2.000000000000000111e-01,6.999999999999999556e-01,3.785723739999999893e-01,3.804825380999999895e-01
3.900000000000000000e+05,6.000000000000000000e+02,2.000000000000000111e-01,6.999999999999999556e-01,3.867270969000000114e-01,3.881557736999999841e-01
4.100000000000000000e+05,6.000000000000000000e+02,2.000000000000000111e-01,6.999999999999999556e-01,3.943719451000000098e-01,3.953564272999999796e-01
4.300000000000000000e+05,6.000000000000000000e+02,2.000000000000000111e-01,6.999999999999999556e-01,4.015542820999999929e-01,4.021264200999999927e-01
4.500000000000000000e+05,6.000000000000000000e+02,2.000000000000000111e-01,6.999999999999999556e-01,4.083157373999999895e-01,4.085029237999999729e-01
4.700000000000000000e+05,6.000000000000000000e+02,2.000000000000000111e-01,6.999999999999999556e-01,4.146930285000000049e-01,4.145190056999999983e-01
4.900000000000000000e+05,6.000000000000000000e+02,2.000000000000000111e-01,6.999999999999999556e-01,4.207186554999999828e-01,4.202041711999999762e-01
5.100000000000000000e+05,6.000000000000000000e+02,2.000000000000000111e-01,6.999999999999999556e-01,4.264214874000000211e-01,4.255848241999999892e-01
5.300000000000000000e+05,6.000000000000000000e+02,2.000000000000000111e-01,6.999999999999999556e-01,4.318272575000000058e-01,4.306846590000000252e-01
5.500000000000000000e+05,6.000000000000000000e+02,2.000000000000000111e-01,6.999999999999999556e-01,4.369589814000000016e-01,4.355249945999999928e-01
5.700000000000000000e+05,6.000000000000000000e+02,2.000000000000000111e-01,6.999999999999999556e-01,4.418373106999999855e-01,4.401250615999999782e-01
5.900000000000000000e+05,6.000000000000000000e+02,2.000000000000000111e-01,6.999999999999999556e-01,4.464808330999999741e-01,4.445022493999999935e-01
6.100000000000000000e+05,6.000000000000000000e+02,2.000000000000000111e-01,6.999999999999999556e-01,4.509063286000000170e-01,4.486723188000000251e-01
6.300000000000000000e+05,6.000000000000000000e+02,2.000000000000000111e-01,6.999999999999999556e-01,4.551289873000000097e-01,4.526495871999999809e-01
6.500000000000000000e+05,6.000000000000000000e+02,2.000000000000000111e-01,6.999999999999999556e-01,4.591625968999999974e-01,4.564470883000000256e-01
6.700000000000000000e+05,6.000000000000000000e+02,2.000000000000000111e-01,6.999999999999999556e-01,4.630197037000000071e-01,4.600767121000000071e-01
6.900000000000000000e+05,6.000000000000000000e+02,2.000000000000000111e-01,6.999999999999999556e-01,4.667117518000000187e-01,4.635493266999999862e-01
7.100000000000000000e+05,6.000000000000000000e+02,2.000000000000000111e-01,6.999999999999999556e-01,4.702492031000000128e-01,4.668748851999999783e-01
7.300000000000000000e+05,6.000000000000000000e+02,2.000000000000000111e-01,6.999999999999999556e-01,4.736416430000000011e-01,4.700625194999999978e-01
7.500000000000000000e+05,6.000000000000000000e+02,2.000000000000000111e-01,6.999999999999999556e-01,4.768978709000000205e-01,4.731206228000000014e-01
7.700000000000000000e+05,6.000000000000000000e+02,2.000000000000000111e-01,6.999999999999999556e-01,4.800259807999999739e-01,4.760569224999999793e-01
7.900000000000000000e+05,6.000000000000000000e+02,2.000000000000000111e-01,6.999999999999999556e-01,4.830334318000000238e-01,4.788785447999999723e-01
8.100000000000000000e+05,6.000000000000000000e+02,2.000000000000000111e-01,6.999999999999999556e-01,4.859271092999999930e-01,4.815920716000000046e-01
8.300000000000000000e+05,6.000000000000000000e+02,2.000000000000000111e-01,6.999999999999999556e-01,4.887133805000000164e-01,4.842035916999999912e-01
8.500000000000000000e+05,6.000000000000000000e+02,2.000000000000000111e-01,6.999999999999999556e-01,4.913981423000000071e-01,4.867187456000000023e-01
8.700000000000000000e+05,6.000000000000000000e+02,2.000000000000000111e-01,6.999999999999999556e-01,4.939868648999999889e-01,4.891427661000000149e-01
8.900000000000000000e+05,6.000000000000000000e+02,2.000000000000000111e-01,6.999999999999999556e-01,4.964846296000000048e-01,4.914805145000000208e-01
9.100000000000000000e+05,6.000000000000000000e+02,2.000000000000000111e-01,6.999999999999999556e-01,4.988961633999999812e-01,4.937365128000000269e-01
9.300000000000000000e+05,6.000000000000000000e+02,2.000000000000000111e-01,6.999999999999999556e-01,5.012258696000000402e-01,4.959149726000000036e-01
9.500000000000000000e+05,6.000000000000000000e+02,2.000000000000000111e-01,6.999999999999999556e-01,5.034778549999999742e-01,4.980198214000000068e-01
9.700000000000000000e+05,6.000000000000000000e+02,2.000000000000000111e-01,6.999999999999999556e-01,5.056559551999999513e-01,5.000547262000000215e-01
9.900000000000000000e+05,6.000000000000000000e+02,2.000000000000000111e-01,6.999999999999999556e-01,5.077637560000000105e-01,5.020231145000000339e-01
1.000000000000000000e+05,6.000000000000000000e+02,2.000000000000000111e-01,6.999999999999999556e-01,1.743471316000000104e-01,1.894810768999999895e-01
3.000000000000000000e+05,6.000000000000000000e+02,2.000000000000000111e-01,6.999999999999999556e-01,3.451609476999999981e-01,3.491585405000000031e-01
5.000000000000000000e+05,6.000000000000000000e+02,2.000000000000000111e-01,6.999999999999999556e-01,4.236087441999999981e-01,4.229310215000000039e-01
7.000000000000000000e+05,6.000000000000000000e+02,2.000000000000000111e-01,6.999999999999999556e-01,4.684991835000000271e-01,4.652298990000000023e-01
9.000000000000000000e+05,6.000000000000000000e+02,2.000000000000000111e-01,6.999999999999999556e-01,4.977008929000000248e-01,4.926184623000000040e-01
1.100000000000000000e+06,6.000000000000000000e+02,2.000000000000000111e-01,6.999999999999999556e-01,5.182400067000000332e-01,5.117939357999999883e-01
1.300000000000000000e+06,6.000000000000000000e+02,2.000000000000000111e-01,6.999999999999999556e-01,5.334785002999999914e-01,5.259678209999999465e-01
1.500000000000000000e+06,6.000000000000000000e+02,2.000000000000000111e-01,6.999999999999999556e-01,5.452352178999999577e-01,5.368708252999999653e-01
1.700000000000000000e+06,6.000000000000000000e+02,2.000000000000000111e-01,6.999999999999999556e-01,5.545816364000000220e-01,5.455178414000000364e-01
1.900000000000000000e+06,6.000000000000000000e+02,2.000000000000000111e-01,6.999999999999999556e-01,5.621903153999999736e-01,5.525432825999999631e-01
2.100000000000000000e+06,6.000000000000000000e+02,2.000000000000000111e-01,6.999999999999999556e-01,5.685048258999999549e-01,5.583640896999999548e-01
2.300000000000000000e+06,6.000000000000000000e+02,2.000000000000000111e-01,6.999999999999999556e-01,5.738295874000000074e-01,5.632655557000000313e-01
2.500000000000000000e+06,6.000000000000000000e+02,2.000000000000000111e-01,6.999999999999999556e-01,5.783804746999999802e-01,5.674494820000000050e-01
2.700000000000000000e+06,6.000000000000000000e+02,2.000000000000000111e-01,6.999999999999999556e-01,5.823148318999999962e-01,5.710626376999999865e-01
2.900000000000000000e+06,6.000000000000000000e+02,2.000000000000000111e-01,6.999999999999999556e-01,5.857500514000000269e-01,5.742143215999999661e-01
3.100000000000000000e+06,6.000000000000000000e+02,2.000000000000000111e-01,6.999999999999999556e-01,5.887754983999999858e-01,5.769876016999999635e-01
3.300000000000000000e+06,6.000000000000000000e+02,2.000000000000000111e-01,6.999999999999999556e-01,5.914604044000000282e-01,5.794467393000000133e-01
3.500000000000000000e+06,6.000000000000000000e+02,2.000000000000000111e-01,6.999999999999999556e-01,5.938592350000000408e-01,5.816422253999999903e-01
3.700000000000000000e+06,6.000000000000000000e+02,2.000000000000000111e-01,6.999999999999999556e-01,5.960154277000000445e-01,5.836142819999999842e-01
3.900000000000000000e+06,6.000000000000000000e+02,2.000000000000000111e-01,6.999999999999999556e-01,5.979640484999999561e-01,5.853953460999999914e-01
4.100000000000000000e+06,6.000000000000000000e+02,2.000000000000000111e-01,6.999999999999999556e-01,5.997337161000000361e-01,5.870118663000000181e-01
4.300000000000000000e+06,6.000000000000000000e+02,2.000000000000000111e-01,6.999999999999999556e-01,6.013480187999999949e-01,5.884856238000000239e-01
4.500000000000000000e+06,6.000000000000000000e+02,2.000000000000000111e-01,6.999999999999999556e-01,6.028265730999999850e-01,5.898347184000000132e-01
4.700000000000000000e+06,6.000000000000000000e+02,2.000000000000000111e-01,6.999999999999999556e-01,6.041858258000000204e-01,5.910743145000000309e-01
4.900000000000000000e+06,6.000000000000000000e+02,2.000000000000000111e-01,6.999999999999999556e-01,6.054396696999999605e-01,5.922172132999999894e-01
5.100000000000000000e+06,6.000000000000000000e+02,2.000000000000000111e-01,6.999999999999999556e-01,6.065999207000000171e-01,5.932742957000000095e-01
5.300000000000000000e+06,6.000000000000000000e+02,2.000000000000000111e-01,6.999999999999999556e-01,6.076766920999999710e-01,5.942548692000000354e-01
5.500000000000000000e+06,6.000000000000000000e+02,2.000000000000000111e-01,6.999999999999999556e-01,6.086786902999999915e-01,5.951669426000000263e-01
5.700000000000000000e+06,6.000000000000000000e+02,2.000000000000000111e-01,6.999999999999999556e-01,6.096134515000000142e-01,5.960174448999999708e-01
5.900000000000000000e+06,6.000000000000000000e+02,2.000000000000000111e-01,6.999999999999999556e-01,6.104875318000000384e-01,5.968124009999999924e-01
6.100000000000000000e+06,6.000000000000000000e+02,2.000000000000000111e-01,6.999999999999999556e-01,6.113066619000000479e-01,5.975570747999999766e-01
6.300000000000000000e+06,6.000000000000000000e+02,2.000000000000000111e-01,6.999999999999999556e-01,6.120758723000000456e-01,5.982560856999999954e-01
6.500000000000000000e+06,6.000000000000000000e+02,2.000000000000000111e-01,6.999999999999999556e-01,6.127995978000000399e-01,5.989135038999999772e-01
6.700000000000000000e+06,6.000000000000000000e+02,2.000000000000000111e-01,6.999999999999999556e-01,6.134817627999999967e-01,5.995329300999999722e-01
6.900000000000000000e+06,6.000000000000000000e+02,2.000000000000000111e-01,6.999999999999999556e-01,6.141258525999999662e-01,6.001175612000000381e-01
7.100000000000000000e+06,6.000000000000000000e+02,2.000000000000000111e-01,6.999999999999999556e-01,6.147349734999999482e-01,6.006702450999999998e-01
7.300000000000000000e+06,6.000000000000000000e+02,2.000000000000000111e-01,6.999999999999999556e-01,6.153119027000000241e-01,6.011935273999999829e-01
7.500000000000000000e+06,6.000000000000000000e+02,2.000000000000000111e-01,6.999999999999999556e-01,6.158591305999999710e-01,6.016896901999999603e-01
7.700000000000000000e+06,6.000000000000000000e+02,2.000000000000000111e-01,6.999999999999999556e-01,6.163788974999999670e-01,6.021607854999999621e-01
7.900000000000000000e+06,6.000000000000000000e+02,2.000000000000000111e-01,6.999999999999999556e-01,6.168732233000000509e-01,6.026086633999999664e-01
8.100000000000000000e+06,6.000000000000000000e+02,2.000000000000000111e-01,6.999999999999999556e-01,6.173439350999999631e-01,6.030349963000000146e-01
8.300000000000000000e+06,6.000000000000000000e+02,2.000000000000000111e-01,6.999999999999999556e-01,6.177926885000000201e-01,6.034412998999999500e-01
8.500000000000000000e+06,6.000000000000000000e+02,2.000000000000000111e-01,6.999999999999999556e-01,6.182209882000000434e-01,6.038289511000000109e-01
8.700000000000000000e+06,6.000000000000000000e+02,2.000000000000000111e-01,6.999999999999999556e-01,6.186302043000000417e-01,6.041992031999999790e-01
8.900000000000000000e+06,6.000000000000000000e+02,2.000000000000000111e-01,6.999999999999999556e-01,6.190215872000000008e-01,6.045531997999999962e-01
9.100000000000000000e+06,6.000000000000000000e+02,2.000000000000000111e-01,6.999999999999999556e-01,6.193962802000000378e-01,6.048919866999999950e-01
9.300000000000000000e+06,6.000000000000000000e+02,2.000000000000000111e-01,6.999999999999999556e-01,6.197553311000000287e-01,6.052165215999999459e-01
9.500000000000000000e+06,6.000000000000000000e+02,2.000000000000000111e-01,6.999999999999999556e-01,6.200997016000000528e-01,6.055276834999999691e-01
9.700000000000000000e+06,6.000000000000000000e+02,2.000000000000000111e-01,6.999999999999999556e-01,6.204302762000000193e-01,6.058262809000000138e-01
9.900000000000000000e+06,6.000000000000000000e+02,2.000000000000000111e-01,6.999999999999999556e-01,6.207478695999999463e-01,6.061130581000000461e-01
1.000000000000000000e+06,6.000000000000000000e+02,2.000000000000000111e-01,6.999999999999999556e-01,5.087923515000000174e-01,5.029833754000000434e-01
3.000000000000000000e+06,6.000000000000000000e+02,2.000000000000000111e-01,6.999999999999999556e-01,5.873092702000000109e-01,5.756438731999999892e-01
5.000000000000000000e+06,6.000000000000000000e+02,2.000000000000000111e-01,6.999999999999999556e-01,6.060308261000000307e-01,5.927558665000000060e-01
7.000000000000000000e+06,6.000000000000000000e+02,2.000000000000000111e-01,6.999999999999999556e-01,6.144346034000000012e-01,6.003977309000000373e-01
9.000000000000000000e+06,6.000000000000000000e+02,2.000000000000000111e-01,6.999999999999999556e-01,6.192109523000000060e-01,6.047244326999999808e-01
1.100000000000000000e+07,6.000000000000000000e+02,2.000000000000000111e-01,6.999999999999999556e-01,6.222935057999999797e-01,6.075072782999999532e-01
1.300000000000000000e+07,6.000000000000000000e+02,2.000000000000000111e-01,6.999999999999999556e-01,6.244487206000000068e-01,6.094466085999999949e-01
1.500000000000000000e+07,6.000000000000000000e+02,2.000000000000000111e-01,6.999999999999999556e-01,6.260411146000000038e-01,6.108748905999999979e-01
1.700000000000000000e+07,6.000000000000000000e+02,2.000000000000000111e-01,6.999999999999999556e-01,6.272662270000000095e-01,6.119702088999999789e-01
1.900000000000000000e+07,6.000000000000000000e+02,2.000000000000000111e-01,6.999999999999999556e-01,6.282383770999999673e-01,6.128365462999999513e-01
2.100000000000000000e+07,6.000000000000000000e+02,2.000000000000000111e-01,6.999999999999999556e-01,6.290288730999999967e-01,6.135386901999999587e-01
2.300000000000000000e+07,6.000000000000000000e+02,2.000000000000000111e-01,6.999999999999999556e-01,6.296845053999999831e-01,6.141191071999999584e-01
2.500000000000000000e+07,6.000000000000000000e+02,2.000000000000000111e-01,6.999999999999999556e-01,6.302372522000000421e-01,6.146067911999999467e-01
2.700000000000000000e+07,6.000000000000000000e+02,2.000000000000000111e-01,6.999999999999999556e-01,6.307097126999999803e-01,6.150222128000000232e-01
2.900000000000000000e+07,6.000000000000000000e+02,2.000000000000000111e-01,6.999999999999999556e-01,6.311183114999999733e-01,6.153802358000000083e-01
3.100000000000000000e+07,6.000000000000000000e+02,2.000000000000000111e-01,6.999999999999999556e-01,6.314752739000000226e-01,6.156919132000000516e-01
3.300000000000000000e+07,6.000000000000000000e+02,2.000000000000000111e-01,6.999999999999999556e-01,6.317898873999999720e-01,6.159656343999999617e-01
3.500000000000000000e+07,6.000000000000000000e+02,2.000000000000000111e-01,6.999999999999999556e-01,6.320693348999999461e-01,6.162078819999999846e-01
3.700000000000000000e+07,6.000000000000000000e+02,2.000000000000000111e-01,6.999999999999999556e-01,6.323192588999999586e-01,6.164237436999999709e-01
3.900000000000000000e+07,6.000000000000000000e+02,2.000000000000000111e-01,6.999999999999999556e-01,6.325441538999999613e-01,6.166172685999999903e-01
4.100000000000000000e+07,6.000000000000000000e+02,2.000000000000000111e-01,6.999999999999999556e-01,6.327476443999999756e-01,6.167917188000000550e-01
4.300000000000000000e+07,6.000000000000000000e+02,2.000000000000000111e-01,6.999999999999999556e-01,6.329326857999999500e-01,6.169497520000000179e-01
4.500000000000000000e+07,6.000000000000000000e+02,2.000000000000000111e-01,6.999999999999999556e-01,6.331017117999999666e-01,6.170935548999999520e-01
4.700000000000000000e+07,6.000000000000000000e+02,2.000000000000000111e-01,6.999999999999999556e-01,6.332567453999999874e-01,6.172249432999999952e-01
4.900000000000000000e+07,6.000000000000000000e+02,2.000000000000000111e-01,6.999999999999999556e-01,6.333994815000000278e-01,6.173454374000000300e-01
5.100000000000000000e+07,6.000000000000000000e+02,2.000000000000000111e-01,6.999999999999999556e-01,6.335313511000000286e-01,6.174563193000000005e-01
5.300000000000000000e+07,6.000000000000000000e+02,2.000000000000000111e-01,6.999999999999999556e-01,6.336535708999999628e-01,6.175586781999999886e-01
5.500000000000000000e+07,6.000000000000000000e+02,2.000000000000000111e-01,6.999999999999999556e-01,6.337671819000000317e-01,6.176534450999999759e-01
5.700000000000000000e+07,6.000000000000000000e+02,2.000000000000000111e-01,6.999999999999999556e-01,6.338730798999999694e-01,6.177414207000000435e-01
5.900000000000000000e+07,6.000000000000000000e+02,2.000000000000000111e-01,6.999999999999999556e-01,6.339720403999999920e-01,6.178232970999999463e-01
6.100000000000000000e+07,6.000000000000000000e+02,2.000000000000000111e-01,6.999999999999999556e-01,6.340647376000000390e-01,6.178996757000000395e-01
6.300000000000000000e+07,6.000000000000000000e+02,2.000000000000000111e-01,6.999999999999999556e-01,6.341517611000000443e-01,6.179710818000000438e-01
6.500000000000000000e+07,6.000000000000000000e+02,2.000000000000000111e-01,6.999999999999999556e-01,6.342336280999999465e-01,6.180379759999999889e-01
6.700000000000000000e+07,6.000000000000000000e+02,2.000000000000000111e-01,6.999999999999999556e-01,6.343107946999999580e-01,6.181007639000000164e-01
6.900000000000000000e+07,6.000000000000000000e+02,2.000000000000000111e-01,6.999999999999999556e-01,6.343836645999999524e-01,6.181598041000000432e-01
7.100000000000000000e+07,6.000000000000000000e+02,2.000000000000000111e-01,6.999999999999999556e-01,6.344525962000000519e-01,6.182154147999999738e-01
7.300000000000000000e+07,6.000000000000000000e+02,2.000000000000000111e-01,6.999999999999999556e-01,6.345179088000000300e-01,6.182678792000000367e-01
7.500000000000000000e+07,6.000000000000000000e+02,2.000000000000000111e-01,6.999999999999999556e-01,6.345798881999999974e-01,6.183174505999999848e-01
7.700000000000000000e+07,6.000000000000000000e+02,2.000000000000000111e-01,6.999999999999999556e-01,6.346387905999999468e-01,6.183643556000000263e-01
7.900000000000000000e+07,6.000000000000000000e+02,2.000000000000000111e-01,6.999999999999999556e-01,6.346948462999999485e-01,6.184087980000000373e-01
8.100000000000000000e+07,6.000000000000000000e+02,2.000000000000000111e-01,6.999999999999999556e-01,6.347482634000000123e-01,6.184509613999999988e-01
8.300000000000000000e+07,6.000000000000000000e+02,2.000000000000000111e-01,6.999999999999999556e-01,6.347992297000000228e-01,6.184910117999999901e-01
8.500000000000000000e+07,6.000000000000000000e+02,2.000000000000000111e-01,6.999999999999999556e-01,6.348479156999999873e-01,6.185290995000000125e-01
8.700000000000000000e+07,6.000000000000000000e+02,2.000000000000000111e-01,6.999999999999999556e-01,6.348944762999999547e-01,6.185653608000000192e-01
8.900000000000000000e+07,6.000000000000000000e+02,2.000000000000000111e-01,6.999999999999999556e-01,6.349390525000000451e-01,6.185999198999999615e-01
9.100000000000000000e+07,6.000000000000000000e+02,2.000000000000000111e-01,6.999999999999999556e-01,6.349817733000000519e-01,6.186328900999999991e-01
9.300000000000000000e+07,6.000000000000000000e+02,2.000000000000000111e-01,6.999999999999999556e-01,6.350227563000000464e-01,6.186643747000000193e-01
9.500000000000000000e+07,6.000000000000000000e+02,2.000000000000000111e-01,6.999999999999999556e-01,6.350621095999999799e-01,6.186944683999999750e-01
9.700000000000000000e+07,6.000000000000000000e+02,2.000000000000000111e-01,6.999999999999999556e-01,6.350999322999999475e-01,6.187232581999999592e-01
9.900000000000000000e+07,6.000000000000000000e+02,2.000000000000000111e-01,6.999999999999999556e-01,6.351363155000000482e-01,6.187508239000000243e-01
1.000000000000000000e+07,6.000000000000000000e+02,2.000000000000000111e-01,6.999999999999999556e-01,6.209020356000000129e-01,6.062522308000000137e-01
3.000000000000000000e+07,6.000000000000000000e+02,2.000000000000000111e-01,6.999999999999999556e-01,6.313026093000000394e-01,6.155412912000000070e-01
5.000000000000000000e+07,6.000000000000000000e+02,2.000000000000000111e-01,6.999999999999999556e-01,6.334666941000000051e-01,6.174020076999999773e-01
7.000000000000000000e+07,6.000000000000000000e+02,2.000000000000000111e-01,6.999999999999999556e-01,6.344186018999999899e-01,6.181880197000000354e-01
9.000000000000000000e+07,6.000000000000000000e+02,2.000000000000000111e-01,6.999999999999999556e-01,6.349606372999999637e-01,6.186165970000000458e-01
1.000000000000000000e+08,6.000000000000000000e+02,2.000000000000000111e-01,6.999999999999999556e-01,6.351539939000000468e-01,6.187641709000000212e-01
