# pressure,temperature,f1,f2,molkg1,molkg2
1.000000000000000000e+00,6.000000000000000000e+02,0.000000000000000000e+00,1.000000000000000000e+00,0.000000000000000000e+00,3.885864881000000331e-06
3.000000000000000000e+00,6.000000000000000000e+02,0.000000000000000000e+00,1.000000000000000000e+00,0.000000000000000000e+00,1.165746339999999999e-05
5.000000000000000000e+00,6.000000000000000000e+02,0.000000000000000000e+00,1.000000000000000000e+00,0.000000000000000000e+00,1.942888693999999839e-05
7.000000000000000000e+00,6.000000000000000000e+02,0.000000000000000000e+00,1.000000000000000000e+00,0.000000000000000000e+00,2.720013550000000113e-05
9.000000000000000000e+00,6.000000000000000000e+02,0.000000000000000000e+00,1.000000000000000000e+00,0.000000000000000000e+00,3.497120909000000127e-05
1.100000000000000000e+01,6.000000000000000000e+02,0.000000000000000000e+00,1.000000000000000000e+00,0.000000000000000000e+00,4.274210771000000220e-05
1.300000000000000000e+01,6.000000000000000000e+02,0.000000000000000000e+00,1.000000000000000000e+00,0.000000000000000000e+00,5.051283136999999696e-05
1.500000000000000000e+01,6.000000000000000000e+02,0.000000000000000000e+00,1.000000000000000000e+00,0.000000000000000000e+00,5.828338008000000231e-05
1.700000000000000000e+01,6.000000000000000000e+02,0.000000000000000000e+00,1.000000000000000000e+00,0.000000000000000000e+00,6.605375385000000115e-05
1.900000000000000000e+01,6.000000000000000000e+02,0.000000000000000000e+00,1.000000000000000000e+00,0.000000000000000000e+00,7.382395267000000380e-05
2.100000000000000000e+01,6.000000000000000000e+02,0.000000000000000000e+00,1.000000000000000000e+00,0.000000000000000000e+00,8.159397655000000672e-05
2.300000000000000000e+01,6.000000000000000000e+02,0.000000000000000000e+00,1.000000000000000000e+00,0.000000000000000000e+00,8.936382549999999955e-05
2.500000000000000000e+01,6.000000000000000000e+02,0.000000000000000000e+00,1.000000000000000000e+00,0.000000000000000000e+00,9.713349952999999906e-05
2.700000000000000000e+01,6.000000000000000000e+02,0.000000000000000000e+00,1.000000000000000000e+00,0.000000000000000000e+00,1.049029986000000060e-04
2.900000000000000000e+01,6.000000000000000000e+02,0.000000000000000000e+00,1.000000000000000000e+00,0.000000000000000000e+00,1.126723227999999950e-04
3.100000000000000000e+01,6.000000000000000000e+02,0.000000000000000000e+00,1.000000000000000000e+00,0.000000000000000000e+00,1.204414720999999970e-04
3.300000000000000000e+01,6.000000000000000000e+02,0.000000000000000000e+00,1.000000000000000000e+00,0.000000000000000000e+00,1.282104464999999987e-04
3.500000000000000000e+01,6.000000000000000000e+02,0.000000000000000000e+00,1.000000000000000000e+00,0.000000000000000000e+00,1.359792460000000135e-04
3.700000000000000000e+01,6.000000000000000000e+02,0.000000000000000000e+00,1.000000000000000000e+00,0.000000000000000000e+00,1.437478706000000007e-04
3.900000000000000000e+01,6.000000000000000000e+02,0.000000000000000000e+00,1.000000000000000000e+00,0.000000000000000000e+00,1.515163203999999925e-04
4.100000000000000000e+01,6.000000000000000000e+02,0.000000000000000000e+00,1.000000000000000000e+00,0.000000000000000000e+00,1.592845952000000059e-04
4.300000000000000000e+01,6.000000000000000000e+02,0.000000000000000000e+00,1.000000000000000000e+00,0.000000000000000000e+00,1.670526951999999968e-04
4.500000000000000000e+01,6.000000000000000000e+02,0.000000000000000000e+00,1.000000000000000000e+00,0.000000000000000000e+00,1.748206202999999872e-04
4.700000000000000000e+01,6.000000000000000000e+02,0.000000000000000000e+00,1.000000000000000000e+00,0.000000000000000000e+00,1.825883706000000094e-04
4.900000000000000000e+01,6.000000000000000000e+02,0.000000000000000000e+00,1.000000000000000000e+00,0.000000000000000000e+00,1.903559460000000040e-04
5.100000000000000000e+01,6.000000000000000000e+02,0.000000000000000000e+00,1.000000000000000000e+00,0.000000000000000000e+00,1.981233464999999981e-04
5.300000000000000000e+01,6.000000000000000000e+02,0.000000000000000000e+00,1.000000000000000000e+00,0.000000000000000000e+00,2.058905721999999968e-04
5.500000000000000000e+01,6.000000000000000000e+02,0.000000000000000000e+00,1.000000000000000000e+00,0.000000000000000000e+00,2.136576231000000001e-04
5.700000000000000000e+01,6.000000000000000000e+02,0.000000000000000000e+00,1.000000000000000000e+00,0.000000000000000000e+00,2.214244991000000030e-04
5.900000000000000000e+01,6.000000000000000000e+02,0.000000000000000000e+00,1.000000000000000000e+00,0.000000000000000000e+00,2.291912003999999883e-04
6.100000000000000000e+01,6.000000000000000000e+02,0.000000000000000000e+00,1.000000000000000000e+00,0.000000000000000000e+00,2.369577268000000003e-04
6.300000000000000000e+01,6.000000000000000000e+02,0.000000000000000000e+00,1.000000000000000000e+00,0.000000000000000000e+00,2.447240784000000169e-04
6.500000000000000000e+01,6.000000000000000000e+02,0.000000000000000000e+00,1.000000000000000000e+00,0.000000000000000000e+00,2.524902551000000059e-04
6.700000000000000000e+01,6.000000000000000000e+02,0.000000000000000000e+00,1.000000000000000000e+00,0.000000000000000000e+00,2.602562570999999774e-04
6.900000000000000000e+01,6.000000000000000000e+02,0.000000000000000000e+00,1.000000000000000000e+00,0.000000000000000000e+00,2.680220843000000078e-04
7.100000000000000000e+01,6.000000000000000000e+02,0.000000000000000000e+00,1.000000000000000000e+00,0.000000000000000000e+00,2.757877366999999884e-04
7.300000000000000000e+01,6.000000000000000000e+02,0.000000000000000000e+00,1.000000000000000000e+00,0.000000000000000000e+00,2.835532142999999737e-04
7.500000000000000000e+01,6.000000000000000000e+02,0.000000000000000000e+00,1.000000000000000000e+00,0.000000000000000000e+00,2.913185171999999956e-04
7.700000000000000000e+01,6.000000000000000000e+02,0.000000000000000000e+00,1.000000000000000000e+00,0.000000000000000000e+00,2.990836453000000222e-04
7.900000000000000000e+01,6.000000000000000000e+02,0.000000000000000000e+00,1.000000000000000000e+00,0.000000000000000000e+00,3.068485985999999991e-04
8.100000000000000000e+01,6.000000000000000000e+02,0.000000000000000000e+00,1.000000000000000000e+00,0.000000000000000000e+00,3.146133770999999806e-04
8.300000000000000000e+01,6.000000000000000000e+02,0.000000000000000000e+00,1.000000000000000000e+00,0.000000000000000000e+00,3.223779808999999988e-04
8.500000000000000000e+01,6.000000000000000000e+02,0.000000000000000000e+00,1.000000000000000000e+00,0.000000000000000000e+00,3.301424099999999994e-04
8.700000000000000000e+01,6.000000000000000000e+02,0.000000000000000000e+00,1.000000000000000000e+00,0.000000000000000000e+00,3.379066643000000047e-04
8.900000000000000000e+01,6.000000000000000000e+02,0.000000000000000000e+00,1.000000000000000000e+00,0.000000000000000000e+00,3.456707438000000145e-04
9.100000000000000000e+01,6.000000000000000000e+02,0.000000000000000000e+00,1.000000000000000000e+00,0.000000000000000000e+00,3.534346486999999848e-04
9.300000000000000000e+01,6.000000000000000000e+02,0.000000000000000000e+00,1.000000000000000000e+00,0.000000000000000000e+00,3.611983788000000138e-04
9.500000000000000000e+01,6.000000000000000000e+02,0.000000000000000000e+00,1.000000000000000000e+00,0.000000000000000000e+00,3.689619342000000253e-04
9.700000000000000000e+01,6.000000000000000000e+02,0.000000000000000000e+00,1.000000000000000000e+00,0.000000000000000000e+00,3.767253149000000193e-04
9.900000000000000000e+01,6.000000000000000000e+02,0.000000000000000000e+00,1.000000000000000000e+00,0.000000000000000000e+00,3.844885208999999958e-04
1.000000000000000000e+01,6.000000000000000000e+02,0.000000000000000000e+00,1.000000000000000000e+00,0.000000000000000000e+00,3.885668027000000081e-05
3.000000000000000000e+01,6.000000000000000000e+02,0.000000000000000000e+00,1.000000000000000000e+00,0.000000000000000000e+00,1.165569193999999937e-04
5.000000000000000000e+01,6.000000000000000000e+02,0.000000000000000000e+00,1.000000000000000000e+00,0.000000000000000000e+00,1.942396680999999869e-04
7.000000000000000000e+01,6.000000000000000000e+02,0.000000000000000000e+00,1.000000000000000000e+00,0.000000000000000000e+00,2.719049323999999865e-04
9.000000000000000000e+01,6.000000000000000000e+02,0.000000000000000000e+00,1.000000000000000000e+00,0.000000000000000000e+00,3.495527181000000262e-04
1.100000000000000000e+02,6.000000000000000000e+02,0.000000000000000000e+00,1.000000000000000000e+00,0.000000000000000000e+00,4.271830311999999736e-04
1.300000000000000000e+02,6.000000000000000000e+02,0.000000000000000000e+00,1.000000000000000000e+00,0.000000000000000000e+00,5.047958775000000115e-04
1.500000000000000000e+02,6.000000000000000000e+02,0.000000000000000000e+00,1.000000000000000000e+00,0.000000000000000000e+00,5.823912629999999533e-04
1.700000000000000000e+02,6.000000000000000000e+02,0.000000000000000000e+00,1.000000000000000000e+00,0.000000000000000000e+00,6.599691936000000141e-04
1.900000000000000000e+02,6.000000000000000000e+02,0.000000000000000000e+00,1.000000000000000000e+00,0.000000000000000000e+00,7.375296750000000191e-04
2.100000000000000000e+02,6.000000000000000000e+02,0.000000000000000000e+00,1.000000000000000000e+00,0.000000000000000000e+00,8.150727133000000308e-04
2.300000000000000000e+02,6.000000000000000000e+02,0.000000000000000000e+00,1.000000000000000000e+00,0.000000000000000000e+00,8.925983142999999610e-04
2.500000000000000000e+02,6.000000000000000000e+02,0.000000000000000000e+00,1.000000000000000000e+00,0.000000000000000000e+00,9.701064838000000466e-04
2.700000000000000000e+02,6.000000000000000000e+02,0.000000000000000000e+00,1.000000000000000000e+00,0.000000000000000000e+00,1.047597227999999894e-03
2.900000000000000000e+02,6.000000000000000000e+02,0.000000000000000000e+00,1.000000000000000000e+00,0.000000000000000000e+00,1.125070551999999896e-03
3.100000000000000000e+02,6.000000000000000000e+02,0.000000000000000000e+00,1.000000000000000000e+00,0.000000000000000000e+00,1.202526463000000087e-03
3.300000000000000000e+02,6.000000000000000000e+02,0.000000000000000000e+00,1.000000000000000000e+00,0.000000000000000000e+00,1.279964965000000019e-03
3.500000000000000000e+02,6.000000000000000000e+02,0.000000000000000000e+00,1.000000000000000000e+00,0.000000000000000000e+00,1.357386066000000092e-03
3.700000000000000000e+02,6.000000000000000000e+02,0.000000000000000000e+00,1.000000000000000000e+00,0.000000000000000000e+00,1.434789770000000075e-03
3.900000000000000000e+02,6.000000000000000000e+02,0.000000000000000000e+00,1.000000000000000000e+00,0.000000000000000000e+00,1.512176083999999939e-03
4.100000000000000000e+02,6.000000000000000000e+02,0.000000000000000000e+00,1.000000000000000000e+00,0.000000000000000000e+00,1.589545014000000095e-03
4.300000000000000000e+02,6.000000000000000000e+02,0.000000000000000000e+00,1.000000000000000000e+00,0.000000000000000000e+00,1.666896565000000087e-03
4.500000000000000000e+02,6.000000000000000000e+02,0.000000000000000000e+00,1.000000000000000000e+00,0.000000000000000000e+00,1.744230742999999893e-03
4.700000000000000000e+02,6.000000000000000000e+02,0.000000000000000000e+00,1.000000000000000000e+00,0.000000000000000000e+00,1.821547553999999921e-03
4.900000000000000000e+02,6.000000000000000000e+02,0.000000000000000000e+00,1.000000000000000000e+00,0.000000000000000000e+00,1.898847004999999928e-03
5.100000000000000000e+02,6.000000000000000000e+02,0.000000000000000000e+00,1.000000000000000000e+00,0.000000000000000000e+00,1.976129100000000114e-03
5.300000000000000000e+02,6.000000000000000000e+02,0.000000000000000000e+00,1.000000000000000000e+00,0.000000000000000000e+00,2.053393844999999805e-03
5.500000000000000000e+02,6.000000000000000000e+02,0.000000000000000000e+00,1.000000000000000000e+00,0.000000000000000000e+00,2.130641246999999839e-03
5.700000000000000000e+02,6.000000000000000000e+02,0.000000000000000000e+00,1.000000000000000000e+00,0.000000000000000000e+00,2.207871312000000193e-03
5.900000000000000000e+02,6.000000000000000000e+02,0.000000000000000000e+00,1.000000000000000000e+00,0.000000000000000000e+00,2.285084043999999984e-03
6.100000000000000000e+02,6.000000000000000000e+02,0.000000000000000000e+00,1.000000000000000000e+00,0.000000000000000000e+00,2.362279451000000047e-03
6.300000000000000000e+02,6.000000000000000000e+02,0.000000000000000000e+00,1.000000000000000000e+00,0.000000000000000000e+00,2.439457537999999929e-03
6.500000000000000000e+02,6.000000000000000000e+02,0.000000000000000000e+00,1.000000000000000000e+00,0.000000000000000000e+00,2.516618310000000042e-03
6.700000000000000000e+02,6.000000000000000000e+02,0.000000000000000000e+00,1.000000000000000000e+00,0.000000000000000000e+00,2.593761772999999930e-03
6.900000000000000000e+02,6.000000000000000000e+02,0.000000000000000000e+00,1.000000000000000000e+00,0.000000000000000000e+00,2.670887933999999998e-03
7.100000000000000000e+02,6.000000000000000000e+02,0.000000000000000000e+00,1.000000000000000000e+00,0.000000000000000000e+00,2.747996797999999793e-03
7.300000000000000000e+02,6.000000000000000000e+02,0.000000000000000000e+00,1.000000000000000000e+00,0.000000000000000000e+00,2.825088371000000157e-03
7.500000000000000000e+02,6.000000000000000000e+02,0.000000000000000000e+00,1.000000000000000000e+00,0.000000000000000000e+00,2.902162658000000204e-03
7.700000000000000000e+02,6.000000000000000000e+02,0.000000000000000000e+00,1.000000000000000000e+00,0.000000000000000000e+00,2.979219666999999901e-03
7.900000000000000000e+02,6.000000000000000000e+02,0.000000000000000000e+00,1.000000000000000000e+00,0.000000000000000000e+00,3.056259401000000105e-03
8.100000000000000000e+02,6.000000000000000000e+02,0.000000000000000000e+00,1.000000000000000000e+00,0.000000000000000000e+00,3.133281867999999915e-03
8.300000000000000000e+02,6.000000000000000000e+02,0.000000000000000000e+00,1.000000000000000000e+00,0.000000000000000000e+00,3.210287073000000178e-03
8.500000000000000000e+02,6.000000000000000000e+02,0.000000000000000000e+00,1.000000000000000000e+00,0.000000000000000000e+00,3.287275021000000009e-03
8.700000000000000000e+02,6.000000000000000000e+02,0.000000000000000000e+00,1.000000000000000000e+00,0.000000000000000000e+00,3.364245718999999812e-03
8.900000000000000000e+02,6.000000000000000000e+02,0.000000000000000000e+00,1.000000000000000000e+00,0.000000000000000000e+00,3.441199172999999997e-03
9.100000000000000000e+02,6.000000000000000000e+02,0.000000000000000000e+00,1.000000000000000000e+00,0.000000000000000000e+00,3.518135388000000110e-03
9.300000000000000000e+02,6.000000000000000000e+02,0.000000000000000000e+00,1.000000000000000000e+00,0.000000000000000000e+00,3.595054369000000132e-03
9.500000000000000000e+02,6.000000000000000000e+02,0.000000000000000000e+00,1.000000000000000000e+00,0.000000000000000000e+00,3.671956124000000030e-03
9.700000000000000000e+02,6.000000000000000000e+02,0.000000000000000000e+00,1.000000000000000000e+00,0.000000000000000000e+00,3.748840656999999788e-03
9.900000000000000000e+02,6.000000000000000000e+02,0.000000000000000000e+00,1.000000000000000000e+00,0.000000000000000000e+00,3.825707973999999817e-03
1.000000000000000000e+02,6.000000000000000000e+02,0.000000000000000000e+00,1.000000000000000000e+00,0.000000000000000000e+00,3.883700583999999748e-04
3.000000000000000000e+02,6.000000000000000000e+02,0.000000000000000000e+00,1.000000000000000000e+00,0.000000000000000000e+00,1.163800684000000077e-03
5.000000000000000000e+02,6.000000000000000000e+02,0.000000000000000000e+00,1.000000000000000000e+00,0.000000000000000000e+00,1.937490221000000030e-03
7.000000000000000000e+02,6.000000000000000000e+02,0.000000000000000000e+00,1.000000000000000000e+00,0.000000000000000000e+00,2.709444528000000147e-03
9.000000000000000000e+02,6.000000000000000000e+02,0.000000000000000000e+00,1.000000000000000000e+00,0.000000000000000000e+00,3.479669434999999901e-03
1.100000000000000000e+03,6.000000000000000000e+02,0.000000000000000000e+00,1.000000000000000000e+00,0.000000000000000000e+00,4.248170746999999949e-03
1.300000000000000000e+03,6.000000000000000000e+02,0.000000000000000000e+00,1.000000000000000000e+00,0.000000000000000000e+00,5.014954244000000179e-03
1.500000000000000000e+03,6.000000000000000000e+02,0.000000000000000000e+00,1.000000000000000000e+00,0.000000000000000000e+00,5.780025678999999722e-03
1.700000000000000000e+03,6.000000000000000000e+02,0.000000000000000000e+00,1.000000000000000000e+00,0.000000000000000000e+00,6.543390779000000414e-03
1.900000000000000000e+03,6.000000000000000000e+02,0.000000000000000000e+00,1.000000000000000000e+00,0.000000000000000000e+00,7.305055246999999849e-03
2.100000000000000000e+03,6.000000000000000000e+02,0.000000000000000000e+00,1.000000000000000000e+00,0.000000000000000000e+00,8.065024759000000501e-03
2.300000000000000000e+03,6.000000000000000000e+02,0.000000000000000000e+00,1.000000000000000000e+00,0.000000000000000000e+00,8.823304965999999305e-03
2.500000000000000000e+03,6.000000000000000000e+02,0.000000000000000000e+00,1.000000000000000000e+00,0.000000000000000000e+00,9.579901494999999365e-03
2.700000000000000000e+03,6.000000000000000000e+02,0.000000000000000000e+00,1.000000000000000000e+00,0.000000000000000000e+00,1.033481995000000084e-02
2.900000000000000000e+03,6.000000000000000000e+02,0.000000000000000000e+00,1.000000000000000000e+00,0.000000000000000000e+00,1.108806589999999925e-02
3.100000000000000000e+03,6.000000000000000000e+02,0.000000000000000000e+00,1.000000000000000000e+00,0.000000000000000000e+00,1.183964491000000056e-02
3.300000000000000000e+03,6.000000000000000000e+02,0.000000000000000000e+00,1.000000000000000000e+00,0.000000000000000000e+00,1.258956248999999923e-02
3.500000000000000000e+03,6.000000000000000000e+02,0.000000000000000000e+00,1.000000000000000000e+00,0.000000000000000000e+00,1.333782415999999922e-02
3.700000000000000000e+03,6.000000000000000000e+02,0.000000000000000000e+00,1.000000000000000000e+00,0.000000000000000000e+00,1.408443537999999953e-02
3.900000000000000000e+03,6.000000000000000000e+02,0.000000000000000000e+00,1.000000000000000000e+00,0.000000000000000000e+00,1.482940163000000082e-02
4.100000000000000000e+03,6.000000000000000000e+02,0.000000000000000000e+00,1.000000000000000000e+00,0.000000000000000000e+00,1.557272831999999968e-02
4.300000000000000000e+03,6.000000000000000000e+02,0.000000000000000000e+00,1.000000000000000000e+00,0.000000000000000000e+00,1.631442086000000138e-02
4.500000000000000000e+03,6.000000000000000000e+02,0.000000000000000000e+00,1.000000000000000000e+00,0.000000000000000000e+00,1.705448462999999831e-02
4.700000000000000000e+03,6.000000000000000000e+02,0.000000000000000000e+00,1.000000000000000000e+00,0.000000000000000000e+00,1.779292500999999846e-02
4.900000000000000000e+03,6.000000000000000000e+02,0.000000000000000000e+00,1.000000000000000000e+00,0.000000000000000000e+00,1.852974731000000055e-02
5.100000000000000000e+03,6.000000000000000000e+02,0.000000000000000000e+00,1.000000000000000000e+00,0.000000000000000000e+00,1.926495686000000152e-02
5.300000000000000000e+03,6.000000000000000000e+02,0.000000000000000000e+00,1.000000000000000000e+00,0.000000000000000000e+00,1.999855893000000023e-02
5.500000000000000000e+03,6.000000000000000000e+02,0.000000000000000000e+00,1.000000000000000000e+00,0.000000000000000000e+00,2.073055881000000072e-02
5.700000000000000000e+03,6.000000000000000000e+02,0.000000000000000000e+00,1.000000000000000000e+00,0.000000000000000000e+00,2.146096172999999857e-02
5.900000000000000000e+03,6.000000000000000000e+02,0.000000000000000000e+00,1.000000000000000000e+00,0.000000000000000000e+00,2.218977290999999893e-02
6.100000000000000000e+03,6.000000000000000000e+02,0.000000000000000000e+00,1.000000000000000000e+00,0.000000000000000000e+00,2.291699754999999838e-02
6.300000000000000000e+03,6.000000000000000000e+02,0.000000000000000000e+00,1.000000000000000000e+00,0.000000000000000000e+00,2.364264082000000142e-02
6.500000000000000000e+03,6.000000000000000000e+02,0.000000000000000000e+00,1.000000000000000000e+00,0.000000000000000000e+00,2.436670788000000129e-02
6.700000000000000000e+03,6.000000000000000000e+02,0.000000000000000000e+00,1.000000000000000000e+00,0.000000000000000000e+00,2.508920385999999919e-02
6.900000000000000000e+03,6.000000000000000000e+02,0.000000000000000000e+00,1.000000000000000000e+00,0.000000000000000000e+00,2.581013386000000076e-02
7.100000000000000000e+03,6.000000000000000000e+02,0.000000000000000000e+00,1.000000000000000000e+00,0.000000000000000000e+00,2.652950297000000041e-02
7.300000000000000000e+03,6.000000000000000000e+02,0.000000000000000000e+00,1.000000000000000000e+00,0.000000000000000000e+00,2.724731626000000129e-02
7.500000000000000000e+03,6.000000000000000000e+02,0.000000000000000000e+00,1.000000000000000000e+00,0.000000000000000000e+00,2.796357877000000061e-02
7.700000000000000000e+03,6.000000000000000000e+02,0.000000000000000000e+00,1.000000000000000000e+00,0.000000000000000000e+00,2.867829549999999922e-02
7.900000000000000000e+03,6.000000000000000000e+02,0.000000000000000000e+00,1.000000000000000000e+00,0.000000000000000000e+00,2.939147148000000043e-02
8.100000000000000000e+03,6.000000000000000000e+02,0.000000000000000000e+00,1.000000000000000000e+00,0.000000000000000000e+00,3.010311166999999830e-02
8.300000000000000000e+03,6.000000000000000000e+02,0.000000000000000000e+00,1.000000000000000000e+00,0.000000000000000000e+00,3.081322101999999993e-02
8.500000000000000000e+03,6.000000000000000000e+02,0.000000000000000000e+00,1.000000000000000000e+00,0.000000000000000000e+00,3.152180446999999774e-02
8.700000000000000000e+03,6.000000000000000000e+02,0.000000000000000000e+00,1.000000000000000000e+00,0.000000000000000000e+00,3.222886694000000329e-02
8.900000000000000000e+03,6.000000000000000000e+02,0.000000000000000000e+00,1.000000000000000000e+00,0.000000000000000000e+00,3.293441332000000138e-02
9.100000000000000000e+03,6.000000000000000000e+02,0.000000000000000000e+00,1.000000000000000000e+00,0.000000000000000000e+00,3.363844846999999860e-02
9.300000000000000000e+03,6.000000000000000000e+02,0.000000000000000000e+00,1.000000000000000000e+00,0.000000000000000000e+00,3.434097725000000156e-02
9.500000000000000000e+03,6.000000000000000000e+02,0.000000000000000000e+00,1.000000000000000000e+00,0.000000000000000000e+00,3.504200449000000051e-02
9.700000000000000000e+03,6.000000000000000000e+02,0.000000000000000000e+00,1.000000000000000000e+00,0.000000000000000000e+00,3.574153499999999789e-02
9.900000000000000000e+03,6.000000000000000000e+02,0.000000000000000000e+00,1.000000000000000000e+00,0.000000000000000000e+00,3.643957354999999981e-02
1.000000000000000000e+03,6.000000000000000000e+02,0.000000000000000000e+00,1.000000000000000000e+00,0.000000000000000000e+00,3.864135178000000035e-03
3.000000000000000000e+03,6.000000000000000000e+02,0.000000000000000000e+00,1.000000000000000000e+00,0.000000000000000000e+00,1.146406342999999918e-02
5.000000000000000000e+03,6.000000000000000000e+02,0.000000000000000000e+00,1.000000000000000000e+00,0.000000000000000000e+00,1.889755334999999870e-02
7.000000000000000000e+03,6.000000000000000000e+02,0.000000000000000000e+00,1.000000000000000000e+00,0.000000000000000000e+00,2.617001320999999894e-02
9.000000000000000000e+03,6.000000000000000000e+02,0.000000000000000000e+00,1.000000000000000000e+00,0.000000000000000000e+00,3.328661950000000314e-02
1.100000000000000000e+04,6.000000000000000000e+02,0.000000000000000000e+00,1.000000000000000000e+00,0.000000000000000000e+00,4.025232915000000189e-02
1.300000000000000000e+04,6.000000000000000000e+02,0.000000000000000000e+00,1.000000000000000000e+00,0.000000000000000000e+00,4.707189110999999981e-02
1.500000000000000000e+04,6.000000000000000000e+02,0.000000000000000000e+00,1.000000000000000000e+00,0.000000000000000000e+00,5.374985713000000193e-02
1.700000000000000000e+04,6.000000000000000000e+02,0.000000000000000000e+00,1.000000000000000000e+00,0.000000000000000000e+00,6.029059188000000097e-02
1.900000000000000000e+04,6.000000000000000000e+02,0.000000000000000000e+00,1.000000000000000000e+00,0.000000000000000000e+00,6.669828244999999323e-02
2.100000000000000000e+04,6.000000000000000000e+02,0.000000000000000000e+00,1.000000000000000000e+00,0.000000000000000000e+00,7.297694731999999906e-02
2.300000000000000000e+04,6.000000000000000000e+02,0.000000000000000000e+00,1.000000000000000000e+00,0.000000000000000000e+00,7.913044476000000160e-02
2.500000000000000000e+04,6.000000000000000000e+02,0.000000000000000000e+00,1.000000000000000000e+00,0.000000000000000000e+00,8.516248072000000280e-02
2.700000000000000000e+04,6.000000000000000000e+02,0.000000000000000000e+00,1.000000000000000000e+00,0.000000000000000000e+00,9.107661626000000676e-02
2.900000000000000000e+04,6.000000000000000000e+02,0.000000000000000000e+00,1.000000000000000000e+00,0.000000000000000000e+00,9.687627460000000634e-02
3.100000000000000000e+04,6.000000000000000000e+02,0.000000000000000000e+00,1.000000000000000000e+00,0.000000000000000000e+00,1.025647477000000002e-01
3.300000000000000000e+04,6.000000000000000000e+02,0.000000000000000000e+00,1.000000000000000000e+00,0.000000000000000000e+00,1.081452024999999956e-01
3.500000000000000000e+04,6.000000000000000000e+02,0.000000000000000000e+00,1.000000000000000000e+00,0.000000000000000000e+00,1.136206869000000036e-01
3.700000000000000000e+04,6.000000000000000000e+02,0.000000000000000000e+00,1.000000000000000000e+00,0.000000000000000000e+00,1.189941349000000065e-01
3.900000000000000000e+04,6.000000000000000000e+02,0.000000000000000000e+00,1.000000000000000000e+00,0.000000000000000000e+00,1.242683725000000017e-01
4.100000000000000000e+04,6.000000000000000000e+02,0.000000000000000000e+00,1.000000000000000000e+00,0.000000000000000000e+00,1.294461222000000133e-01
4.300000000000000000e+04,6.000000000000000000e+02,0.000000000000000000e+00,1.000000000000000000e+00,0.000000000000000000e+00,1.345300076000000011e-01
4.500000000000000000e+04,6.000000000000000000e+02,0.000000000000000000e+00,1.000000000000000000e+00,0.000000000000000000e+00,1.395225582999999880e-01
4.700000000000000000e+04,6.000000000000000000e+02,0.000000000000000000e+00,1.000000000000000000e+00,0.000000000000000000e+00,1.444262137000000001e-01
4.900000000000000000e+04,6.000000000000000000e+02,0.000000000000000000e+00,1.000000000000000000e+00,0.000000000000000000e+00,1.492433270000000090e-01
5.100000000000000000e+04,6.000000000000000000e+02,0.000000000000000000e+00,1.000000000000000000e+00,0.000000000000000000e+00,1.539761692999999931e-01
5.300000000000000000e+04,6.000000000000000000e+02,0.000000000000000000e+00,1.000000000000000000e+00,0.000000000000000000e+00,1.586269327000000007e-01
5.500000000000000000e+04,6.000000000000000000e+02,0.000000000000000000e+00,1.000000000000000000e+00,0.000000000000000000e+00,1.631977340999999915e-01
5.700000000000000000e+04,6.000000000000000000e+02,0.000000000000000000e+00,1.000000000000000000e+00,0.000000000000000000e+00,1.676906180000000135e-01
5.900000000000000000e+04,6.000000000000000000e+02,0.000000000000000000e+00,1.000000000000000000e+00,0.000000000000000000e+00,1.721075601000000010e-01
6.100000000000000000e+04,6.000000000000000000e+02,0.000000000000000000e+00,1.000000000000000000e+00,0.000000000000000000e+00,1.764504695000000123e-01
6.300000000000000000e+04,6.000000000000000000e+02,0.000000000000000000e+00,1.000000000000000000e+00,0.000000000000000000e+00,1.807211921999999915e-01
6.500000000000000000e+04,6.000000000000000000e+02,0.000000000000000000e+00,1.000000000000000000e+00,0.000000000000000000e+00,1.849215130999999901e-01
6.700000000000000000e+04,6.000000000000000000e+02,0.000000000000000000e+00,1.000000000000000000e+00,0.000000000000000000e+00,1.890531588000000096e-01
6.900000000000000000e+04,6.000000000000000000e+02,0.000000000000000000e+00,1.000000000000000000e+00,0.000000000000000000e+00,1.931177998999999978e-01
7.100000000000000000e+04,6.000000000000000000e+02,0.000000000000000000e+00,1.000000000000000000e+00,0.000000000000000000e+00,1.971170533000000114e-01
7.300000000000000000e+04,6.000000000000000000e+02,0.000000000000000000e+00,1.000000000000000000e+00,0.000000000000000000e+00,2.010524841999999923e-01
7.500000000000000000e+04,6.000000000000000000e+02,0.000000000000000000e+00,1.000000000000000000e+00,0.000000000000000000e+00,2.049256081999999979e-01
7.700000000000000000e+04,6.000000000000000000e+02,0.000000000000000000e+00,1.000000000000000000e+00,0.000000000000000000e+00,2.087378934999999935e-01
7.900000000000000000e+04,6.000000000000000000e+02,0.000000000000000000e+00,1.000000000000000000e+00,0.000000000000000000e+00,2.124907624000000050e-01
8.100000000000000000e+04,6.000000000000000000e+02,0.000000000000000000e+00,1.000000000000000000e+00,0.000000000000000000e+00,2.161855931999999980e-01
8.300000000000000000e+04,6.000000000000000000e+02,0.000000000000000000e+00,1.000000000000000000e+00,0.000000000000000000e+00,2.198237218000000104e-01
8.500000000000000000e+04,6.000000000000000000e+02,0.000000000000000000e+00,1.000000000000000000e+00,0.000000000000000000e+00,2.234064436000000042e-01
8.700000000000000000e+04,6.000000000000000000e+02,0.000000000000000000e+00,1.000000000000000000e+00,0.000000000000000000e+00,2.269350148000000011e-01
8.900000000000000000e+04,6.000000000000000000e+02,0.000000000000000000e+00,1.000000000000000000e+00,0.000000000000000000e+00,2.304106538000000037e-01
9.100000000000000000e+04,6.000000000000000000e+02,0.000000000000000000e+00,1.000000000000000000e+00,0.000000000000000000e+00,2.338345427999999893e-01
9.300000000000000000e+04,6.000000000000000000e+02,0.000000000000000000e+00,1.000000000000000000e+00,0.000000000000000000e+00,2.372078290999999894e-01
9.500000000000000000e+04,6.000000000000000000e+02,0.000000000000000000e+00,1.000000000000000000e+00,0.000000000000000000e+00,2.405316262999999954e-01
9.700000000000000000e+04,6.000000000000000000e+02,0.000000000000000000e+00,1.000000000000000000e+00,0.000000000000000000e+00,2.438070153999999934e-01
9.900000000000000000e+04,6.000000000000000000e+02,0.000000000000000000e+00,1.000000000000000000e+00,0.000000000000000000e+00,2.470350464000000135e-01
1.000000000000000000e+04,6.000000000000000000e+02,0.000000000000000000e+00,1.000000000000000000e+00,0.000000000000000000e+00,3.678803484999999818e-02
3.000000000000000000e+04,6.000000000000000000e+02,0.000000000000000000e+00,1.000000000000000000e+00,0.000000000000000000e+00,9.973420852000000614e-02
5.000000000000000000e+04,6.000000000000000000e+02,0.000000000000000000e+00,1.000000000000000000e+00,0.000000000000000000e+00,1.516201432000000016e-01
7.000000000000000000e+04,6.000000000000000000e+02,0.000000000000000000e+00,1.000000000000000000e+00,0.000000000000000000e+00,1.951255010999999873e-01
9.000000000000000000e+04,6.000000000000000000e+02,0.000000000000000000e+00,1.000000000000000000e+00,0.000000000000000000e+00,2.321289945999999993e-01
1.100000000000000000e+05,6.000000000000000000e+02,0.000000000000000000e+00,1.000000000000000000e+00,0.000000000000000000e+00,2.639868340000000035e-01
1.300000000000000000e+05,6.000000000000000000e+02,0.000000000000000000e+00,1.000000000000000000e+00,0.000000000000000000e+00,2.917025646999999999e-01
1.500000000000000000e+05,6.000000000000000000e+02,0.000000000000000000e+00,1.000000000000000000e+00,0.000000000000000000e+00,3.160347023999999783e-01
1.700000000000000000e+05,6.000000000000000000e+02,0.000000000000000000e+00,1.000000000000000000e+00,0.000000000000000000e+00,3.375672149999999760e-01
1.900000000000000000e+05,6.000000000000000000e+02,0.000000000000000000e+00,1.000000000000000000e+00,0.000000000000000000e+00,3.567569993999999967e-01
2.100000000000000000e+05,6.000000000000000000e+02,0.000000000000000000e+00,1.000000000000000000e+00,0.000000000000000000e+00,3.739666617999999887e-01
2.300000000000000000e+05,6.000000000000000000e+02,0.000000000000000000e+00,1.000000000000000000e+00,0.000000000000000000e+00,3.894876475999999865e-01
2.500000000000000000e+05,6.000000000000000000e+02,0.000000000000000000e+00,1.000000000000000000e+00,0.000000000000000000e+00,4.035568816999999808e-01
2.700000000000000000e+05,6.000000000000000000e+02,0.000000000000000000e+00,1.000000000000000000e+00,0.000000000000000000e+00,4.163689479000000082e-01
2.900000000000000000e+05,6.000000000000000000e+02,0.000000000000000000e+00,1.000000000000000000e+00,0.000000000000000000e+00,4.280851426999999765e-01
3.100000000000000000e+05,6.000000000000000000e+02,0.000000000000000000e+00,1.000000000000000000e+00,0.000000000000000000e+00,4.388403014000000213e-01
3.300000000000000000e+05,6.000000000000000000e+02,0.000000000000000000e+00,1.000000000000000000e+00,0.000000000000000000e+00,4.487480108999999939e-01
3.500000000000000000e+05,6.000000000000000000e+02,0.000000000000000000e+00,1.000000000000000000e+00,0.000000000000000000e+00,4.579046363000000008e-01
3.700000000000000000e+05,6.000000000000000000e+02,0.000000000000000000e+00,1.000000000000000000e+00,0.000000000000000000e+00,4.663924658999999973e-01
3.900000000000000000e+05,6.000000000000000000e+02,0.000000000000000000e+00,1.000000000000000000e+00,0.000000000000000000e+00,4.742821910000000196e-01
4.100000000000000000e+05,6.000000000000000000e+02,0.000000000000000000e+00,1.000000000000000000e+00,0.000000000000000000e+00,4.816348790000000157e-01
4.300000000000000000e+05,6.000000000000000000e+02,0.000000000000000000e+00,1.000000000000000000e+00,0.000000000000000000e+00,4.885035577999999878e-01
4.500000000000000000e+05,6.000000000000000000e+02,0.000000000000000000e+00,1.000000000000000000e+00,0.000000000000000000e+00,4.949344960000000015e-01
4.700000000000000000e+05,6.000000000000000000e+02,0.000000000000000000e+00,1.000000000000000000e+00,0.000000000000000000e+00,5.009682474000000107e-01
4.900000000000000000e+05,6.000000000000000000e+02,0.000000000000000000e+00,1.000000000000000000e+00,0.000000000000000000e+00,5.066405059999999905e-01
5.100000000000000000e+05,6.000000000000000000e+02,0.000000000000000000e+00,1.000000000000000000e+00,0.000000000000000000e+00,5.119828135999999752e-01
5.300000000000000000e+05,6.000000000000000000e+02,0.000000000000000000e+00,1.000000000000000000e+00,0.000000000000000000e+00,5.170231460999999973e-01
5.500000000000000000e+05,6.000000000000000000e+02,0.000000000000000000e+00,1.000000000000000000e+00,0.000000000000000000e+00,5.217864033000000346e-01
5.700000000000000000e+05,6.000000000000000000e+02,0.000000000000000000e+00,1.000000000000000000e+00,0.000000000000000000e+00,5.262948212000000403e-01
5.900000000000000000e+05,6.000000000000000000e+02,0.000000000000000000e+00,1.000000000000000000e+00,0.000000000000000000e+00,5.305683182000000553e-01
6.100000000000000000e+05,6.000000000000000000e+02,0.000000000000000000e+00,1.000000000000000000e+00,0.000000000000000000e+00,5.346247896000000388e-01
6.300000000000000000e+05,6.000000000000000000e+02,0.000000000000000000e+00,1.000000000000000000e+00,0.000000000000000000e+00,5.384803580999999451e-01
6.500000000000000000e+05,6.000000000000000000e+02,0.000000000000000000e+00,1.000000000000000000e+00,0.000000000000000000e+00,5.421495882000000321e-01
6.700000000000000000e+05,6.000000000000000000e+02,0.000000000000000000e+00,1.000000000000000000e+00,0.000000000000000000e+00,5.456456696999999467e-01
6.900000000000000000e+05,6.000000000000000000e+02,0.000000000000000000e+00,1.000000000000000000e+00,0.000000000000000000e+00,5.489805760999999507e-01
7.100000000000000000e+05,6.000000000000000000e+02,0.000000000000000000e+00,1.000000000000000000e+00,0.000000000000000000e+00,5.521652019999999661e-01
7.300000000000000000e+05,6.000000000000000000e+02,0.000000000000000000e+00,1.000000000000000000e+00,0.000000000000000000e+00,5.552094817999999599e-01
7.500000000000000000e+05,6.000000000000000000e+02,0.000000000000000000e+00,1.000000000000000000e+00,0.000000000000000000e+00,5.581224928000000363e-01
7.700000000000000000e+05,6.000000000000000000e+02,0.000000000000000000e+00,1.000000000000000000e+00,0.000000000000000000e+00,5.609125463999999894e-01
7.900000000000000000e+05,6.000000000000000000e+02,0.000000000000000000e+00,1.000000000000000000e+00,0.000000000000000000e+00,5.635872667000000336e-01
8.100000000000000000e+05,6.000000000000000000e+02,0.000000000000000000e+00,1.000000000000000000e+00,0.000000000000000000e+00,5.661536601000000113e-01
8.300000000000000000e+05,6.000000000000000000e+02,0.000000000000000000e+00,1.000000000000000000e+00,0.000000000000000000e+00,5.686181769999999469e-01
8.500000000000000000e+05,6.000000000000000000e+02,0.000000000000000000e+00,1.000000000000000000e+00,0.000000000000000000e+00,5.709867655000000486e-01
8.700000000000000000e+05,6.000000000000000000e+02,0.000000000000000000e+00,1.000000000000000000e+00,0.000000000000000000e+00,5.732649196000000336e-01
8.900000000000000000e+05,6.000000000000000000e+02,0.000000000000000000e+00,1.000000000000000000e+00,0.000000000000000000e+00,5.754577213999999552e-01
9.100000000000000000e+05,6.000000000000000000e+02,0.000000000000000000e+00,1.000000000000000000e+00,0.000000000000000000e+00,5.775698795000000496e-01
9.300000000000000000e+05,6.000000000000000000e+02,0.000000000000000000e+00,1.000000000000000000e+00,0.000000000000000000e+00,5.796057621000000326e-01
9.500000000000000000e+05,6.000000000000000000e+02,0.000000000000000000e+00,1.000000000000000000e+00,0.000000000000000000e+00,5.815694278999999911e-01
9.700000000000000000e+05,6.000000000000000000e+02,0.000000000000000000e+00,1.000000000000000000e+00,0.000000000000000000e+00,5.834646522999999974e-01
9.900000000000000000e+05,6.000000000000000000e+02,0.000000000000000000e+00,1.000000000000000000e+00,0.000000000000000000e+00,5.852949522000000515e-01
1.000000000000000000e+05,6.000000000000000000e+02,0.000000000000000000e+00,1.000000000000000000e+00,0.000000000000000000e+00,2.486316224000000019e-01
3.000000000000000000e+05,6.000000000000000000e+02,0.000000000000000000e+00,1.000000000000000000e+00,0.000000000000000000e+00,4.335753064999999795e-01
5.000000000000000000e+05,6.000000000000000000e+02,0.000000000000000000e+00,1.000000000000000000e+00,0.000000000000000000e+00,5.093510777999999961e-01
7.000000000000000000e+05,6.000000000000000000e+02,0.000000000000000000e+00,1.000000000000000000e+00,0.000000000000000000e+00,5.505910320000000358e-01
9.000000000000000000e+05,6.000000000000000000e+02,0.000000000000000000e+00,1.000000000000000000e+00,0.000000000000000000e+00,5.765236003000000498e-01
1.100000000000000000e+06,6.000000000000000000e+02,0.000000000000000000e+00,1.000000000000000000e+00,0.000000000000000000e+00,5.943373257999999826e-01
1.300000000000000000e+06,6.000000000000000000e+02,0.000000000000000000e+00,1.000000000000000000e+00,0.000000000000000000e+00,6.073288692999999627e-01
1.500000000000000000e+06,6.000000000000000000e+02,0.000000000000000000e+00,1.000000000000000000e+00,0.000000000000000000e+00,6.172228523999999661e-01
1.700000000000000000e+06,6.000000000000000000e+02,0.000000000000000000e+00,1.000000000000000000e+00,0.000000000000000000e+00,6.250090965000000276e-01
1.900000000000000000e+06,6.000000000000000000e+02,0.000000000000000000e+00,1.000000000000000000e+00,0.000000000000000000e+00,6.312962911999999704e-01
2.100000000000000000e+06,6.000000000000000000e+02,0.000000000000000000e+00,1.000000000000000000e+00,0.000000000000000000e+00,6.364793305000000512e-01
2.300000000000000000e+06,6.000000000000000000e+02,0.000000000000000000e+00,1.000000000000000000e+00,0.000000000000000000e+00,6.408256022999999635e-01
2.500000000000000000e+06,6.000000000000000000e+02,0.000000000000000000e+00,1.000000000000000000e+00,0.000000000000000000e+00,6.445226070999999779e-01
2.700000000000000000e+06,6.000000000000000000e+02,0.000000000000000000e+00,1.000000000000000000e+00,0.000000000000000000e+00,6.477057194999999989e-01
2.900000000000000000e+06,6.000000000000000000e+02,0.000000000000000000e+00,1.000000000000000000e+00,0.000000000000000000e+00,6.504751248000000263e-01
3.100000000000000000e+06,6.000000000000000000e+02,0.000000000000000000e+00,1.000000000000000000e+00,0.000000000000000000e+00,6.529065554999999854e-01
3.300000000000000000e+06,6.000000000000000000e+02,0.000000000000000000e+00,1.000000000000000000e+00,0.000000000000000000e+00,6.550583223000000510e-01
3.500000000000000000e+06,6.000000000000000000e+02,0.000000000000000000e+00,1.000000000000000000e+00,0.000000000000000000e+00,6.569760519999999770e-01
3.700000000000000000e+06,6.000000000000000000e+02,0.000000000000000000e+00,1.000000000000000000e+00,0.000000000000000000e+00,6.586959575999999927e-01
3.900000000000000000e+06,6.000000000000000000e+02,0.000000000000000000e+00,1.000000000000000000e+00,0.000000000000000000e+00,6.602471478000000449e-01
4.100000000000000000e+06,6.000000000000000000e+02,0.000000000000000000e+00,1.000000000000000000e+00,0.000000000000000000e+00,6.616532872999999482e-01
4.300000000000000000e+06,6.000000000000000000e+02,0.000000000000000000e+00,1.000000000000000000e+00,0.000000000000000000e+00,6.629338126999999581e-01
4.500000000000000000e+06,6.000000000000000000e+02,0.000000000000000000e+00,1.000000000000000000e+00,0.000000000000000000e+00,6.641048363999999538e-01
4.700000000000000000e+06,6.000000000000000000e+02,0.000000000000000000e+00,1.000000000000000000e+00,0.000000000000000000e+00,6.651798284000000061e-01
4.900000000000000000e+06,6.000000000000000000e+02,0.000000000000000000e+00,1.000000000000000000e+00,0.000000000000000000e+00,6.661701359999999683e-01
5.100000000000000000e+06,6.000000000000000000e+02,0.000000000000000000e+00,1.000000000000000000e+00,0.000000000000000000e+00,6.670853869999999741e-01
5.300000000000000000e+06,6.000000000000000000e+02,0.000000000000000000e+00,1.000000000000000000e+00,0.000000000000000000e+00,6.679338026000000150e-01
5.500000000000000000e+06,6.000000000000000000e+02,0.000000000000000000e+00,1.000000000000000000e+00,0.000000000000000000e+00,6.687224458999999621e-01
5.700000000000000000e+06,6.000000000000000000e+02,0.000000000000000000e+00,1.000000000000000000e+00,0.000000000000000000e+00,6.694574184999999567e-01
5.900000000000000000e+06,6.000000000000000000e+02,0.000000000000000000e+00,1.000000000000000000e+00,0.000000000000000000e+00,6.701440189999999797e-01
6.100000000000000000e+06,6.000000000000000000e+02,0.000000000000000000e+00,1.000000000000000000e+00,0.000000000000000000e+00,6.707868705999999737e-01
6.300000000000000000e+06,6.000000000000000000e+02,0.000000000000000000e+00,1.000000000000000000e+00,0.000000000000000000e+00,6.713900255000000428e-01
6.500000000000000000e+06,6.000000000000000000e+02,0.000000000000000000e+00,1.000000000000000000e+00,0.000000000000000000e+00,6.719570507000000026e-01
6.700000000000000000e+06,6.000000000000000000e+02,0.000000000000000000e+00,1.000000000000000000e+00,0.000000000000000000e+00,6.724910980999999621e-01
6.900000000000000000e+06,6.000000000000000000e+02,0.000000000000000000e+00,1.000000000000000000e+00,0.000000000000000000e+00,6.729949631999999626e-01
7.100000000000000000e+06,6.000000000000000000e+02,0.000000000000000000e+00,1.000000000000000000e+00,0.000000000000000000e+00,6.734711344999999572e-01
7.300000000000000000e+06,6.000000000000000000e+02,0.000000000000000000e+00,1.000000000000000000e+00,0.000000000000000000e+00,6.739218340999999501e-01
7.500000000000000000e+06,6.000000000000000000e+02,0.000000000000000000e+00,1.000000000000000000e+00,0.000000000000000000e+00,6.743490525999999985e-01
7.700000000000000000e+06,6.000000000000000000e+02,0.000000000000000000e+00,1.000000000000000000e+00,0.000000000000000000e+00,6.747545782999999631e-01
7.900000000000000000e+06,6.000000000000000000e+02,0.000000000000000000e+00,1.000000000000000000e+00,0.000000000000000000e+00,6.751400226999999532e-01
8.100000000000000000e+06,6.000000000000000000e+02,0.000000000000000000e+00,1.000000000000000000e+00,0.000000000000000000e+00,6.755068413000000493e-01
8.300000000000000000e+06,6.000000000000000000e+02,0.000000000000000000e+00,1.000000000000000000e+00,0.000000000000000000e+00,6.758563523999999711e-01
8.500000000000000000e+06,6.000000000000000000e+02,0.000000000000000000e+00,1.000000000000000000e+00,0.000000000000000000e+00,6.761897525000000186e-01
8.700000000000000000e+06,6.000000000000000000e+02,0.000000000000000000e+00,1.000000000000000000e+00,0.000000000000000000e+00,6.765081307000000432e-01
8.900000000000000000e+06,6.000000000000000000e+02,0.000000000000000000e+00,1.000000000000000000e+00,0.000000000000000000e+00,6.768124798000000331e-01
9.100000000000000000e+06,6.000000000000000000e+02,0.000000000000000000e+00,1.000000000000000000e+00,0.000000000000000000e+00,6.771037069999999991e-01
9.300000000000000000e+06,6.000000000000000000e+02,0.000000000000000000e+00,1.000000000000000000e+00,0.000000000000000000e+00,6.773826431999999675e-01
9.500000000000000000e+06,6.000000000000000000e+02,0.000000000000000000e+00,1.000000000000000000e+00,0.000000000000000000e+00,6.776500502000000203e-01
9.700000000000000000e+06,6.000000000000000000e+02,0.000000000000000000e+00,1.000000000000000000e+00,0.000000000000000000e+00,6.779066285000000525e-01
9.900000000000000000e+06,6.000000000000000000e+02,0.000000000000000000e+00,1.000000000000000000e+00,0.000000000000000000e+00,6.781530226999999966e-01
1.000000000000000000e+06,6.000000000000000000e+02,0.000000000000000000e+00,1.000000000000000000e+00,0.000000000000000000e+00,5.861867890999999942e-01
3.000000000000000000e+06,6.000000000000000000e+02,0.000000000000000000e+00,1.000000000000000000e+00,0.000000000000000000e+00,6.517290985000000481e-01
5.000000000000000000e+06,6.000000000000000000e+02,0.000000000000000000e+00,1.000000000000000000e+00,0.000000000000000000e+00,6.666366000000000236e-01
7.000000000000000000e+06,6.000000000000000000e+02,0.000000000000000000e+00,1.000000000000000000e+00,0.000000000000000000e+00,6.732363659000000222e-01
9.000000000000000000e+06,6.000000000000000000e+02,0.000000000000000000e+00,1.000000000000000000e+00,0.000000000000000000e+00,6.769596799999999526e-01
1.100000000000000000e+07,6.000000000000000000e+02,0.000000000000000000e+00,1.000000000000000000e+00,0.000000000000000000e+00,6.793505800000000372e-01
1.300000000000000000e+07,6.000000000000000000e+02,0.000000000000000000e+00,1.000000000000000000e+00,0.000000000000000000e+00,6.810157359999999827e-01
1.500000000000000000e+07,6.000000000000000000e+02,0.000000000000000000e+00,1.000000000000000000e+00,0.000000000000000000e+00,6.822420476999999650e-01
1.700000000000000000e+07,6.000000000000000000e+02,0.000000000000000000e+00,1.000000000000000000e+00,0.000000000000000000e+00,6.831827995000000486e-01
1.900000000000000000e+07,6.000000000000000000e+02,0.000000000000000000e+00,1.000000000000000000e+00,0.000000000000000000e+00,6.839273329999999707e-01
2.100000000000000000e+07,6.000000000000000000e+02,0.000000000000000000e+00,1.000000000000000000e+00,0.000000000000000000e+00,6.845312402000000018e-01
2.300000000000000000e+07,6.000000000000000000e+02,0.000000000000000000e+00,1.000000000000000000e+00,0.000000000000000000e+00,6.850309249999999572e-01
2.500000000000000000e+07,6.000000000000000000e+02,0.000000000000000000e+00,1.000000000000000000e+00,0.000000000000000000e+00,6.854512243999999477e-01
2.700000000000000000e+07,6.000000000000000000e+02,0.000000000000000000e+00,1.000000000000000000e+00,0.000000000000000000e+00,6.858096642000000021e-01
2.900000000000000000e+07,6.000000000000000000e+02,0.000000000000000000e+00,1.000000000000000000e+00,0.000000000000000000e+00,6.861189651000000334e-01
3.100000000000000000e+07,6.000000000000000000e+02,0.000000000000000000e+00,1.000000000000000000e+00,0.000000000000000000e+00,6.863885834999999824e-01
3.300000000000000000e+07,6.000000000000000000e+02,0.000000000000000000e+00,1.000000000000000000e+00,0.000000000000000000e+00,6.866256960000000076e-01
3.500000000000000000e+07,6.000000000000000000e+02,0.000000000000000000e+00,1.000000000000000000e+00,0.000000000000000000e+00,6.868358466999999745e-01
3.700000000000000000e+07,6.000000000000000000e+02,0.000000000000000000e+00,1.000000000000000000e+00,0.000000000000000000e+00,6.870233869999999854e-01
3.900000000000000000e+07,6.000000000000000000e+02,0.000000000000000000e+00,1.000000000000000000e+00,0.000000000000000000e+00,6.871917795999999967e-01
4.100000000000000000e+07,6.000000000000000000e+02,0.000000000000000000e+00,1.000000000000000000e+00,0.000000000000000000e+00,6.873438145000000388e-01
4.300000000000000000e+07,6.000000000000000000e+02,0.000000000000000000e+00,1.000000000000000000e+00,0.000000000000000000e+00,6.874817648000000059e-01
4.500000000000000000e+07,6.000000000000000000e+02,0.000000000000000000e+00,1.000000000000000000e+00,0.000000000000000000e+00,6.876075011000000181e-01
4.700000000000000000e+07,6.000000000000000000e+02,0.000000000000000000e+00,1.000000000000000000e+00,0.000000000000000000e+00,6.877225768000000405e-01
4.900000000000000000e+07,6.000000000000000000e+02,0.000000000000000000e+00,1.000000000000000000e+00,0.000000000000000000e+00,6.878282923999999854e-01
5.100000000000000000e+07,6.000000000000000000e+02,0.000000000000000000e+00,1.000000000000000000e+00,0.000000000000000000e+00,6.879257453999999550e-01
5.300000000000000000e+07,6.000000000000000000e+02,0.000000000000000000e+00,1.000000000000000000e+00,0.000000000000000000e+00,6.880158680000000304e-01
5.500000000000000000e+07,6.000000000000000000e+02,0.000000000000000000e+00,1.000000000000000000e+00,0.000000000000000000e+00,6.880994574000000030e-01
5.700000000000000000e+07,6.000000000000000000e+02,0.000000000000000000e+00,1.000000000000000000e+00,0.000000000000000000e+00,6.881771989999999617e-01
5.900000000000000000e+07,6.000000000000000000e+02,0.000000000000000000e+00,1.000000000000000000e+00,0.000000000000000000e+00,6.882496859000000189e-01
6.100000000000000000e+07,6.000000000000000000e+02,0.000000000000000000e+00,1.000000000000000000e+00,0.000000000000000000e+00,6.883174332999999478e-01
6.300000000000000000e+07,6.000000000000000000e+02,0.000000000000000000e+00,1.000000000000000000e+00,0.000000000000000000e+00,6.883808914000000279e-01
6.500000000000000000e+07,6.000000000000000000e+02,0.000000000000000000e+00,1.000000000000000000e+00,0.000000000000000000e+00,6.884404549999999512e-01
6.700000000000000000e+07,6.000000000000000000e+02,0.000000000000000000e+00,1.000000000000000000e+00,0.000000000000000000e+00,6.884964719999999705e-01
6.900000000000000000e+07,6.000000000000000000e+02,0.000000000000000000e+00,1.000000000000000000e+00,0.000000000000000000e+00,6.885492500000000016e-01
7.100000000000000000e+07,6.000000000000000000e+02,0.000000000000000000e+00,1.000000000000000000e+00,0.000000000000000000e+00,6.885990619999999840e-01
7.300000000000000000e+07,6.000000000000000000e+02,0.000000000000000000e+00,1.000000000000000000e+00,0.000000000000000000e+00,6.886461511999999452e-01
7.500000000000000000e+07,6.000000000000000000e+02,0.000000000000000000e+00,1.000000000000000000e+00,0.000000000000000000e+00,6.886907348999999900e-01
7.700000000000000000e+07,6.000000000000000000e+02,0.000000000000000000e+00,1.000000000000000000e+00,0.000000000000000000e+00,6.887330079000000271e-01
7.900000000000000000e+07,6.000000000000000000e+02,0.000000000000000000e+00,1.000000000000000000e+00,0.000000000000000000e+00,6.887731453000000004e-01
8.100000000000000000e+07,6.000000000000000000e+02,0.000000000000000000e+00,1.000000000000000000e+00,0.000000000000000000e+00,6.888113048999999766e-01
8.300000000000000000e+07,6.000000000000000000e+02,0.000000000000000000e+00,1.000000000000000000e+00,0.000000000000000000e+00,6.888476293999999944e-01
8.500000000000000000e+07,6.000000000000000000e+02,0.000000000000000000e+00,1.000000000000000000e+00,0.000000000000000000e+00,6.888822481999999914e-01
8.700000000000000000e+07,6.000000000000000000e+02,0.000000000000000000e+00,1.000000000000000000e+00,0.000000000000000000e+00,6.889152785000000057e-01
8.900000000000000000e+07,6.000000000000000000e+02,0.000000000000000000e+00,1.000000000000000000e+00,0.000000000000000000e+00,6.889468272000000004e-01
9.100000000000000000e+07,6.000000000000000000e+02,0.000000000000000000e+00,1.000000000000000000e+00,0.000000000000000000e+00,6.889769918999999465e-01
9.300000000000000000e+07,6.000000000000000000e+02,0.000000000000000000e+00,1.000000000000000000e+00,0.000000000000000000e+00,6.890058616999999996e-01
9.500000000000000000e+07,6.000000000000000000e+02,0.000000000000000000e+00,1.000000000000000000e+00,0.000000000000000000e+00,6.890335181000000198e-01
9.700000000000000000e+07,6.000000000000000000e+02,0.000000000000000000e+00,1.000000000000000000e+00,0.000000000000000000e+00,6.890600362000000034e-01
9.900000000000000000e+07,6.000000000000000000e+02,0.000000000000000000e+00,1.000000000000000000e+00,0.000000000000000000e+00,6.890854846999999728e-01
1.000000000000000000e+07,6.000000000000000000e+02,0.000000000000000000e+00,1.000000000000000000e+00,0.000000000000000000e+00,6.782725884000000427e-01
3.000000000000000000e+07,6.000000000000000000e+02,0.000000000000000000e+00,1.000000000000000000e+00,0.000000000000000000e+00,6.862582415000000324e-01
5.000000000000000000e+07,6.000000000000000000e+02,0.000000000000000000e+00,1.000000000000000000e+00,0.000000000000000000e+00,6.878779900000000502e-01
7.000000000000000000e+07,6.000000000000000000e+02,0.000000000000000000e+00,1.000000000000000000e+00,0.000000000000000000e+00,6.885745108999999919e-01
9.000000000000000000e+07,6.000000000000000000e+02,0.000000000000000000e+00,1.000000000000000000e+00,0.000000000000000000e+00,6.889620767999999895e-01
1.000000000000000000e+08,6.000000000000000000e+02,0.000000000000000000e+00,1.000000000000000000e+00,0.000000000000000000e+00,6.890978279999999678e-01
