# pressure,temperature,f1,f2,molkg1,molkg2
1.000000000000000000e+00,6.000000000000000000e+02,4.000000000000000222e-01,5.000000000000000000e-01,5.182832832000000256e-06,1.981788301000000044e-06
3.000000000000000000e+00,6.000000000000000000e+02,4.000000000000000222e-01,5.000000000000000000e-01,1.554819576000000120e-05,5.945281238000000405e-06
5.000000000000000000e+00,6.000000000000000000e+02,4.000000000000000222e-01,5.000000000000000000e-01,2.591315507000000021e-05,9.908662634000000292e-06
7.000000000000000000e+00,6.000000000000000000e+02,4.000000000000000222e-01,5.000000000000000000e-01,3.627771078999999697e-05,1.387193250000000070e-05
9.000000000000000000e+00,6.000000000000000000e+02,4.000000000000000222e-01,5.000000000000000000e-01,4.664186295999999754e-05,1.783509083999999952e-05
1.100000000000000000e+01,6.000000000000000000e+02,4.000000000000000222e-01,5.000000000000000000e-01,5.700561160000000159e-05,2.179813767000000020e-05
1.300000000000000000e+01,6.000000000000000000e+02,4.000000000000000222e-01,5.000000000000000000e-01,6.736895675999999807e-05,2.576107299999999919e-05
1.500000000000000000e+01,6.000000000000000000e+02,4.000000000000000222e-01,5.000000000000000000e-01,7.773189845999999340e-05,2.972389683999999968e-05
1.700000000000000000e+01,6.000000000000000000e+02,4.000000000000000222e-01,5.000000000000000000e-01,8.809443672999999722e-05,3.368660919999999812e-05
1.900000000000000000e+01,6.000000000000000000e+02,4.000000000000000222e-01,5.000000000000000000e-01,9.845657160999999528e-05,3.764921009000000112e-05
2.100000000000000000e+01,6.000000000000000000e+02,4.000000000000000222e-01,5.000000000000000000e-01,1.088183031000000011e-04,4.161169952000000170e-05
2.300000000000000000e+01,6.000000000000000000e+02,4.000000000000000222e-01,5.000000000000000000e-01,1.191796313000000062e-04,4.557407748999999989e-05
2.500000000000000000e+01,6.000000000000000000e+02,4.000000000000000222e-01,5.000000000000000000e-01,1.295405561999999938e-04,4.953634402999999853e-05
2.700000000000000000e+01,6.000000000000000000e+02,4.000000000000000222e-01,5.000000000000000000e-01,1.399010779000000096e-04,5.349849915000000084e-05
2.900000000000000000e+01,6.000000000000000000e+02,4.000000000000000222e-01,5.000000000000000000e-01,1.502611962999999943e-04,5.746054283999999684e-05
3.100000000000000000e+01,6.000000000000000000e+02,4.000000000000000222e-01,5.000000000000000000e-01,1.606209115000000072e-04,6.142247512000000649e-05
3.300000000000000000e+01,6.000000000000000000e+02,4.000000000000000222e-01,5.000000000000000000e-01,1.709802235999999991e-04,6.538429600999999558e-05
3.500000000000000000e+01,6.000000000000000000e+02,4.000000000000000222e-01,5.000000000000000000e-01,1.813391324999999920e-04,6.934600551000000474e-05
3.700000000000000000e+01,6.000000000000000000e+02,4.000000000000000222e-01,5.000000000000000000e-01,1.916976382999999911e-04,7.330760362999999655e-05
3.900000000000000000e+01,6.000000000000000000e+02,4.000000000000000222e-01,5.000000000000000000e-01,2.020557411000000012e-04,7.726909039000000453e-05
4.100000000000000000e+01,6.000000000000000000e+02,4.000000000000000222e-01,5.000000000000000000e-01,2.124134407999999903e-04,8.123046579000000158e-05
4.300000000000000000e+01,6.000000000000000000e+02,4.000000000000000222e-01,5.000000000000000000e-01,2.227707374999999906e-04,8.519172984000000445e-05
4.500000000000000000e+01,6.000000000000000000e+02,4.000000000000000222e-01,5.000000000000000000e-01,2.331276313000000069e-04,8.915288256000000603e-05
4.700000000000000000e+01,6.000000000000000000e+02,4.000000000000000222e-01,5.000000000000000000e-01,2.434841221000000073e-04,9.311392395000000631e-05
4.900000000000000000e+01,6.000000000000000000e+02,4.000000000000000222e-01,5.000000000000000000e-01,2.538402100999999746e-04,9.707485401999999496e-05
5.100000000000000000e+01,6.000000000000000000e+02,4.000000000000000222e-01,5.000000000000000000e-01,2.641958950999999801e-04,1.010356727999999952e-04
5.300000000000000000e+01,6.000000000000000000e+02,4.000000000000000222e-01,5.000000000000000000e-01,2.745511772999999797e-04,1.049963802999999966e-04
5.500000000000000000e+01,6.000000000000000000e+02,4.000000000000000222e-01,5.000000000000000000e-01,2.849060566999999733e-04,1.089569765000000063e-04
5.700000000000000000e+01,6.000000000000000000e+02,4.000000000000000222e-01,5.000000000000000000e-01,2.952605333999999931e-04,1.129174613999999973e-04
5.900000000000000000e+01,6.000000000000000000e+02,4.000000000000000222e-01,5.000000000000000000e-01,3.056146073000000070e-04,1.168778349999999967e-04
6.100000000000000000e+01,6.000000000000000000e+02,4.000000000000000222e-01,5.000000000000000000e-01,3.159682784999999928e-04,1.208380973999999958e-04
6.300000000000000000e+01,6.000000000000000000e+02,4.000000000000000222e-01,5.000000000000000000e-01,3.263215470000000048e-04,1.247982486000000083e-04
6.500000000000000000e+01,6.000000000000000000e+02,4.000000000000000222e-01,5.000000000000000000e-01,3.366744129000000208e-04,1.287582884999999885e-04
6.700000000000000000e+01,6.000000000000000000e+02,4.000000000000000222e-01,5.000000000000000000e-01,3.470268761000000089e-04,1.327182171999999956e-04
6.900000000000000000e+01,6.000000000000000000e+02,4.000000000000000222e-01,5.000000000000000000e-01,3.573789367999999789e-04,1.366780347000000025e-04
7.100000000000000000e+01,6.000000000000000000e+02,4.000000000000000222e-01,5.000000000000000000e-01,3.677305949999999852e-04,1.406377410000000092e-04
7.300000000000000000e+01,6.000000000000000000e+02,4.000000000000000222e-01,5.000000000000000000e-01,3.780818505999999956e-04,1.445973360999999887e-04
7.500000000000000000e+01,6.000000000000000000e+02,4.000000000000000222e-01,5.000000000000000000e-01,3.884327038000000201e-04,1.485568199999999950e-04
7.700000000000000000e+01,6.000000000000000000e+02,4.000000000000000222e-01,5.000000000000000000e-01,3.987831545000000266e-04,1.525161927000000012e-04
7.900000000000000000e+01,6.000000000000000000e+02,4.000000000000000222e-01,5.000000000000000000e-01,4.091332027999999930e-04,1.564754543000000122e-04
8.100000000000000000e+01,6.000000000000000000e+02,4.000000000000000222e-01,5.000000000000000000e-01,4.194828486999999735e-04,1.604346046999999959e-04
8.300000000000000000e+01,6.000000000000000000e+02,4.000000000000000222e-01,5.000000000000000000e-01,4.298320923000000003e-04,1.643936440000000115e-04
8.500000000000000000e+01,6.000000000000000000e+02,4.000000000000000222e-01,5.000000000000000000e-01,4.401809334999999871e-04,1.683525722000000049e-04
8.700000000000000000e+01,6.000000000000000000e+02,4.000000000000000222e-01,5.000000000000000000e-01,4.505293724999999980e-04,1.723113891999999980e-04
8.900000000000000000e+01,6.000000000000000000e+02,4.000000000000000222e-01,5.000000000000000000e-01,4.608774092000000010e-04,1.762700950999999960e-04
9.100000000000000000e+01,6.000000000000000000e+02,4.000000000000000222e-01,5.000000000000000000e-01,4.712250436999999739e-04,1.802286898999999989e-04
9.300000000000000000e+01,6.000000000000000000e+02,4.000000000000000222e-01,5.000000000000000000e-01,4.815722760000000252e-04,1.841871737000000116e-04
9.500000000000000000e+01,6.000000000000000000e+02,4.000000000000000222e-01,5.000000000000000000e-01,4.919191062000000244e-04,1.881455462999999969e-04
9.700000000000000000e+01,6.000000000000000000e+02,4.000000000000000222e-01,5.000000000000000000e-01,5.022655341999999936e-04,1.921038078999999922e-04
9.900000000000000000e+01,6.000000000000000000e+02,4.000000000000000222e-01,5.000000000000000000e-01,5.126115602000000512e-04,1.960619584999999973e-04
1.000000000000000000e+01,6.000000000000000000e+02,4.000000000000000222e-01,5.000000000000000000e-01,5.182378772000000212e-05,1.981662818999999927e-05
3.000000000000000000e+01,6.000000000000000000e+02,4.000000000000000222e-01,5.000000000000000000e-01,1.554411043000000108e-04,5.944152290999999777e-05
5.000000000000000000e+01,6.000000000000000000e+02,4.000000000000000222e-01,5.000000000000000000e-01,2.590181029000000095e-04,9.905527732000000507e-05
7.000000000000000000e+01,6.000000000000000000e+02,4.000000000000000222e-01,5.000000000000000000e-01,3.625548162000000142e-04,1.386579016999999966e-04
9.000000000000000000e+01,6.000000000000000000e+02,4.000000000000000222e-01,5.000000000000000000e-01,4.660512768000000085e-04,1.782494064000000043e-04
1.100000000000000000e+02,6.000000000000000000e+02,4.000000000000000222e-01,5.000000000000000000e-01,5.695075170000000152e-04,2.178298017000000102e-04
1.300000000000000000e+02,6.000000000000000000e+02,4.000000000000000222e-01,5.000000000000000000e-01,6.729235695999999465e-04,2.573990977000000066e-04
1.500000000000000000e+02,6.000000000000000000e+02,4.000000000000000222e-01,5.000000000000000000e-01,7.762994669000000420e-04,2.969573048999999787e-04
1.700000000000000000e+02,6.000000000000000000e+02,4.000000000000000222e-01,5.000000000000000000e-01,8.796352412999999771e-04,3.365044334000000270e-04
1.900000000000000000e+02,6.000000000000000000e+02,4.000000000000000222e-01,5.000000000000000000e-01,9.829309252999999472e-04,3.760404934000000131e-04
2.100000000000000000e+02,6.000000000000000000e+02,4.000000000000000222e-01,5.000000000000000000e-01,1.086186551000000019e-03,4.155654951000000157e-04
2.300000000000000000e+02,6.000000000000000000e+02,4.000000000000000222e-01,5.000000000000000000e-01,1.189402151000000041e-03,4.550794487999999826e-04
2.500000000000000000e+02,6.000000000000000000e+02,4.000000000000000222e-01,5.000000000000000000e-01,1.292577758000000056e-03,4.945823647000000467e-04
2.700000000000000000e+02,6.000000000000000000e+02,4.000000000000000222e-01,5.000000000000000000e-01,1.395713402999999939e-03,5.340742529000000374e-04
2.900000000000000000e+02,6.000000000000000000e+02,4.000000000000000222e-01,5.000000000000000000e-01,1.498809119999999990e-03,5.735551237000000111e-04
3.100000000000000000e+02,6.000000000000000000e+02,4.000000000000000222e-01,5.000000000000000000e-01,1.601864940000000083e-03,6.130249869999999501e-04
3.300000000000000000e+02,6.000000000000000000e+02,4.000000000000000222e-01,5.000000000000000000e-01,1.704880895000000091e-03,6.524838532000000512e-04
3.500000000000000000e+02,6.000000000000000000e+02,4.000000000000000222e-01,5.000000000000000000e-01,1.807857017000000103e-03,6.919317322999999492e-04
3.700000000000000000e+02,6.000000000000000000e+02,4.000000000000000222e-01,5.000000000000000000e-01,1.910793338999999987e-03,7.313686344999999938e-04
3.900000000000000000e+02,6.000000000000000000e+02,4.000000000000000222e-01,5.000000000000000000e-01,2.013689892999999832e-03,7.707945698000000364e-04
4.100000000000000000e+02,6.000000000000000000e+02,4.000000000000000222e-01,5.000000000000000000e-01,2.116546710000000164e-03,8.102095483999999931e-04
4.300000000000000000e+02,6.000000000000000000e+02,4.000000000000000222e-01,5.000000000000000000e-01,2.219363822999999986e-03,8.496135803000000406e-04
4.500000000000000000e+02,6.000000000000000000e+02,4.000000000000000222e-01,5.000000000000000000e-01,2.322141263000000039e-03,8.890066756999999865e-04
4.700000000000000000e+02,6.000000000000000000e+02,4.000000000000000222e-01,5.000000000000000000e-01,2.424879063000000192e-03,9.283888445000000296e-04
4.900000000000000000e+02,6.000000000000000000e+02,4.000000000000000222e-01,5.000000000000000000e-01,2.527577254999999884e-03,9.677600968999999775e-04
5.100000000000000000e+02,6.000000000000000000e+02,4.000000000000000222e-01,5.000000000000000000e-01,2.630235868999999862e-03,1.007120442999999985e-03
5.300000000000000000e+02,6.000000000000000000e+02,4.000000000000000222e-01,5.000000000000000000e-01,2.732854937999999994e-03,1.046469892000000080e-03
5.500000000000000000e+02,6.000000000000000000e+02,4.000000000000000222e-01,5.000000000000000000e-01,2.835434495000000148e-03,1.085808455000000089e-03
5.700000000000000000e+02,6.000000000000000000e+02,4.000000000000000222e-01,5.000000000000000000e-01,2.937974569000000209e-03,1.125136141999999971e-03
5.900000000000000000e+02,6.000000000000000000e+02,4.000000000000000222e-01,5.000000000000000000e-01,3.040475194000000041e-03,1.164452962999999903e-03
6.100000000000000000e+02,6.000000000000000000e+02,4.000000000000000222e-01,5.000000000000000000e-01,3.142936400999999953e-03,1.203758927000000067e-03
6.300000000000000000e+02,6.000000000000000000e+02,4.000000000000000222e-01,5.000000000000000000e-01,3.245358220999999821e-03,1.243054043999999988e-03
6.500000000000000000e+02,6.000000000000000000e+02,4.000000000000000222e-01,5.000000000000000000e-01,3.347740686999999948e-03,1.282338325000000057e-03
6.700000000000000000e+02,6.000000000000000000e+02,4.000000000000000222e-01,5.000000000000000000e-01,3.450083829000000213e-03,1.321611779000000019e-03
6.900000000000000000e+02,6.000000000000000000e+02,4.000000000000000222e-01,5.000000000000000000e-01,3.552387679000000055e-03,1.360874417000000050e-03
7.100000000000000000e+02,6.000000000000000000e+02,4.000000000000000222e-01,5.000000000000000000e-01,3.654652269000000214e-03,1.400126247999999895e-03
7.300000000000000000e+02,6.000000000000000000e+02,4.000000000000000222e-01,5.000000000000000000e-01,3.756877631000000127e-03,1.439367282999999944e-03
7.500000000000000000e+02,6.000000000000000000e+02,4.000000000000000222e-01,5.000000000000000000e-01,3.859063795000000109e-03,1.478597529999999948e-03
7.700000000000000000e+02,6.000000000000000000e+02,4.000000000000000222e-01,5.000000000000000000e-01,3.961210792999999598e-03,1.517817001000000077e-03
7.900000000000000000e+02,6.000000000000000000e+02,4.000000000000000222e-01,5.000000000000000000e-01,4.063318655999999772e-03,1.557025704000000082e-03
8.100000000000000000e+02,6.000000000000000000e+02,4.000000000000000222e-01,5.000000000000000000e-01,4.165387417000000064e-03,1.596223649999999918e-03
8.300000000000000000e+02,6.000000000000000000e+02,4.000000000000000222e-01,5.000000000000000000e-01,4.267417104999999926e-03,1.635410848999999979e-03
8.500000000000000000e+02,6.000000000000000000e+02,4.000000000000000222e-01,5.000000000000000000e-01,4.369407752000000096e-03,1.674587310000000013e-03
8.700000000000000000e+02,6.000000000000000000e+02,4.000000000000000222e-01,5.000000000000000000e-01,4.471359391000000010e-03,1.713753042999999979e-03
8.900000000000000000e+02,6.000000000000000000e+02,4.000000000000000222e-01,5.000000000000000000e-01,4.573272050999999984e-03,1.752908059000000051e-03
9.100000000000000000e+02,6.000000000000000000e+02,4.000000000000000222e-01,5.000000000000000000e-01,4.675145763999999891e-03,1.792052365999999980e-03
9.300000000000000000e+02,6.000000000000000000e+02,4.000000000000000222e-01,5.000000000000000000e-01,4.776980561000000042e-03,1.831185974999999938e-03
9.500000000000000000e+02,6.000000000000000000e+02,4.000000000000000222e-01,5.000000000000000000e-01,4.878776472999999878e-03,1.870308895000000107e-03
9.700000000000000000e+02,6.000000000000000000e+02,4.000000000000000222e-01,5.000000000000000000e-01,4.980533530999999708e-03,1.909421137000000008e-03
9.900000000000000000e+02,6.000000000000000000e+02,4.000000000000000222e-01,5.000000000000000000e-01,5.082251767000000274e-03,1.948522710000000040e-03
1.000000000000000000e+02,6.000000000000000000e+02,4.000000000000000222e-01,5.000000000000000000e-01,5.177844224000000429e-04,1.980409920999999930e-04
3.000000000000000000e+02,6.000000000000000000e+02,4.000000000000000222e-01,5.000000000000000000e-01,1.550342015000000066e-03,5.932914306000000148e-04
5.000000000000000000e+02,6.000000000000000000e+02,4.000000000000000222e-01,5.000000000000000000e-01,2.578911506999999846e-03,9.874416325000000012e-04
7.000000000000000000e+02,6.000000000000000000e+02,4.000000000000000222e-01,5.000000000000000000e-01,3.603524879999999830e-03,1.380501682999999997e-03
9.000000000000000000e+02,6.000000000000000000e+02,4.000000000000000222e-01,5.000000000000000000e-01,4.624213773999999791e-03,1.772481549999999984e-03
1.100000000000000000e+03,6.000000000000000000e+02,4.000000000000000222e-01,5.000000000000000000e-01,5.641009490000000424e-03,2.163391085999999842e-03
1.300000000000000000e+03,6.000000000000000000e+02,4.000000000000000222e-01,5.000000000000000000e-01,6.653942995000000291e-03,2.553240027999999912e-03
1.500000000000000000e+03,6.000000000000000000e+02,4.000000000000000222e-01,5.000000000000000000e-01,7.663044925000000139e-03,2.942038000000000118e-03
1.700000000000000000e+03,6.000000000000000000e+02,4.000000000000000222e-01,5.000000000000000000e-01,8.668345585000000741e-03,3.329794515000000180e-03
1.900000000000000000e+03,6.000000000000000000e+02,4.000000000000000222e-01,5.000000000000000000e-01,9.669874958000000686e-03,3.716518973999999829e-03
2.100000000000000000e+03,6.000000000000000000e+02,4.000000000000000222e-01,5.000000000000000000e-01,1.066766270000000030e-02,4.102220670000000097e-03
2.300000000000000000e+03,6.000000000000000000e+02,4.000000000000000222e-01,5.000000000000000000e-01,1.166173816000000071e-02,4.486908785999999850e-03
2.500000000000000000e+03,6.000000000000000000e+02,4.000000000000000222e-01,5.000000000000000000e-01,1.265213035000000048e-02,4.870592400000000113e-03
2.700000000000000000e+03,6.000000000000000000e+02,4.000000000000000222e-01,5.000000000000000000e-01,1.363886800000000017e-02,5.253280485000000159e-03
2.900000000000000000e+03,6.000000000000000000e+02,4.000000000000000222e-01,5.000000000000000000e-01,1.462197949999999996e-02,5.634981905999999693e-03
3.100000000000000000e+03,6.000000000000000000e+02,4.000000000000000222e-01,5.000000000000000000e-01,1.560149295000000033e-02,6.015705429999999680e-03
3.300000000000000000e+03,6.000000000000000000e+02,4.000000000000000222e-01,5.000000000000000000e-01,1.657743613999999865e-02,6.395459717999999773e-03
3.500000000000000000e+03,6.000000000000000000e+02,4.000000000000000222e-01,5.000000000000000000e-01,1.754983657000000127e-02,6.774253331999999586e-03
3.700000000000000000e+03,6.000000000000000000e+02,4.000000000000000222e-01,5.000000000000000000e-01,1.851872144000000012e-02,7.152094734000000002e-03
3.900000000000000000e+03,6.000000000000000000e+02,4.000000000000000222e-01,5.000000000000000000e-01,1.948411765000000045e-02,7.528992287999999693e-03
4.100000000000000000e+03,6.000000000000000000e+02,4.000000000000000222e-01,5.000000000000000000e-01,2.044605181000000091e-02,7.904954262000000315e-03
4.300000000000000000e+03,6.000000000000000000e+02,4.000000000000000222e-01,5.000000000000000000e-01,2.140455024000000039e-02,8.279988824000000455e-03
4.500000000000000000e+03,6.000000000000000000e+02,4.000000000000000222e-01,5.000000000000000000e-01,2.235963898999999977e-02,8.654104052000000796e-03
4.700000000000000000e+03,6.000000000000000000e+02,4.000000000000000222e-01,5.000000000000000000e-01,2.331134379999999853e-02,9.027307926999999371e-03
4.900000000000000000e+03,6.000000000000000000e+02,4.000000000000000222e-01,5.000000000000000000e-01,2.425969017000000061e-02,9.399608337999999785e-03
5.100000000000000000e+03,6.000000000000000000e+02,4.000000000000000222e-01,5.000000000000000000e-01,2.520470326999999996e-02,9.771013082000000807e-03
5.300000000000000000e+03,6.000000000000000000e+02,4.000000000000000222e-01,5.000000000000000000e-01,2.614640805000000012e-02,1.014152987000000068e-02
5.500000000000000000e+03,6.000000000000000000e+02,4.000000000000000222e-01,5.000000000000000000e-01,2.708482916000000060e-02,1.051116631000000023e-02
5.700000000000000000e+03,6.000000000000000000e+02,4.000000000000000222e-01,5.000000000000000000e-01,2.801999099000000021e-02,1.087992993999999970e-02
5.900000000000000000e+03,6.000000000000000000e+02,4.000000000000000222e-01,5.000000000000000000e-01,2.895191764999999889e-02,1.124782820000000058e-02
6.100000000000000000e+03,6.000000000000000000e+02,4.000000000000000222e-01,5.000000000000000000e-01,2.988063301999999838e-02,1.161486844000000039e-02
6.300000000000000000e+03,6.000000000000000000e+02,4.000000000000000222e-01,5.000000000000000000e-01,3.080616069000000068e-02,1.198105793000000044e-02
6.500000000000000000e+03,6.000000000000000000e+02,4.000000000000000222e-01,5.000000000000000000e-01,3.172852400000000100e-02,1.234640386000000062e-02
6.700000000000000000e+03,6.000000000000000000e+02,4.000000000000000222e-01,5.000000000000000000e-01,3.264774604000000163e-02,1.271091333000000032e-02
6.900000000000000000e+03,6.000000000000000000e+02,4.000000000000000222e-01,5.000000000000000000e-01,3.356384965999999886e-02,1.307459335999999923e-02
7.100000000000000000e+03,6.000000000000000000e+02,4.000000000000000222e-01,5.000000000000000000e-01,3.447685744000000135e-02,1.343745088999999913e-02
7.300000000000000000e+03,6.000000000000000000e+02,4.000000000000000222e-01,5.000000000000000000e-01,3.538679171999999790e-02,1.379949278000000036e-02
7.500000000000000000e+03,6.000000000000000000e+02,4.000000000000000222e-01,5.000000000000000000e-01,3.629367459999999906e-02,1.416072579999999928e-02
7.700000000000000000e+03,6.000000000000000000e+02,4.000000000000000222e-01,5.000000000000000000e-01,3.719752794000000251e-02,1.452115665000000035e-02
7.900000000000000000e+03,6.000000000000000000e+02,4.000000000000000222e-01,5.000000000000000000e-01,3.809837335999999991e-02,1.488079196000000048e-02
8.100000000000000000e+03,6.000000000000000000e+02,4.000000000000000222e-01,5.000000000000000000e-01,3.899623224999999860e-02,1.523963826999999958e-02
8.300000000000000000e+03,6.000000000000000000e+02,4.000000000000000222e-01,5.000000000000000000e-01,3.989112573999999828e-02,1.559770205000000041e-02
8.500000000000000000e+03,6.000000000000000000e+02,4.000000000000000222e-01,5.000000000000000000e-01,4.078307476000000292e-02,1.595498970000000169e-02
8.700000000000000000e+03,6.000000000000000000e+02,4.000000000000000222e-01,5.000000000000000000e-01,4.167210000999999747e-02,1.631150753000000161e-02
8.900000000000000000e+03,6.000000000000000000e+02,4.000000000000000222e-01,5.000000000000000000e-01,4.255822194000000169e-02,1.666726179999999946e-02
9.100000000000000000e+03,6.000000000000000000e+02,4.000000000000000222e-01,5.000000000000000000e-01,4.344146078999999716e-02,1.702225866999999837e-02
9.300000000000000000e+03,6.000000000000000000e+02,4.000000000000000222e-01,5.000000000000000000e-01,4.432183658999999665e-02,1.737650426000000164e-02
9.500000000000000000e+03,6.000000000000000000e+02,4.000000000000000222e-01,5.000000000000000000e-01,4.519936914000000083e-02,1.773000459000000084e-02
9.700000000000000000e+03,6.000000000000000000e+02,4.000000000000000222e-01,5.000000000000000000e-01,4.607407800999999831e-02,1.808276561999999990e-02
9.900000000000000000e+03,6.000000000000000000e+02,4.000000000000000222e-01,5.000000000000000000e-01,4.694598258999999746e-02,1.843479325999999863e-02
1.000000000000000000e+03,6.000000000000000000e+02,4.000000000000000222e-01,5.000000000000000000e-01,5.133096335999999711e-03,1.968069497999999987e-03
3.000000000000000000e+03,6.000000000000000000e+02,4.000000000000000222e-01,5.000000000000000000e-01,1.511218423000000068e-02,5.825465361999999578e-03
5.000000000000000000e+03,6.000000000000000000e+02,4.000000000000000222e-01,5.000000000000000000e-01,2.473261180999999920e-02,9.585422184999999387e-03
7.000000000000000000e+03,6.000000000000000000e+02,4.000000000000000222e-01,5.000000000000000000e-01,3.402073912999999811e-02,1.325612450999999990e-02
9.000000000000000000e+03,6.000000000000000000e+02,4.000000000000000222e-01,5.000000000000000000e-01,4.300020049000000122e-02,1.684485453000000160e-02
1.100000000000000000e+04,6.000000000000000000e+02,4.000000000000000222e-01,5.000000000000000000e-01,5.169217669000000098e-02,2.035809279000000069e-02
1.300000000000000000e+04,6.000000000000000000e+02,4.000000000000000222e-01,5.000000000000000000e-01,6.011564616000000111e-02,2.380160791000000137e-02
1.500000000000000000e+04,6.000000000000000000e+02,4.000000000000000222e-01,5.000000000000000000e-01,6.828761597999999378e-02,2.718053637999999841e-02
1.700000000000000000e+04,6.000000000000000000e+02,4.000000000000000222e-01,5.000000000000000000e-01,7.622333346000000065e-02,3.049945345999999918e-02
1.900000000000000000e+04,6.000000000000000000e+02,4.000000000000000222e-01,5.000000000000000000e-01,8.393647932999999395e-02,3.376243618000000085e-02
2.100000000000000000e+04,6.000000000000000000e+02,4.000000000000000222e-01,5.000000000000000000e-01,9.143934337999999606e-02,3.697311932999999828e-02
2.300000000000000000e+04,6.000000000000000000e+02,4.000000000000000222e-01,5.000000000000000000e-01,9.874298352999999473e-02,4.013474504999999665e-02
2.500000000000000000e+04,6.000000000000000000e+02,4.000000000000000222e-01,5.000000000000000000e-01,1.058573693999999982e-01,4.325020702000000050e-02
2.700000000000000000e+04,6.000000000000000000e+02,4.000000000000000222e-01,5.000000000000000000e-01,1.127915111000000054e-01,4.632208956000000155e-02
2.900000000000000000e+04,6.000000000000000000e+02,4.000000000000000222e-01,5.000000000000000000e-01,1.195535748000000065e-01,4.935270249999999803e-02
3.100000000000000000e+04,6.000000000000000000e+02,4.000000000000000222e-01,5.000000000000000000e-01,1.261509853999999986e-01,5.234411205000000233e-02
3.300000000000000000e+04,6.000000000000000000e+02,4.000000000000000222e-01,5.000000000000000000e-01,1.325905182000000071e-01,5.529816830999999960e-02
3.500000000000000000e+04,6.000000000000000000e+02,4.000000000000000222e-01,5.000000000000000000e-01,1.388783792000000128e-01,5.821652973000000092e-02
3.700000000000000000e+04,6.000000000000000000e+02,4.000000000000000222e-01,5.000000000000000000e-01,1.450202763000000006e-01,6.110068479999999913e-02
3.900000000000000000e+04,6.000000000000000000e+02,4.000000000000000222e-01,5.000000000000000000e-01,1.510214820999999930e-01,6.395197146000000665e-02
4.100000000000000000e+04,6.000000000000000000e+02,4.000000000000000222e-01,5.000000000000000000e-01,1.568868878000000133e-01,6.677159421999999400e-02
4.300000000000000000e+04,6.000000000000000000e+02,4.000000000000000222e-01,5.000000000000000000e-01,1.626210510999999970e-01,6.956063949999999330e-02
4.500000000000000000e+04,6.000000000000000000e+02,4.000000000000000222e-01,5.000000000000000000e-01,1.682282375999999968e-01,7.232008923999999617e-02
4.700000000000000000e+04,6.000000000000000000e+02,4.000000000000000222e-01,5.000000000000000000e-01,1.737124556000000097e-01,7.505083294999999322e-02
4.900000000000000000e+04,6.000000000000000000e+02,4.000000000000000222e-01,5.000000000000000000e-01,1.790774874999999933e-01,7.775367848000000470e-02
5.100000000000000000e+04,6.000000000000000000e+02,4.000000000000000222e-01,5.000000000000000000e-01,1.843269157999999908e-01,8.042936155999999559e-02
5.300000000000000000e+04,6.000000000000000000e+02,4.000000000000000222e-01,5.000000000000000000e-01,1.894641458000000112e-01,8.307855425000000571e-02
5.500000000000000000e+04,6.000000000000000000e+02,4.000000000000000222e-01,5.000000000000000000e-01,1.944924246999999995e-01,8.570187243000000621e-02
5.700000000000000000e+04,6.000000000000000000e+02,4.000000000000000222e-01,5.000000000000000000e-01,1.994148578000000116e-01,8.829988249999999594e-02
5.900000000000000000e+04,6.000000000000000000e+02,4.000000000000000222e-01,5.000000000000000000e-01,2.042344228000000095e-01,9.087310720999999814e-02
6.100000000000000000e+04,6.000000000000000000e+02,4.000000000000000222e-01,5.000000000000000000e-01,2.089539813999999884e-01,9.342203087000000572e-02
6.300000000000000000e+04,6.000000000000000000e+02,4.000000000000000222e-01,5.000000000000000000e-01,2.135762891999999913e-01,9.594710396000000197e-02
6.500000000000000000e+04,6.000000000000000000e+02,4.000000000000000222e-01,5.000000000000000000e-01,2.181040042999999873e-01,9.844874718000000413e-02
6.700000000000000000e+04,6.000000000000000000e+02,4.000000000000000222e-01,5.000000000000000000e-01,2.225396943999999877e-01,1.009273549999999964e-01
6.900000000000000000e+04,6.000000000000000000e+02,4.000000000000000222e-01,5.000000000000000000e-01,2.268858428999999954e-01,1.033832987999999953e-01
7.100000000000000000e+04,6.000000000000000000e+02,4.000000000000000222e-01,5.000000000000000000e-01,2.311448539000000024e-01,1.058169295999999981e-01
7.300000000000000000e+04,6.000000000000000000e+02,4.000000000000000222e-01,5.000000000000000000e-01,2.353190571000000064e-01,1.082285805000000045e-01
7.500000000000000000e+04,6.000000000000000000e+02,4.000000000000000222e-01,5.000000000000000000e-01,2.394107108999999900e-01,1.106185689000000055e-01
7.700000000000000000e+04,6.000000000000000000e+02,4.000000000000000222e-01,5.000000000000000000e-01,2.434220062000000129e-01,1.129871982999999941e-01
7.900000000000000000e+04,6.000000000000000000e+02,4.000000000000000222e-01,5.000000000000000000e-01,2.473550690999999913e-01,1.153347596000000030e-01
8.100000000000000000e+04,6.000000000000000000e+02,4.000000000000000222e-01,5.000000000000000000e-01,2.512119631999999991e-01,1.176615329999999987e-01
8.300000000000000000e+04,6.000000000000000000e+02,4.000000000000000222e-01,5.000000000000000000e-01,2.549946920999999755e-01,1.199677890999999996e-01
8.500000000000000000e+04,6.000000000000000000e+02,4.000000000000000222e-01,5.000000000000000000e-01,2.587052013000000206e-01,1.222537895999999957e-01
8.700000000000000000e+04,6.000000000000000000e+02,4.000000000000000222e-01,5.000000000000000000e-01,2.623453799000000086e-01,1.245197888000000030e-01
8.900000000000000000e+04,6.000000000000000000e+02,4.000000000000000222e-01,5.000000000000000000e-01,2.659170625000000232e-01,1.267660338999999914e-01
9.100000000000000000e+04,6.000000000000000000e+02,4.000000000000000222e-01,5.000000000000000000e-01,2.694220305999999732e-01,1.289927660999999892e-01
9.300000000000000000e+04,6.000000000000000000e+02,4.000000000000000222e-01,5.000000000000000000e-01,2.728620140999999943e-01,1.312002207999999892e-01
9.500000000000000000e+04,6.000000000000000000e+02,4.000000000000000222e-01,5.000000000000000000e-01,2.762386927000000103e-01,1.333886283999999867e-01
9.700000000000000000e+04,6.000000000000000000e+02,4.000000000000000222e-01,5.000000000000000000e-01,2.795536972000000064e-01,1.355582147999999931e-01
9.900000000000000000e+04,6.000000000000000000e+02,4.000000000000000222e-01,5.000000000000000000e-01,2.828086109999999875e-01,1.377092014999999892e-01
1.000000000000000000e+04,6.000000000000000000e+02,4.000000000000000222e-01,5.000000000000000000e-01,4.738088926999999700e-02,1.861053387999999850e-02
3.000000000000000000e+04,6.000000000000000000e+02,4.000000000000000222e-01,5.000000000000000000e-01,1.228724239999999940e-01,5.085318730999999898e-02
5.000000000000000000e+04,6.000000000000000000e+02,4.000000000000000222e-01,5.000000000000000000e-01,1.817164353000000065e-01,7.909487193000000471e-02
7.000000000000000000e+04,6.000000000000000000e+02,4.000000000000000222e-01,5.000000000000000000e-01,2.290260933000000110e-01,1.046028821000000025e-01
9.000000000000000000e+04,6.000000000000000000e+02,4.000000000000000222e-01,5.000000000000000000e-01,2.676777765999999725e-01,1.278818243000000021e-01
1.100000000000000000e+05,6.000000000000000000e+02,4.000000000000000222e-01,5.000000000000000000e-01,2.997029773000000064e-01,1.492167088999999947e-01
1.300000000000000000e+05,6.000000000000000000e+02,4.000000000000000222e-01,5.000000000000000000e-01,3.266088481000000154e-01,1.688248810999999905e-01
1.500000000000000000e+05,6.000000000000000000e+02,4.000000000000000222e-01,5.000000000000000000e-01,3.495124117000000252e-01,1.868934231000000112e-01
1.700000000000000000e+05,6.000000000000000000e+02,4.000000000000000222e-01,5.000000000000000000e-01,3.692418860000000191e-01,2.035874098000000076e-01
1.900000000000000000e+05,6.000000000000000000e+02,4.000000000000000222e-01,5.000000000000000000e-01,3.864164901000000096e-01,2.190523008999999965e-01
2.100000000000000000e+05,6.000000000000000000e+02,4.000000000000000222e-01,5.000000000000000000e-01,4.015053624000000099e-01,2.334157182999999913e-01
2.300000000000000000e+05,6.000000000000000000e+02,4.000000000000000222e-01,5.000000000000000000e-01,4.148693471000000077e-01,2.467893720000000068e-01
2.500000000000000000e+05,6.000000000000000000e+02,4.000000000000000222e-01,5.000000000000000000e-01,4.267902245999999900e-01,2.592710307000000158e-01
2.700000000000000000e+05,6.000000000000000000e+02,4.000000000000000222e-01,5.000000000000000000e-01,4.374911993000000221e-01,2.709463819999999856e-01
2.900000000000000000e+05,6.000000000000000000e+02,4.000000000000000222e-01,5.000000000000000000e-01,4.471514073000000256e-01,2.818907029000000120e-01
3.100000000000000000e+05,6.000000000000000000e+02,4.000000000000000222e-01,5.000000000000000000e-01,4.559163325999999739e-01,2.921703138999999783e-01
3.300000000000000000e+05,6.000000000000000000e+02,4.000000000000000222e-01,5.000000000000000000e-01,4.639053998000000067e-01,3.018438276000000031e-01
3.500000000000000000e+05,6.000000000000000000e+02,4.000000000000000222e-01,5.000000000000000000e-01,4.712175927000000208e-01,3.109632096000000123e-01
3.700000000000000000e+05,6.000000000000000000e+02,4.000000000000000222e-01,5.000000000000000000e-01,4.779356730000000053e-01,3.195746794000000057e-01
3.900000000000000000e+05,6.000000000000000000e+02,4.000000000000000222e-01,5.000000000000000000e-01,4.841293890999999738e-01,3.277194740000000106e-01
4.100000000000000000e+05,6.000000000000000000e+02,4.000000000000000222e-01,5.000000000000000000e-01,4.898579491999999758e-01,3.354344955999999933e-01
4.300000000000000000e+05,6.000000000000000000e+02,4.000000000000000222e-01,5.000000000000000000e-01,4.951719474999999870e-01,3.427528631999999797e-01
4.500000000000000000e+05,6.000000000000000000e+02,4.000000000000000222e-01,5.000000000000000000e-01,5.001148812000000277e-01,3.497043832000000241e-01
4.700000000000000000e+05,6.000000000000000000e+02,4.000000000000000222e-01,5.000000000000000000e-01,5.047243566000000348e-01,3.563159517999999748e-01
4.900000000000000000e+05,6.000000000000000000e+02,4.000000000000000222e-01,5.000000000000000000e-01,5.090330561000000476e-01,3.626119009000000060e-01
5.100000000000000000e+05,6.000000000000000000e+02,4.000000000000000222e-01,5.000000000000000000e-01,5.130695205999999953e-01,3.686142961000000162e-01
5.300000000000000000e+05,6.000000000000000000e+02,4.000000000000000222e-01,5.000000000000000000e-01,5.168587864000000476e-01,3.743431938999999820e-01
5.500000000000000000e+05,6.000000000000000000e+02,4.000000000000000222e-01,5.000000000000000000e-01,5.204229078000000008e-01,3.798168652999999728e-01
5.700000000000000000e+05,6.000000000000000000e+02,4.000000000000000222e-01,5.000000000000000000e-01,5.237813893999999637e-01,3.850519899000000024e-01
5.900000000000000000e+05,6.000000000000000000e+02,4.000000000000000222e-01,5.000000000000000000e-01,5.269515442000000105e-01,3.900638249000000224e-01
6.100000000000000000e+05,6.000000000000000000e+02,4.000000000000000222e-01,5.000000000000000000e-01,5.299487936000000232e-01,3.948663544000000081e-01
6.300000000000000000e+05,6.000000000000000000e+02,4.000000000000000222e-01,5.000000000000000000e-01,5.327869186999999451e-01,3.994724183999999734e-01
6.500000000000000000e+05,6.000000000000000000e+02,4.000000000000000222e-01,5.000000000000000000e-01,5.354782735999999987e-01,4.038938282000000268e-01
6.700000000000000000e+05,6.000000000000000000e+02,4.000000000000000222e-01,5.000000000000000000e-01,5.380339648999999946e-01,4.081414668000000190e-01
6.900000000000000000e+05,6.000000000000000000e+02,4.000000000000000222e-01,5.000000000000000000e-01,5.404640056999999720e-01,4.122253787999999863e-01
7.100000000000000000e+05,6.000000000000000000e+02,4.000000000000000222e-01,5.000000000000000000e-01,5.427774470999999767e-01,4.161548493000000182e-01
7.300000000000000000e+05,6.000000000000000000e+02,4.000000000000000222e-01,5.000000000000000000e-01,5.449824907000000440e-01,4.199384742000000226e-01
7.500000000000000000e+05,6.000000000000000000e+02,4.000000000000000222e-01,5.000000000000000000e-01,5.470865866999999882e-01,4.235842235000000233e-01
7.700000000000000000e+05,6.000000000000000000e+02,4.000000000000000222e-01,5.000000000000000000e-01,5.490965170999999589e-01,4.270994967000000253e-01
7.900000000000000000e+05,6.000000000000000000e+02,4.000000000000000222e-01,5.000000000000000000e-01,5.510184699000000297e-01,4.304911732999999741e-01
8.100000000000000000e+05,6.000000000000000000e+02,4.000000000000000222e-01,5.000000000000000000e-01,5.528581021999999789e-01,4.337656572999999960e-01
8.300000000000000000e+05,6.000000000000000000e+02,4.000000000000000222e-01,5.000000000000000000e-01,5.546205963000000461e-01,4.369289181000000077e-01
8.500000000000000000e+05,6.000000000000000000e+02,4.000000000000000222e-01,5.000000000000000000e-01,5.563107080000000426e-01,4.399865264000000220e-01
8.700000000000000000e+05,6.000000000000000000e+02,4.000000000000000222e-01,5.000000000000000000e-01,5.579328103999999788e-01,4.429436869999999749e-01
8.900000000000000000e+05,6.000000000000000000e+02,4.000000000000000222e-01,5.000000000000000000e-01,5.594909308000000081e-01,4.458052683000000016e-01
9.100000000000000000e+05,6.000000000000000000e+02,4.000000000000000222e-01,5.000000000000000000e-01,5.609887848000000288e-01,4.485758291999999980e-01
9.300000000000000000e+05,6.000000000000000000e+02,4.000000000000000222e-01,5.000000000000000000e-01,5.624298055999999990e-01,4.512596433000000129e-01
9.500000000000000000e+05,6.000000000000000000e+02,4.000000000000000222e-01,5.000000000000000000e-01,5.638171705000000200e-01,4.538607204999999811e-01
9.700000000000000000e+05,6.000000000000000000e+02,4.000000000000000222e-01,5.000000000000000000e-01,5.651538243000000517e-01,4.563828276999999933e-01
9.900000000000000000e+05,6.000000000000000000e+02,4.000000000000000222e-01,5.000000000000000000e-01,5.664424998000000544e-01,4.588295063999999757e-01
1.000000000000000000e+05,6.000000000000000000e+02,4.000000000000000222e-01,5.000000000000000000e-01,2.844140159999999917e-01,1.387777880999999935e-01
3.000000000000000000e+05,6.000000000000000000e+02,4.000000000000000222e-01,5.000000000000000000e-01,4.516377793999999946e-01,2.871097664999999743e-01
5.000000000000000000e+05,6.000000000000000000e+02,4.000000000000000222e-01,5.000000000000000000e-01,5.110836775000000554e-01,3.656484949000000095e-01
7.000000000000000000e+05,6.000000000000000000e+02,4.000000000000000222e-01,5.000000000000000000e-01,5.416347700000000431e-01,4.142088666000000030e-01
9.000000000000000000e+05,6.000000000000000000e+02,4.000000000000000222e-01,5.000000000000000000e-01,5.602471702000000331e-01,4.472016528000000157e-01
1.100000000000000000e+06,6.000000000000000000e+02,4.000000000000000222e-01,5.000000000000000000e-01,5.727777630000000508e-01,4.710776333000000204e-01
1.300000000000000000e+06,6.000000000000000000e+02,4.000000000000000222e-01,5.000000000000000000e-01,5.817903866000000423e-01,4.891562192000000198e-01
1.500000000000000000e+06,6.000000000000000000e+02,4.000000000000000222e-01,5.000000000000000000e-01,5.885851841999999445e-01,5.033198359999999649e-01
1.700000000000000000e+06,6.000000000000000000e+02,4.000000000000000222e-01,5.000000000000000000e-01,5.938918154000000227e-01,5.147155687000000146e-01
1.900000000000000000e+06,6.000000000000000000e+02,4.000000000000000222e-01,5.000000000000000000e-01,5.981514425999999718e-01,5.240822722000000322e-01
2.100000000000000000e+06,6.000000000000000000e+02,4.000000000000000222e-01,5.000000000000000000e-01,6.016464994000000344e-01,5.319173338999999556e-01
2.300000000000000000e+06,6.000000000000000000e+02,4.000000000000000222e-01,5.000000000000000000e-01,6.045661919000000495e-01,5.385678638999999990e-01
2.500000000000000000e+06,6.000000000000000000e+02,4.000000000000000222e-01,5.000000000000000000e-01,6.070420363999999847e-01,5.442834626000000453e-01
2.700000000000000000e+06,6.000000000000000000e+02,4.000000000000000222e-01,5.000000000000000000e-01,6.091682915999999670e-01,5.492482131000000489e-01
2.900000000000000000e+06,6.000000000000000000e+02,4.000000000000000222e-01,5.000000000000000000e-01,6.110142811000000007e-01,5.536008534999999897e-01
3.100000000000000000e+06,6.000000000000000000e+02,4.000000000000000222e-01,5.000000000000000000e-01,6.126321283000000228e-01,5.574479287000000394e-01
3.300000000000000000e+06,6.000000000000000000e+02,4.000000000000000222e-01,5.000000000000000000e-01,6.140617798999999932e-01,5.608726158000000295e-01
3.500000000000000000e+06,6.000000000000000000e+02,4.000000000000000222e-01,5.000000000000000000e-01,6.153343665999999601e-01,5.639407971000000019e-01
3.700000000000000000e+06,6.000000000000000000e+02,4.000000000000000222e-01,5.000000000000000000e-01,6.164745078000000156e-01,5.667053330000000333e-01
3.900000000000000000e+06,6.000000000000000000e+02,4.000000000000000222e-01,5.000000000000000000e-01,6.175019301999999932e-01,5.692091274999999673e-01
4.100000000000000000e+06,6.000000000000000000e+02,4.000000000000000222e-01,5.000000000000000000e-01,6.184326254999999994e-01,5.714873664999999825e-01
4.300000000000000000e+06,6.000000000000000000e+02,4.000000000000000222e-01,5.000000000000000000e-01,6.192796950000000189e-01,5.735691791999999456e-01
4.500000000000000000e+06,6.000000000000000000e+02,4.000000000000000222e-01,5.000000000000000000e-01,6.200539744999999936e-01,5.754788868000000335e-01
4.700000000000000000e+06,6.000000000000000000e+02,4.000000000000000222e-01,5.000000000000000000e-01,6.207645035000000089e-01,5.772369554999999819e-01
4.900000000000000000e+06,6.000000000000000000e+02,4.000000000000000222e-01,5.000000000000000000e-01,6.214188831000000413e-01,5.788607309000000090e-01
5.100000000000000000e+06,6.000000000000000000e+02,4.000000000000000222e-01,5.000000000000000000e-01,6.220235510999999606e-01,5.803650110000000417e-01
5.300000000000000000e+06,6.000000000000000000e+02,4.000000000000000222e-01,5.000000000000000000e-01,6.225839963000000532e-01,5.817624971999999506e-01
5.500000000000000000e+06,6.000000000000000000e+02,4.000000000000000222e-01,5.000000000000000000e-01,6.231049275000000165e-01,5.830641531000000377e-01
5.700000000000000000e+06,6.000000000000000000e+02,4.000000000000000222e-01,5.000000000000000000e-01,6.235904070000000132e-01,5.842794916000000338e-01
5.900000000000000000e+06,6.000000000000000000e+02,4.000000000000000222e-01,5.000000000000000000e-01,6.240439582000000263e-01,5.854168072000000000e-01
6.100000000000000000e+06,6.000000000000000000e+02,4.000000000000000222e-01,5.000000000000000000e-01,6.244686519000000047e-01,5.864833650999999870e-01
6.300000000000000000e+06,6.000000000000000000e+02,4.000000000000000222e-01,5.000000000000000000e-01,6.248671769000000431e-01,5.874855557999999478e-01
6.500000000000000000e+06,6.000000000000000000e+02,4.000000000000000222e-01,5.000000000000000000e-01,6.252418976000000406e-01,5.884290233000000203e-01
6.700000000000000000e+06,6.000000000000000000e+02,4.000000000000000222e-01,5.000000000000000000e-01,6.255949014999999669e-01,5.893187706000000414e-01
6.900000000000000000e+06,6.000000000000000000e+02,4.000000000000000222e-01,5.000000000000000000e-01,6.259280386000000140e-01,5.901592481999999862e-01
7.100000000000000000e+06,6.000000000000000000e+02,4.000000000000000222e-01,5.000000000000000000e-01,6.262429541999999794e-01,5.909544285000000174e-01
7.300000000000000000e+06,6.000000000000000000e+02,4.000000000000000222e-01,5.000000000000000000e-01,6.265411166000000032e-01,5.917078682999999950e-01
7.500000000000000000e+06,6.000000000000000000e+02,4.000000000000000222e-01,5.000000000000000000e-01,6.268238402000000375e-01,5.924227615999999585e-01
7.700000000000000000e+06,6.000000000000000000e+02,4.000000000000000222e-01,5.000000000000000000e-01,6.270923051000000248e-01,5.931019847999999817e-01
7.900000000000000000e+06,6.000000000000000000e+02,4.000000000000000222e-01,5.000000000000000000e-01,6.273475740999999717e-01,5.937481351000000185e-01
8.100000000000000000e+06,6.000000000000000000e+02,4.000000000000000222e-01,5.000000000000000000e-01,6.275906063999999729e-01,5.943635640000000109e-01
8.300000000000000000e+06,6.000000000000000000e+02,4.000000000000000222e-01,5.000000000000000000e-01,6.278222706999999625e-01,5.949504048999999517e-01
8.500000000000000000e+06,6.000000000000000000e+02,4.000000000000000222e-01,5.000000000000000000e-01,6.280433547999999533e-01,5.955105984999999880e-01
8.700000000000000000e+06,6.000000000000000000e+02,4.000000000000000222e-01,5.000000000000000000e-01,6.282545754999999676e-01,5.960459138999999462e-01
8.900000000000000000e+06,6.000000000000000000e+02,4.000000000000000222e-01,5.000000000000000000e-01,6.284565860999999920e-01,5.965579667999999502e-01
9.100000000000000000e+06,6.000000000000000000e+02,4.000000000000000222e-01,5.000000000000000000e-01,6.286499830999999761e-01,5.970482363000000348e-01
9.300000000000000000e+06,6.000000000000000000e+02,4.000000000000000222e-01,5.000000000000000000e-01,6.288353128000000458e-01,5.975180786999999549e-01
9.500000000000000000e+06,6.000000000000000000e+02,4.000000000000000222e-01,5.000000000000000000e-01,6.290130757999999878e-01,5.979687399999999986e-01
9.700000000000000000e+06,6.000000000000000000e+02,4.000000000000000222e-01,5.000000000000000000e-01,6.291837324000000287e-01,5.984013670000000173e-01
9.900000000000000000e+06,6.000000000000000000e+02,4.000000000000000222e-01,5.000000000000000000e-01,6.293477060000000067e-01,5.988170170000000070e-01
1.000000000000000000e+06,6.000000000000000000e+02,4.000000000000000222e-01,5.000000000000000000e-01,5.670696466000000324e-01,4.600256092000000185e-01
3.000000000000000000e+06,6.000000000000000000e+02,4.000000000000000222e-01,5.000000000000000000e-01,6.118489861000000474e-01,5.555819223000000306e-01
5.000000000000000000e+06,6.000000000000000000e+02,4.000000000000000222e-01,5.000000000000000000e-01,6.217270678999999856e-01,5.796269695000000333e-01
7.000000000000000000e+06,6.000000000000000000e+02,4.000000000000000222e-01,5.000000000000000000e-01,6.260876785000000222e-01,5.905622690999999813e-01
9.000000000000000000e+06,6.000000000000000000e+02,4.000000000000000222e-01,5.000000000000000000e-01,6.285543260000000521e-01,5.968057369999999473e-01
1.100000000000000000e+07,6.000000000000000000e+02,4.000000000000000222e-01,5.000000000000000000e-01,6.301461375000000364e-01,6.008397904000000178e-01
1.300000000000000000e+07,6.000000000000000000e+02,4.000000000000000222e-01,5.000000000000000000e-01,6.312616656999999742e-01,6.036585662000000241e-01
1.500000000000000000e+07,6.000000000000000000e+02,4.000000000000000222e-01,5.000000000000000000e-01,6.320889731000000067e-01,6.057377846000000510e-01
1.700000000000000000e+07,6.000000000000000000e+02,4.000000000000000222e-01,5.000000000000000000e-01,6.327284466999999468e-01,6.073336584999999843e-01
1.900000000000000000e+07,6.000000000000000000e+02,4.000000000000000222e-01,5.000000000000000000e-01,6.332385901999999511e-01,6.085963831999999796e-01
2.100000000000000000e+07,6.000000000000000000e+02,4.000000000000000222e-01,5.000000000000000000e-01,6.336558224999999656e-01,6.096198191999999683e-01
2.300000000000000000e+07,6.000000000000000000e+02,4.000000000000000222e-01,5.000000000000000000e-01,6.340040111000000422e-01,6.104656319000000275e-01
2.500000000000000000e+07,6.000000000000000000e+02,4.000000000000000222e-01,5.000000000000000000e-01,6.342994571000000192e-01,6.111760008000000077e-01
2.700000000000000000e+07,6.000000000000000000e+02,4.000000000000000222e-01,5.000000000000000000e-01,6.345536780999999626e-01,6.117807495000000539e-01
2.900000000000000000e+07,6.000000000000000000e+02,4.000000000000000222e-01,5.000000000000000000e-01,6.347750461000000177e-01,6.123015589000000425e-01
3.100000000000000000e+07,6.000000000000000000e+02,4.000000000000000222e-01,5.000000000000000000e-01,6.349697947000000342e-01,6.127545672999999971e-01
3.300000000000000000e+07,6.000000000000000000e+02,4.000000000000000222e-01,5.000000000000000000e-01,6.351426625999999631e-01,6.131520337000000431e-01
3.500000000000000000e+07,6.000000000000000000e+02,4.000000000000000222e-01,5.000000000000000000e-01,6.352973175999999667e-01,6.135034369999999848e-01
3.700000000000000000e+07,6.000000000000000000e+02,4.000000000000000222e-01,5.000000000000000000e-01,6.354366433999999453e-01,6.138162204999999538e-01
3.900000000000000000e+07,6.000000000000000000e+02,4.000000000000000222e-01,5.000000000000000000e-01,6.355629398000000041e-01,6.140963106000000282e-01
4.100000000000000000e+07,6.000000000000000000e+02,4.000000000000000222e-01,5.000000000000000000e-01,6.356780632999999847e-01,6.143484838999999642e-01
4.300000000000000000e+07,6.000000000000000000e+02,4.000000000000000222e-01,5.000000000000000000e-01,6.357835297999999691e-01,6.145766326999999585e-01
4.500000000000000000e+07,6.000000000000000000e+02,4.000000000000000222e-01,5.000000000000000000e-01,6.358805893000000209e-01,6.147839604999999485e-01
4.700000000000000000e+07,6.000000000000000000e+02,4.000000000000000222e-01,5.000000000000000000e-01,6.359702820999999506e-01,6.149731279000000272e-01
4.900000000000000000e+07,6.000000000000000000e+02,4.000000000000000222e-01,5.000000000000000000e-01,6.360534814999999620e-01,6.151463622999999714e-01
5.100000000000000000e+07,6.000000000000000000e+02,4.000000000000000222e-01,5.000000000000000000e-01,6.361309255999999523e-01,6.153055429999999548e-01
5.300000000000000000e+07,6.000000000000000000e+02,4.000000000000000222e-01,5.000000000000000000e-01,6.362032431999999904e-01,6.154522662000000421e-01
5.500000000000000000e+07,6.000000000000000000e+02,4.000000000000000222e-01,5.000000000000000000e-01,6.362709730000000174e-01,6.155878965000000091e-01
5.700000000000000000e+07,6.000000000000000000e+02,4.000000000000000222e-01,5.000000000000000000e-01,6.363345795999999499e-01,6.157136072000000127e-01
5.900000000000000000e+07,6.000000000000000000e+02,4.000000000000000222e-01,5.000000000000000000e-01,6.363944657000000227e-01,6.158304127000000516e-01
6.100000000000000000e+07,6.000000000000000000e+02,4.000000000000000222e-01,5.000000000000000000e-01,6.364509821999999595e-01,6.159391946000000173e-01
6.300000000000000000e+07,6.000000000000000000e+02,4.000000000000000222e-01,5.000000000000000000e-01,6.365044362999999761e-01,6.160407222999999544e-01
6.500000000000000000e+07,6.000000000000000000e+02,4.000000000000000222e-01,5.000000000000000000e-01,6.365550980999999942e-01,6.161356706999999711e-01
6.700000000000000000e+07,6.000000000000000000e+02,4.000000000000000222e-01,5.000000000000000000e-01,6.366032063000000019e-01,6.162246340999999461e-01
6.900000000000000000e+07,6.000000000000000000e+02,4.000000000000000222e-01,5.000000000000000000e-01,6.366489722999999490e-01,6.163081378000000443e-01
7.100000000000000000e+07,6.000000000000000000e+02,4.000000000000000222e-01,5.000000000000000000e-01,6.366925846000000000e-01,6.163866476999999566e-01
7.300000000000000000e+07,6.000000000000000000e+02,4.000000000000000222e-01,5.000000000000000000e-01,6.367342110999999472e-01,6.164605787000000392e-01
7.500000000000000000e+07,6.000000000000000000e+02,4.000000000000000222e-01,5.000000000000000000e-01,6.367740025000000470e-01,6.165303012999999721e-01
7.700000000000000000e+07,6.000000000000000000e+02,4.000000000000000222e-01,5.000000000000000000e-01,6.368120940000000507e-01,6.165961475000000247e-01
7.900000000000000000e+07,6.000000000000000000e+02,4.000000000000000222e-01,5.000000000000000000e-01,6.368486077999999662e-01,6.166584155000000012e-01
8.100000000000000000e+07,6.000000000000000000e+02,4.000000000000000222e-01,5.000000000000000000e-01,6.368836540000000213e-01,6.167173740000000404e-01
8.300000000000000000e+07,6.000000000000000000e+02,4.000000000000000222e-01,5.000000000000000000e-01,6.369173325000000441e-01,6.167732656000000091e-01
8.500000000000000000e+07,6.000000000000000000e+02,4.000000000000000222e-01,5.000000000000000000e-01,6.369497342000000062e-01,6.168263100999999970e-01
8.700000000000000000e+07,6.000000000000000000e+02,4.000000000000000222e-01,5.000000000000000000e-01,6.369809416999999696e-01,6.168767068999999603e-01
8.900000000000000000e+07,6.000000000000000000e+02,4.000000000000000222e-01,5.000000000000000000e-01,6.370110303999999557e-01,6.169246376000000476e-01
9.100000000000000000e+07,6.000000000000000000e+02,4.000000000000000222e-01,5.000000000000000000e-01,6.370400694000000197e-01,6.169702675999999553e-01
9.300000000000000000e+07,6.000000000000000000e+02,4.000000000000000222e-01,5.000000000000000000e-01,6.370681218999999507e-01,6.170137478999999647e-01
9.500000000000000000e+07,6.000000000000000000e+02,4.000000000000000222e-01,5.000000000000000000e-01,6.370952460000000039e-01,6.170552167999999726e-01
9.700000000000000000e+07,6.000000000000000000e+02,4.000000000000000222e-01,5.000000000000000000e-01,6.371214952000000542e-01,6.170948013000000509e-01
9.900000000000000000e+07,6.000000000000000000e+02,4.000000000000000222e-01,5.000000000000000000e-01,6.371469187999999617e-01,6.171326178999999579e-01
1.000000000000000000e+07,6.000000000000000000e+02,4.000000000000000222e-01,5.000000000000000000e-01,6.294273097999999456e-01,5.990187836000000488e-01
3.000000000000000000e+07,6.000000000000000000e+02,4.000000000000000222e-01,5.000000000000000000e-01,6.348754223999999446e-01,6.125356961000000267e-01
5.000000000000000000e+07,6.000000000000000000e+02,4.000000000000000222e-01,5.000000000000000000e-01,6.360928812999999682e-01,6.152276035999999504e-01
7.000000000000000000e+07,6.000000000000000000e+02,4.000000000000000222e-01,5.000000000000000000e-01,6.366710368000000342e-01,6.163479898999999484e-01
9.000000000000000000e+07,6.000000000000000000e+02,4.000000000000000222e-01,5.000000000000000000e-01,6.370256770000000124e-01,6.169477303999999496e-01
1.000000000000000000e+08,6.000000000000000000e+02,4.000000000000000222e-01,5.000000000000000000e-01,6.371593353000000182e-01,6.171508971000000399e-01
