# pressure,temperature,f1,f2,molkg1,molkg2
1.000000000000000000e+00,6.000000000000000000e+02,0.000000000000000000e+00,9.000000000000000222e-01,4.230909637000000032e-07,3.730429857000000097e-06
3.000000000000000000e+00,6.000000000000000000e+02,0.000000000000000000e+00,9.000000000000000222e-01,1.269263593000000035e-06,1.119116101000000033e-05
5.000000000000000000e+00,6.000000000000000000e+02,0.000000000000000000e+00,9.000000000000000222e-01,2.115423825000000031e-06,1.865172075000000144e-05
7.000000000000000000e+00,6.000000000000000000e+02,0.000000000000000000e+00,9.000000000000000222e-01,2.961571659999999843e-06,2.611210908000000016e-05
9.000000000000000000e+00,6.000000000000000000e+02,0.000000000000000000e+00,9.000000000000000222e-01,3.807707098000000108e-06,3.357232600999999800e-05
1.100000000000000000e+01,6.000000000000000000e+02,0.000000000000000000e+00,9.000000000000000222e-01,4.653830141000000197e-06,4.103237154999999817e-05
1.300000000000000000e+01,6.000000000000000000e+02,0.000000000000000000e+00,9.000000000000000222e-01,5.499940787999999789e-06,4.849224570000000068e-05
1.500000000000000000e+01,6.000000000000000000e+02,0.000000000000000000e+00,9.000000000000000222e-01,6.346039040000000051e-06,5.595194847000000196e-05
1.700000000000000000e+01,6.000000000000000000e+02,0.000000000000000000e+00,9.000000000000000222e-01,7.192124897999999613e-06,6.341147985999999524e-05
1.900000000000000000e+01,6.000000000000000000e+02,0.000000000000000000e+00,9.000000000000000222e-01,8.038198361999999319e-06,7.087083987999999728e-05
2.100000000000000000e+01,6.000000000000000000e+02,0.000000000000000000e+00,9.000000000000000222e-01,8.884259432000000018e-06,7.833002853999999774e-05
2.300000000000000000e+01,6.000000000000000000e+02,0.000000000000000000e+00,9.000000000000000222e-01,9.730308110000000657e-06,8.578904582999999340e-05
2.500000000000000000e+01,6.000000000000000000e+02,0.000000000000000000e+00,9.000000000000000222e-01,1.057634438999999931e-05,9.324789177000000426e-05
2.700000000000000000e+01,6.000000000000000000e+02,0.000000000000000000e+00,9.000000000000000222e-01,1.142236829000000007e-05,1.007065664000000025e-04
2.900000000000000000e+01,6.000000000000000000e+02,0.000000000000000000e+00,9.000000000000000222e-01,1.226837978999999988e-05,1.081650696000000038e-04
3.100000000000000000e+01,6.000000000000000000e+02,0.000000000000000000e+00,9.000000000000000222e-01,1.311437890000000029e-05,1.156234014999999956e-04
3.300000000000000000e+01,6.000000000000000000e+02,0.000000000000000000e+00,9.000000000000000222e-01,1.396036561999999958e-05,1.230815620999999916e-04
3.500000000000000000e+01,6.000000000000000000e+02,0.000000000000000000e+00,9.000000000000000222e-01,1.480633994999999946e-05,1.305395514000000053e-04
3.700000000000000000e+01,6.000000000000000000e+02,0.000000000000000000e+00,9.000000000000000222e-01,1.565230188999999991e-05,1.379973693000000046e-04
3.900000000000000000e+01,6.000000000000000000e+02,0.000000000000000000e+00,9.000000000000000222e-01,1.649825143999999926e-05,1.454550159999999995e-04
4.100000000000000000e+01,6.000000000000000000e+02,0.000000000000000000e+00,9.000000000000000222e-01,1.734418859999999920e-05,1.529124913000000070e-04
4.300000000000000000e+01,6.000000000000000000e+02,0.000000000000000000e+00,9.000000000000000222e-01,1.819011336999999971e-05,1.603697953000000052e-04
4.500000000000000000e+01,6.000000000000000000e+02,0.000000000000000000e+00,9.000000000000000222e-01,1.903602576000000063e-05,1.678269280999999990e-04
4.700000000000000000e+01,6.000000000000000000e+02,0.000000000000000000e+00,9.000000000000000222e-01,1.988192575999999875e-05,1.752838895000000054e-04
4.900000000000000000e+01,6.000000000000000000e+02,0.000000000000000000e+00,9.000000000000000222e-01,2.072781337000000084e-05,1.827406797000000074e-04
5.100000000000000000e+01,6.000000000000000000e+02,0.000000000000000000e+00,9.000000000000000222e-01,2.157368859000000013e-05,1.901972986000000001e-04
5.300000000000000000e+01,6.000000000000000000e+02,0.000000000000000000e+00,9.000000000000000222e-01,2.241955142999999982e-05,1.976537462000000104e-04
5.500000000000000000e+01,6.000000000000000000e+02,0.000000000000000000e+00,9.000000000000000222e-01,2.326540188999999992e-05,2.051100225000000114e-04
5.700000000000000000e+01,6.000000000000000000e+02,0.000000000000000000e+00,9.000000000000000222e-01,2.411123996000000060e-05,2.125661276000000079e-04
5.900000000000000000e+01,6.000000000000000000e+02,0.000000000000000000e+00,9.000000000000000222e-01,2.495706563999999848e-05,2.200220613999999950e-04
6.100000000000000000e+01,6.000000000000000000e+02,0.000000000000000000e+00,9.000000000000000222e-01,2.580287894000000016e-05,2.274778240000000049e-04
6.300000000000000000e+01,6.000000000000000000e+02,0.000000000000000000e+00,9.000000000000000222e-01,2.664867985999999885e-05,2.349334154000000104e-04
6.500000000000000000e+01,6.000000000000000000e+02,0.000000000000000000e+00,9.000000000000000222e-01,2.749446839000000152e-05,2.423888355000000064e-04
6.700000000000000000e+01,6.000000000000000000e+02,0.000000000000000000e+00,9.000000000000000222e-01,2.834024455000000103e-05,2.498440843999999981e-04
6.900000000000000000e+01,6.000000000000000000e+02,0.000000000000000000e+00,9.000000000000000222e-01,2.918600832000000113e-05,2.572991620000000075e-04
7.100000000000000000e+01,6.000000000000000000e+02,0.000000000000000000e+00,9.000000000000000222e-01,3.003175969999999842e-05,2.647540685000000175e-04
7.300000000000000000e+01,6.000000000000000000e+02,0.000000000000000000e+00,9.000000000000000222e-01,3.087749871000000271e-05,2.722088037000000181e-04
7.500000000000000000e+01,6.000000000000000000e+02,0.000000000000000000e+00,9.000000000000000222e-01,3.172322533999999726e-05,2.796633676999999872e-04
7.700000000000000000e+01,6.000000000000000000e+02,0.000000000000000000e+00,9.000000000000000222e-01,3.256893958999999898e-05,2.871177604999999790e-04
7.900000000000000000e+01,6.000000000000000000e+02,0.000000000000000000e+00,9.000000000000000222e-01,3.341464144999999790e-05,2.945719822000000257e-04
8.100000000000000000e+01,6.000000000000000000e+02,0.000000000000000000e+00,9.000000000000000222e-01,3.426033094000000044e-05,3.020260326000000087e-04
8.300000000000000000e+01,6.000000000000000000e+02,0.000000000000000000e+00,9.000000000000000222e-01,3.510600804999999662e-05,3.094799118999999924e-04
8.500000000000000000e+01,6.000000000000000000e+02,0.000000000000000000e+00,9.000000000000000222e-01,3.595167277999999998e-05,3.169336199000000209e-04
8.700000000000000000e+01,6.000000000000000000e+02,0.000000000000000000e+00,9.000000000000000222e-01,3.679732514000000018e-05,3.243871567999999958e-04
8.900000000000000000e+01,6.000000000000000000e+02,0.000000000000000000e+00,9.000000000000000222e-01,3.764296510999999757e-05,3.318405226000000255e-04
9.100000000000000000e+01,6.000000000000000000e+02,0.000000000000000000e+00,9.000000000000000222e-01,3.848859270999999859e-05,3.392937172000000238e-04
9.300000000000000000e+01,6.000000000000000000e+02,0.000000000000000000e+00,9.000000000000000222e-01,3.933420794000000323e-05,3.467467405999999906e-04
9.500000000000000000e+01,6.000000000000000000e+02,0.000000000000000000e+00,9.000000000000000222e-01,4.017981077999999829e-05,3.541995929000000122e-04
9.700000000000000000e+01,6.000000000000000000e+02,0.000000000000000000e+00,9.000000000000000222e-01,4.102540126000000018e-05,3.616522740000000023e-04
9.900000000000000000e+01,6.000000000000000000e+02,0.000000000000000000e+00,9.000000000000000222e-01,4.187097934999999926e-05,3.691047839999999931e-04
1.000000000000000000e+01,6.000000000000000000e+02,0.000000000000000000e+00,9.000000000000000222e-01,4.230770168999999897e-06,3.730237021000000150e-05
3.000000000000000000e+01,6.000000000000000000e+02,0.000000000000000000e+00,9.000000000000000222e-01,1.269138089000000008e-05,1.118942569999999994e-04
5.000000000000000000e+01,6.000000000000000000e+02,0.000000000000000000e+00,9.000000000000000222e-01,2.115075253000000039e-05,1.864690104999999916e-04
7.000000000000000000e+01,6.000000000000000000e+02,0.000000000000000000e+00,9.000000000000000222e-01,2.960888555999999968e-05,2.610266366999999918e-04
9.000000000000000000e+01,6.000000000000000000e+02,0.000000000000000000e+00,9.000000000000000222e-01,3.806578046000000138e-05,3.355671413000000151e-04
1.100000000000000000e+02,6.000000000000000000e+02,0.000000000000000000e+00,9.000000000000000222e-01,4.652143770999999707e-05,4.100905302999999832e-04
1.300000000000000000e+02,6.000000000000000000e+02,0.000000000000000000e+00,9.000000000000000222e-01,5.497585779000000204e-05,4.845968095000000248e-04
1.500000000000000000e+02,6.000000000000000000e+02,0.000000000000000000e+00,9.000000000000000222e-01,6.342904117999999432e-05,5.590859847999999754e-04
1.700000000000000000e+02,6.000000000000000000e+02,0.000000000000000000e+00,9.000000000000000222e-01,7.188098835999999936e-05,6.335580621000000499e-04
1.900000000000000000e+02,6.000000000000000000e+02,0.000000000000000000e+00,9.000000000000000222e-01,8.033169979999999876e-05,7.080130472000000516e-04
2.100000000000000000e+02,6.000000000000000000e+02,0.000000000000000000e+00,9.000000000000000222e-01,8.878117597999999765e-05,7.824509459999999788e-04
2.300000000000000000e+02,6.000000000000000000e+02,0.000000000000000000e+00,9.000000000000000222e-01,9.722941738000000114e-05,8.568717644000000463e-04
2.500000000000000000e+02,6.000000000000000000e+02,0.000000000000000000e+00,9.000000000000000222e-01,1.056764244999999937e-04,9.312755080999999711e-04
2.700000000000000000e+02,6.000000000000000000e+02,0.000000000000000000e+00,9.000000000000000222e-01,1.141221976999999961e-04,1.005662182999999968e-03
2.900000000000000000e+02,6.000000000000000000e+02,0.000000000000000000e+00,9.000000000000000222e-01,1.225667376999999957e-04,1.080031795000000036e-03
3.100000000000000000e+02,6.000000000000000000e+02,0.000000000000000000e+00,9.000000000000000222e-01,1.310100447000000026e-04,1.154384349999999955e-03
3.300000000000000000e+02,6.000000000000000000e+02,0.000000000000000000e+00,9.000000000000000222e-01,1.394521194000000112e-04,1.228719853999999919e-03
3.500000000000000000e+02,6.000000000000000000e+02,0.000000000000000000e+00,9.000000000000000222e-01,1.478929621000000096e-04,1.303038312999999903e-03
3.700000000000000000e+02,6.000000000000000000e+02,0.000000000000000000e+00,9.000000000000000222e-01,1.563325734000000006e-04,1.377339732000000105e-03
3.900000000000000000e+02,6.000000000000000000e+02,0.000000000000000000e+00,9.000000000000000222e-01,1.647709537000000045e-04,1.451624117000000066e-03
4.100000000000000000e+02,6.000000000000000000e+02,0.000000000000000000e+00,9.000000000000000222e-01,1.732081034999999921e-04,1.525891474999999976e-03
4.300000000000000000e+02,6.000000000000000000e+02,0.000000000000000000e+00,9.000000000000000222e-01,1.816440232999999886e-04,1.600141810000000036e-03
4.500000000000000000e+02,6.000000000000000000e+02,0.000000000000000000e+00,9.000000000000000222e-01,1.900787135999999918e-04,1.674375129000000000e-03
4.700000000000000000e+02,6.000000000000000000e+02,0.000000000000000000e+00,9.000000000000000222e-01,1.985121746999999898e-04,1.748591438000000062e-03
4.900000000000000000e+02,6.000000000000000000e+02,0.000000000000000000e+00,9.000000000000000222e-01,2.069444072999999907e-04,1.822790741999999985e-03
5.100000000000000000e+02,6.000000000000000000e+02,0.000000000000000000e+00,9.000000000000000222e-01,2.153754117999999874e-04,1.896973047999999957e-03
5.300000000000000000e+02,6.000000000000000000e+02,0.000000000000000000e+00,9.000000000000000222e-01,2.238051885999999999e-04,1.971138361000000176e-03
5.500000000000000000e+02,6.000000000000000000e+02,0.000000000000000000e+00,9.000000000000000222e-01,2.322337383000000043e-04,2.045286686000000187e-03
5.700000000000000000e+02,6.000000000000000000e+02,0.000000000000000000e+00,9.000000000000000222e-01,2.406610611999999885e-04,2.119418030999999959e-03
5.900000000000000000e+02,6.000000000000000000e+02,0.000000000000000000e+00,9.000000000000000222e-01,2.490871578999999825e-04,2.193532399999999910e-03
6.100000000000000000e+02,6.000000000000000000e+02,0.000000000000000000e+00,9.000000000000000222e-01,2.575120289000000116e-04,2.267629799000000015e-03
6.300000000000000000e+02,6.000000000000000000e+02,0.000000000000000000e+00,9.000000000000000222e-01,2.659356746000000144e-04,2.341710233999999818e-03
6.500000000000000000e+02,6.000000000000000000e+02,0.000000000000000000e+00,9.000000000000000222e-01,2.743580954000000112e-04,2.415773711000000160e-03
6.700000000000000000e+02,6.000000000000000000e+02,0.000000000000000000e+00,9.000000000000000222e-01,2.827792918999999777e-04,2.489820237000000148e-03
6.900000000000000000e+02,6.000000000000000000e+02,0.000000000000000000e+00,9.000000000000000222e-01,2.911992646000000204e-04,2.563849815000000202e-03
7.100000000000000000e+02,6.000000000000000000e+02,0.000000000000000000e+00,9.000000000000000222e-01,2.996180138999999967e-04,2.637862452999999857e-03
7.300000000000000000e+02,6.000000000000000000e+02,0.000000000000000000e+00,9.000000000000000222e-01,3.080355401999999810e-04,2.711858155999999961e-03
7.500000000000000000e+02,6.000000000000000000e+02,0.000000000000000000e+00,9.000000000000000222e-01,3.164518441000000034e-04,2.785836930000000055e-03
7.700000000000000000e+02,6.000000000000000000e+02,0.000000000000000000e+00,9.000000000000000222e-01,3.248669259999999756e-04,2.859798781000000116e-03
7.900000000000000000e+02,6.000000000000000000e+02,0.000000000000000000e+00,9.000000000000000222e-01,3.332807864000000039e-04,2.933743714000000124e-03
8.100000000000000000e+02,6.000000000000000000e+02,0.000000000000000000e+00,9.000000000000000222e-01,3.416934257999999780e-04,3.007671735000000054e-03
8.300000000000000000e+02,6.000000000000000000e+02,0.000000000000000000e+00,9.000000000000000222e-01,3.501048446000000263e-04,3.081582849999999884e-03
8.500000000000000000e+02,6.000000000000000000e+02,0.000000000000000000e+00,9.000000000000000222e-01,3.585150432999999843e-04,3.155477066000000018e-03
8.700000000000000000e+02,6.000000000000000000e+02,0.000000000000000000e+00,9.000000000000000222e-01,3.669240222999999804e-04,3.229354386000000011e-03
8.900000000000000000e+02,6.000000000000000000e+02,0.000000000000000000e+00,9.000000000000000222e-01,3.753317821999999906e-04,3.303214818999999827e-03
9.100000000000000000e+02,6.000000000000000000e+02,0.000000000000000000e+00,9.000000000000000222e-01,3.837383233999999807e-04,3.377058367999999887e-03
9.300000000000000000e+02,6.000000000000000000e+02,0.000000000000000000e+00,9.000000000000000222e-01,3.921436464000000030e-04,3.450885040000000164e-03
9.500000000000000000e+02,6.000000000000000000e+02,0.000000000000000000e+00,9.000000000000000222e-01,4.005477516000000232e-04,3.524694841000000200e-03
9.700000000000000000e+02,6.000000000000000000e+02,0.000000000000000000e+00,9.000000000000000222e-01,4.089506396000000175e-04,3.598487775999999975e-03
9.900000000000000000e+02,6.000000000000000000e+02,0.000000000000000000e+00,9.000000000000000222e-01,4.173523106999999736e-04,3.672263850999999898e-03
1.000000000000000000e+02,6.000000000000000000e+02,0.000000000000000000e+00,9.000000000000000222e-01,4.229376375999999713e-05,3.728309749000000223e-04
3.000000000000000000e+02,6.000000000000000000e+02,0.000000000000000000e+00,9.000000000000000222e-01,1.267885452999999987e-04,1.117210205000000039e-03
5.000000000000000000e+02,6.000000000000000000e+02,0.000000000000000000e+00,9.000000000000000222e-01,2.111600631000000016e-04,1.859884019999999936e-03
7.000000000000000000e+02,6.000000000000000000e+02,0.000000000000000000e+00,9.000000000000000222e-01,2.954087920999999995e-04,2.600858251000000027e-03
9.000000000000000000e+02,6.000000000000000000e+02,0.000000000000000000e+00,9.000000000000000222e-01,3.795352050999999897e-04,3.340138703000000101e-03
1.100000000000000000e+03,6.000000000000000000e+02,0.000000000000000000e+00,9.000000000000000222e-01,4.635397722000000236e-04,4.077731153000000060e-03
1.300000000000000000e+03,6.000000000000000000e+02,0.000000000000000000e+00,9.000000000000000222e-01,5.474229611000000321e-04,4.813641351999999908e-03
1.500000000000000000e+03,6.000000000000000000e+02,0.000000000000000000e+00,9.000000000000000222e-01,6.311852372999999985e-04,5.547875023999999759e-03
1.700000000000000000e+03,6.000000000000000000e+02,0.000000000000000000e+00,9.000000000000000222e-01,7.148270638000000241e-04,6.280437869000000256e-03
1.900000000000000000e+03,6.000000000000000000e+02,0.000000000000000000e+00,9.000000000000000222e-01,7.983489014000000458e-04,7.011335559999999981e-03
2.100000000000000000e+03,6.000000000000000000e+02,0.000000000000000000e+00,9.000000000000000222e-01,8.817512084000000104e-04,7.740573742000000229e-03
2.300000000000000000e+03,6.000000000000000000e+02,0.000000000000000000e+00,9.000000000000000222e-01,9.650344406999999611e-04,8.468158035999999791e-03
2.500000000000000000e+03,6.000000000000000000e+02,0.000000000000000000e+00,9.000000000000000222e-01,1.048199052000000102e-03,9.194094039999999718e-03
2.700000000000000000e+03,6.000000000000000000e+02,0.000000000000000000e+00,9.000000000000000222e-01,1.131245494000000101e-03,9.918387322000000311e-03
2.900000000000000000e+03,6.000000000000000000e+02,0.000000000000000000e+00,9.000000000000000222e-01,1.214174215999999943e-03,1.064104343000000022e-02
3.100000000000000000e+03,6.000000000000000000e+02,0.000000000000000000e+00,9.000000000000000222e-01,1.296985665000000010e-03,1.136206787999999995e-02
3.300000000000000000e+03,6.000000000000000000e+02,0.000000000000000000e+00,9.000000000000000222e-01,1.379680285000000044e-03,1.208146616000000013e-02
3.500000000000000000e+03,6.000000000000000000e+02,0.000000000000000000e+00,9.000000000000000222e-01,1.462258519000000012e-03,1.279924376000000051e-02
3.700000000000000000e+03,6.000000000000000000e+02,0.000000000000000000e+00,9.000000000000000222e-01,1.544720807000000105e-03,1.351540610999999933e-02
3.900000000000000000e+03,6.000000000000000000e+02,0.000000000000000000e+00,9.000000000000000222e-01,1.627067587000000093e-03,1.422995862999999923e-02
4.100000000000000000e+03,6.000000000000000000e+02,0.000000000000000000e+00,9.000000000000000222e-01,1.709299293999999971e-03,1.494290671999999945e-02
4.300000000000000000e+03,6.000000000000000000e+02,0.000000000000000000e+00,9.000000000000000222e-01,1.791416363999999949e-03,1.565425575999999930e-02
4.500000000000000000e+03,6.000000000000000000e+02,0.000000000000000000e+00,9.000000000000000222e-01,1.873419226000000047e-03,1.636401109000000173e-02
4.700000000000000000e+03,6.000000000000000000e+02,0.000000000000000000e+00,9.000000000000000222e-01,1.955308310999999844e-03,1.707217802999999937e-02
4.900000000000000000e+03,6.000000000000000000e+02,0.000000000000000000e+00,9.000000000000000222e-01,2.037084045000000024e-03,1.777876188000000052e-02
5.100000000000000000e+03,6.000000000000000000e+02,0.000000000000000000e+00,9.000000000000000222e-01,2.118746852999999972e-03,1.848376792999999879e-02
5.300000000000000000e+03,6.000000000000000000e+02,0.000000000000000000e+00,9.000000000000000222e-01,2.200297160000000158e-03,1.918720142000000101e-02
5.500000000000000000e+03,6.000000000000000000e+02,0.000000000000000000e+00,9.000000000000000222e-01,2.281735384000000214e-03,1.988906757999999927e-02
5.700000000000000000e+03,6.000000000000000000e+02,0.000000000000000000e+00,9.000000000000000222e-01,2.363061946000000191e-03,2.058937162000000140e-02
5.900000000000000000e+03,6.000000000000000000e+02,0.000000000000000000e+00,9.000000000000000222e-01,2.444277262000000162e-03,2.128811872999999966e-02
6.100000000000000000e+03,6.000000000000000000e+02,0.000000000000000000e+00,9.000000000000000222e-01,2.525381746000000208e-03,2.198531404999999952e-02
6.300000000000000000e+03,6.000000000000000000e+02,0.000000000000000000e+00,9.000000000000000222e-01,2.606375811999999976e-03,2.268096274000000120e-02
6.500000000000000000e+03,6.000000000000000000e+02,0.000000000000000000e+00,9.000000000000000222e-01,2.687259868999999999e-03,2.337506988999999910e-02
6.700000000000000000e+03,6.000000000000000000e+02,0.000000000000000000e+00,9.000000000000000222e-01,2.768034326999999940e-03,2.406764060999999968e-02
6.900000000000000000e+03,6.000000000000000000e+02,0.000000000000000000e+00,9.000000000000000222e-01,2.848699591999999912e-03,2.475867995999999835e-02
7.100000000000000000e+03,6.000000000000000000e+02,0.000000000000000000e+00,9.000000000000000222e-01,2.929256068000000036e-03,2.544819300000000090e-02
7.300000000000000000e+03,6.000000000000000000e+02,0.000000000000000000e+00,9.000000000000000222e-01,3.009704158000000001e-03,2.613618473000000123e-02
7.500000000000000000e+03,6.000000000000000000e+02,0.000000000000000000e+00,9.000000000000000222e-01,3.090044262999999940e-03,2.682266016999999836e-02
7.700000000000000000e+03,6.000000000000000000e+02,0.000000000000000000e+00,9.000000000000000222e-01,3.170276780999999999e-03,2.750762429000000106e-02
7.900000000000000000e+03,6.000000000000000000e+02,0.000000000000000000e+00,9.000000000000000222e-01,3.250402109999999886e-03,2.819108206000000075e-02
8.100000000000000000e+03,6.000000000000000000e+02,0.000000000000000000e+00,9.000000000000000222e-01,3.330420643000000201e-03,2.887303839999999858e-02
8.300000000000000000e+03,6.000000000000000000e+02,0.000000000000000000e+00,9.000000000000000222e-01,3.410332773999999803e-03,2.955349824000000000e-02
8.500000000000000000e+03,6.000000000000000000e+02,0.000000000000000000e+00,9.000000000000000222e-01,3.490138893000000169e-03,3.023246645999999940e-02
8.700000000000000000e+03,6.000000000000000000e+02,0.000000000000000000e+00,9.000000000000000222e-01,3.569839390000000175e-03,3.090994794000000156e-02
8.900000000000000000e+03,6.000000000000000000e+02,0.000000000000000000e+00,9.000000000000000222e-01,3.649434652000000008e-03,3.158594751999999756e-02
9.100000000000000000e+03,6.000000000000000000e+02,0.000000000000000000e+00,9.000000000000000222e-01,3.728925064999999862e-03,3.226047004000000273e-02
9.300000000000000000e+03,6.000000000000000000e+02,0.000000000000000000e+00,9.000000000000000222e-01,3.808311009999999948e-03,3.293352030999999874e-02
9.500000000000000000e+03,6.000000000000000000e+02,0.000000000000000000e+00,9.000000000000000222e-01,3.887592871000000033e-03,3.360510309999999862e-02
9.700000000000000000e+03,6.000000000000000000e+02,0.000000000000000000e+00,9.000000000000000222e-01,3.966771027000000338e-03,3.427522319000000234e-02
9.900000000000000000e+03,6.000000000000000000e+02,0.000000000000000000e+00,9.000000000000000222e-01,4.045845856000000219e-03,3.494388533000000047e-02
1.000000000000000000e+03,6.000000000000000000e+02,0.000000000000000000e+00,9.000000000000000222e-01,4.215526900999999908e-04,3.709145567999999962e-03
3.000000000000000000e+03,6.000000000000000000e+02,0.000000000000000000e+00,9.000000000000000222e-01,1.255594571999999950e-03,1.100175926999999963e-02
5.000000000000000000e+03,6.000000000000000000e+02,0.000000000000000000e+00,9.000000000000000222e-01,2.077929538000000079e-03,1.813146179999999830e-02
7.000000000000000000e+03,6.000000000000000000e+02,0.000000000000000000e+00,9.000000000000000222e-01,2.888991403000000166e-03,2.510362696000000005e-02
9.000000000000000000e+03,6.000000000000000000e+02,0.000000000000000000e+00,9.000000000000000222e-01,3.689192941000000135e-03,3.192339311000000346e-02
1.100000000000000000e+04,6.000000000000000000e+02,0.000000000000000000e+00,9.000000000000000222e-01,4.478927155000000417e-03,3.859567614000000008e-02
1.300000000000000000e+04,6.000000000000000000e+02,0.000000000000000000e+00,9.000000000000000222e-01,5.258568463000000241e-03,4.512518135000000152e-02
1.500000000000000000e+04,6.000000000000000000e+02,0.000000000000000000e+00,9.000000000000000222e-01,6.028473785000000237e-03,5.151641481000000106e-02
1.700000000000000000e+04,6.000000000000000000e+02,0.000000000000000000e+00,9.000000000000000222e-01,6.788983571000000057e-03,5.777369377000000222e-02
1.900000000000000000e+04,6.000000000000000000e+02,0.000000000000000000e+00,9.000000000000000222e-01,7.540422742999999817e-03,6.390115659999999476e-02
2.100000000000000000e+04,6.000000000000000000e+02,0.000000000000000000e+00,9.000000000000000222e-01,8.283101584000000447e-03,6.990277198000000025e-02
2.300000000000000000e+04,6.000000000000000000e+02,0.000000000000000000e+00,9.000000000000000222e-01,9.017316557000000857e-03,7.578234757000000543e-02
2.500000000000000000e+04,6.000000000000000000e+02,0.000000000000000000e+00,9.000000000000000222e-01,9.743351076000000485e-03,8.154353814999999728e-02
2.700000000000000000e+04,6.000000000000000000e+02,0.000000000000000000e+00,9.000000000000000222e-01,1.046147621999999992e-02,8.718985328999999396e-02
2.900000000000000000e+04,6.000000000000000000e+02,0.000000000000000000e+00,9.000000000000000222e-01,1.117195141999999947e-02,9.272466450999999887e-02
3.100000000000000000e+04,6.000000000000000000e+02,0.000000000000000000e+00,9.000000000000000222e-01,1.187502504000000070e-02,9.815121204000000488e-02
3.300000000000000000e+04,6.000000000000000000e+02,0.000000000000000000e+00,9.000000000000000222e-01,1.257093503999999994e-02,1.034726111999999948e-01
3.500000000000000000e+04,6.000000000000000000e+02,0.000000000000000000e+00,9.000000000000000222e-01,1.325990944000000026e-02,1.086918583999999938e-01
3.700000000000000000e+04,6.000000000000000000e+02,0.000000000000000000e+00,9.000000000000000222e-01,1.394216690000000050e-02,1.138118369000000046e-01
3.900000000000000000e+04,6.000000000000000000e+02,0.000000000000000000e+00,9.000000000000000222e-01,1.461791716999999956e-02,1.188353216999999962e-01
4.100000000000000000e+04,6.000000000000000000e+02,0.000000000000000000e+00,9.000000000000000222e-01,1.528736154999999972e-02,1.237649853000000050e-01
4.300000000000000000e+04,6.000000000000000000e+02,0.000000000000000000e+00,9.000000000000000222e-01,1.595069333999999880e-02,1.286034017000000085e-01
4.500000000000000000e+04,6.000000000000000000e+02,0.000000000000000000e+00,9.000000000000000222e-01,1.660809817999999924e-02,1.333530515999999944e-01
4.700000000000000000e+04,6.000000000000000000e+02,0.000000000000000000e+00,9.000000000000000222e-01,1.725975449999999842e-02,1.380163258999999865e-01
4.900000000000000000e+04,6.000000000000000000e+02,0.000000000000000000e+00,9.000000000000000222e-01,1.790583382000000140e-02,1.425955302999999952e-01
5.100000000000000000e+04,6.000000000000000000e+02,0.000000000000000000e+00,9.000000000000000222e-01,1.854650109000000047e-02,1.470928890000000044e-01
5.300000000000000000e+04,6.000000000000000000e+02,0.000000000000000000e+00,9.000000000000000222e-01,1.918191504000000061e-02,1.515105478999999866e-01
5.500000000000000000e+04,6.000000000000000000e+02,0.000000000000000000e+00,9.000000000000000222e-01,1.981222845000000024e-02,1.558505785000000032e-01
5.700000000000000000e+04,6.000000000000000000e+02,0.000000000000000000e+00,9.000000000000000222e-01,2.043758840000000146e-02,1.601149808000000008e-01
5.900000000000000000e+04,6.000000000000000000e+02,0.000000000000000000e+00,9.000000000000000222e-01,2.105813658999999838e-02,1.643056867000000087e-01
6.100000000000000000e+04,6.000000000000000000e+02,0.000000000000000000e+00,9.000000000000000222e-01,2.167400955999999879e-02,1.684245624000000052e-01
6.300000000000000000e+04,6.000000000000000000e+02,0.000000000000000000e+00,9.000000000000000222e-01,2.228533892000000155e-02,1.724734116999999955e-01
6.500000000000000000e+04,6.000000000000000000e+02,0.000000000000000000e+00,9.000000000000000222e-01,2.289225158999999912e-02,1.764539780999999918e-01
6.700000000000000000e+04,6.000000000000000000e+02,0.000000000000000000e+00,9.000000000000000222e-01,2.349486997999999938e-02,1.803679478000000114e-01
6.900000000000000000e+04,6.000000000000000000e+02,0.000000000000000000e+00,9.000000000000000222e-01,2.409331224000000118e-02,1.842169516999999923e-01
7.100000000000000000e+04,6.000000000000000000e+02,0.000000000000000000e+00,9.000000000000000222e-01,2.468769239999999907e-02,1.880025677000000117e-01
7.300000000000000000e+04,6.000000000000000000e+02,0.000000000000000000e+00,9.000000000000000222e-01,2.527812055000000155e-02,1.917263231000000123e-01
7.500000000000000000e+04,6.000000000000000000e+02,0.000000000000000000e+00,9.000000000000000222e-01,2.586470303999999915e-02,1.953896961999999904e-01
7.700000000000000000e+04,6.000000000000000000e+02,0.000000000000000000e+00,9.000000000000000222e-01,2.644754263999999841e-02,1.989941185999999917e-01
7.900000000000000000e+04,6.000000000000000000e+02,0.000000000000000000e+00,9.000000000000000222e-01,2.702673864999999981e-02,2.025409770000000109e-01
8.100000000000000000e+04,6.000000000000000000e+02,0.000000000000000000e+00,9.000000000000000222e-01,2.760238708999999957e-02,2.060316145999999959e-01
8.300000000000000000e+04,6.000000000000000000e+02,0.000000000000000000e+00,9.000000000000000222e-01,2.817458080000000142e-02,2.094673334000000109e-01
8.500000000000000000e+04,6.000000000000000000e+02,0.000000000000000000e+00,9.000000000000000222e-01,2.874340962000000027e-02,2.128493952000000133e-01
8.700000000000000000e+04,6.000000000000000000e+02,0.000000000000000000e+00,9.000000000000000222e-01,2.930896044000000020e-02,2.161790234000000033e-01
8.900000000000000000e+04,6.000000000000000000e+02,0.000000000000000000e+00,9.000000000000000222e-01,2.987131739999999980e-02,2.194574046999999972e-01
9.100000000000000000e+04,6.000000000000000000e+02,0.000000000000000000e+00,9.000000000000000222e-01,3.043056195000000061e-02,2.226856899000000112e-01
9.300000000000000000e+04,6.000000000000000000e+02,0.000000000000000000e+00,9.000000000000000222e-01,3.098677294000000068e-02,2.258649956999999875e-01
9.500000000000000000e+04,6.000000000000000000e+02,0.000000000000000000e+00,9.000000000000000222e-01,3.154002680000000253e-02,2.289964059000000052e-01
9.700000000000000000e+04,6.000000000000000000e+02,0.000000000000000000e+00,9.000000000000000222e-01,3.209039754000000272e-02,2.320809722000000130e-01
9.900000000000000000e+04,6.000000000000000000e+02,0.000000000000000000e+00,9.000000000000000222e-01,3.263795693000000331e-02,2.351197161999999952e-01
1.000000000000000000e+04,6.000000000000000000e+02,0.000000000000000000e+00,9.000000000000000222e-01,4.085344640000000346e-03,3.527767114000000120e-02
3.000000000000000000e+04,6.000000000000000000e+02,0.000000000000000000e+00,9.000000000000000222e-01,1.152439832000000039e-02,9.545127367000000307e-02
5.000000000000000000e+04,6.000000000000000000e+02,0.000000000000000000e+00,9.000000000000000222e-01,1.822683389999999945e-02,1.448543043999999946e-01
7.000000000000000000e+04,6.000000000000000000e+02,0.000000000000000000e+00,9.000000000000000222e-01,2.439100311000000007e-02,1.861175865999999957e-01
9.000000000000000000e+04,6.000000000000000000e+02,0.000000000000000000e+00,9.000000000000000222e-01,3.015132373999999948e-02,2.210777388000000065e-01
1.100000000000000000e+05,6.000000000000000000e+02,0.000000000000000000e+00,9.000000000000000222e-01,3.560228542999999829e-02,2.510566591999999764e-01
1.300000000000000000e+05,6.000000000000000000e+02,0.000000000000000000e+00,9.000000000000000222e-01,4.081233583999999831e-02,2.770304412999999855e-01
1.500000000000000000e+05,6.000000000000000000e+02,0.000000000000000000e+00,9.000000000000000222e-01,4.583230669999999868e-02,2.997357224000000153e-01
1.700000000000000000e+05,6.000000000000000000e+02,0.000000000000000000e+00,9.000000000000000222e-01,5.070073668999999783e-02,3.197389895000000148e-01
1.900000000000000000e+05,6.000000000000000000e+02,0.000000000000000000e+00,9.000000000000000222e-01,5.544735146000000225e-02,3.374830942000000000e-01
2.100000000000000000e+05,6.000000000000000000e+02,0.000000000000000000e+00,9.000000000000000222e-01,6.009540719999999919e-02,3.533192816999999875e-01
2.300000000000000000e+05,6.000000000000000000e+02,0.000000000000000000e+00,9.000000000000000222e-01,6.466331032000000034e-02,3.675297429000000116e-01
2.500000000000000000e+05,6.000000000000000000e+02,0.000000000000000000e+00,9.000000000000000222e-01,6.916576272999999664e-02,3.803438116999999785e-01
2.700000000000000000e+05,6.000000000000000000e+02,0.000000000000000000e+00,9.000000000000000222e-01,7.361458824000000067e-02,3.919498041000000210e-01
2.900000000000000000e+05,6.000000000000000000e+02,0.000000000000000000e+00,9.000000000000000222e-01,7.801934003999999589e-02,4.025038105000000033e-01
3.100000000000000000e+05,6.000000000000000000e+02,0.000000000000000000e+00,9.000000000000000222e-01,8.238775461000000244e-02,4.121363183000000263e-01
3.300000000000000000e+05,6.000000000000000000e+02,0.000000000000000000e+00,9.000000000000000222e-01,8.672609621000000601e-02,4.209572647000000001e-01
3.500000000000000000e+05,6.000000000000000000e+02,0.000000000000000000e+00,9.000000000000000222e-01,9.103942207000000064e-02,4.290599388999999930e-01
3.700000000000000000e+05,6.000000000000000000e+02,0.000000000000000000e+00,9.000000000000000222e-01,9.533178935000000132e-02,4.365240261000000177e-01
3.900000000000000000e+05,6.000000000000000000e+02,0.000000000000000000e+00,9.000000000000000222e-01,9.960641859999999626e-02,4.434180078000000136e-01
4.100000000000000000e+05,6.000000000000000000e+02,0.000000000000000000e+00,9.000000000000000222e-01,1.038658246999999979e-01,4.498010706000000192e-01
4.300000000000000000e+05,6.000000000000000000e+02,0.000000000000000000e+00,9.000000000000000222e-01,1.081119225999999933e-01,4.557246369999999880e-01
4.500000000000000000e+05,6.000000000000000000e+02,0.000000000000000000e+00,9.000000000000000222e-01,1.123461146999999993e-01,4.612336029999999920e-01
4.700000000000000000e+05,6.000000000000000000e+02,0.000000000000000000e+00,9.000000000000000222e-01,1.165693621999999985e-01,4.663673465000000018e-01
4.900000000000000000e+05,6.000000000000000000e+02,0.000000000000000000e+00,9.000000000000000222e-01,1.207822461999999986e-01,4.711605528000000209e-01
5.100000000000000000e+05,6.000000000000000000e+02,0.000000000000000000e+00,9.000000000000000222e-01,1.249850183999999947e-01,4.756438966000000046e-01
5.300000000000000000e+05,6.000000000000000000e+02,0.000000000000000000e+00,9.000000000000000222e-01,1.291776456000000017e-01,4.798446077999999893e-01
5.500000000000000000e+05,6.000000000000000000e+02,0.000000000000000000e+00,9.000000000000000222e-01,1.333598477000000060e-01,4.837869434000000024e-01
5.700000000000000000e+05,6.000000000000000000e+02,0.000000000000000000e+00,9.000000000000000222e-01,1.375311312999999980e-01,4.874925834000000124e-01
5.900000000000000000e+05,6.000000000000000000e+02,0.000000000000000000e+00,9.000000000000000222e-01,1.416908189999999956e-01,4.909809650999999997e-01
6.100000000000000000e+05,6.000000000000000000e+02,0.000000000000000000e+00,9.000000000000000222e-01,1.458380763999999885e-01,4.942695657999999770e-01
6.300000000000000000e+05,6.000000000000000000e+02,0.000000000000000000e+00,9.000000000000000222e-01,1.499719354000000060e-01,4.973741432000000073e-01
6.500000000000000000e+05,6.000000000000000000e+02,0.000000000000000000e+00,9.000000000000000222e-01,1.540913161999999947e-01,5.003089411000000153e-01
6.700000000000000000e+05,6.000000000000000000e+02,0.000000000000000000e+00,9.000000000000000222e-01,1.581950467000000082e-01,5.030868661999999825e-01
6.900000000000000000e+05,6.000000000000000000e+02,0.000000000000000000e+00,9.000000000000000222e-01,1.622818808000000002e-01,5.057196393999999762e-01
7.100000000000000000e+05,6.000000000000000000e+02,0.000000000000000000e+00,9.000000000000000222e-01,1.663505145999999990e-01,5.082179273000000386e-01
7.300000000000000000e+05,6.000000000000000000e+02,0.000000000000000000e+00,9.000000000000000222e-01,1.703996016999999863e-01,5.105914565000000405e-01
7.500000000000000000e+05,6.000000000000000000e+02,0.000000000000000000e+00,9.000000000000000222e-01,1.744277672000000001e-01,5.128491120999999486e-01
7.700000000000000000e+05,6.000000000000000000e+02,0.000000000000000000e+00,9.000000000000000222e-01,1.784336206999999896e-01,5.149990250000000547e-01
7.900000000000000000e+05,6.000000000000000000e+02,0.000000000000000000e+00,9.000000000000000222e-01,1.824157678999999976e-01,5.170486472999999972e-01
8.100000000000000000e+05,6.000000000000000000e+02,0.000000000000000000e+00,9.000000000000000222e-01,1.863728213999999994e-01,5.190048190999999589e-01
8.300000000000000000e+05,6.000000000000000000e+02,0.000000000000000000e+00,9.000000000000000222e-01,1.903034108999999974e-01,5.208738277000000139e-01
8.500000000000000000e+05,6.000000000000000000e+02,0.000000000000000000e+00,9.000000000000000222e-01,1.942061915999999944e-01,5.226614592999999642e-01
8.700000000000000000e+05,6.000000000000000000e+02,0.000000000000000000e+00,9.000000000000000222e-01,1.980798528000000114e-01,5.243730452000000541e-01
8.900000000000000000e+05,6.000000000000000000e+02,0.000000000000000000e+00,9.000000000000000222e-01,2.019231244999999952e-01,5.260135031999999544e-01
9.100000000000000000e+05,6.000000000000000000e+02,0.000000000000000000e+00,9.000000000000000222e-01,2.057347843000000009e-01,5.275873737999999813e-01
9.300000000000000000e+05,6.000000000000000000e+02,0.000000000000000000e+00,9.000000000000000222e-01,2.095136628000000001e-01,5.290988533999999577e-01
9.500000000000000000e+05,6.000000000000000000e+02,0.000000000000000000e+00,9.000000000000000222e-01,2.132586482999999922e-01,5.305518234999999638e-01
9.700000000000000000e+05,6.000000000000000000e+02,0.000000000000000000e+00,9.000000000000000222e-01,2.169686908000000025e-01,5.319498772999999847e-01
9.900000000000000000e+05,6.000000000000000000e+02,0.000000000000000000e+00,9.000000000000000222e-01,2.206428054000000027e-01,5.332963436000000002e-01
1.000000000000000000e+05,6.000000000000000000e+02,0.000000000000000000e+00,9.000000000000000222e-01,3.291070417999999997e-02,2.366222158000000075e-01
3.000000000000000000e+05,6.000000000000000000e+02,0.000000000000000000e+00,9.000000000000000222e-01,8.020766690000000199e-02,4.074279494999999973e-01
5.000000000000000000e+05,6.000000000000000000e+02,0.000000000000000000e+00,9.000000000000000222e-01,1.228848921000000038e-01,4.734391808000000257e-01
7.000000000000000000e+05,6.000000000000000000e+02,0.000000000000000000e+00,9.000000000000000222e-01,1.643185561000000128e-01,5.069849653000000345e-01
9.000000000000000000e+05,6.000000000000000000e+02,0.000000000000000000e+00,9.000000000000000222e-01,2.038329802999999940e-01,5.268084919000000088e-01
1.100000000000000000e+06,6.000000000000000000e+02,0.000000000000000000e+00,9.000000000000000222e-01,2.401707966000000138e-01,5.399070507000000019e-01
1.300000000000000000e+06,6.000000000000000000e+02,0.000000000000000000e+00,9.000000000000000222e-01,2.725046755000000154e-01,5.493767119000000365e-01
1.500000000000000000e+06,6.000000000000000000e+02,0.000000000000000000e+00,9.000000000000000222e-01,3.006551825000000067e-01,5.567033581000000453e-01
1.700000000000000000e+06,6.000000000000000000e+02,0.000000000000000000e+00,9.000000000000000222e-01,3.249189054000000132e-01,5.626402929999999580e-01
1.900000000000000000e+06,6.000000000000000000e+02,0.000000000000000000e+00,9.000000000000000222e-01,3.458138966000000036e-01,5.675956487000000106e-01
2.100000000000000000e+06,6.000000000000000000e+02,0.000000000000000000e+00,9.000000000000000222e-01,3.638958842000000193e-01,5.718108119999999461e-01
2.300000000000000000e+06,6.000000000000000000e+02,0.000000000000000000e+00,9.000000000000000222e-01,3.796665115999999784e-01,5.754427458999999967e-01
2.500000000000000000e+06,6.000000000000000000e+02,0.000000000000000000e+00,9.000000000000000222e-01,3.935436445000000116e-01,5.786022025999999485e-01
2.700000000000000000e+06,6.000000000000000000e+02,0.000000000000000000e+00,9.000000000000000222e-01,4.058623801999999836e-01,5.813720613999999731e-01
2.900000000000000000e+06,6.000000000000000000e+02,0.000000000000000000e+00,9.000000000000000222e-01,4.168873690000000076e-01,5.838167447000000010e-01
3.100000000000000000e+06,6.000000000000000000e+02,0.000000000000000000e+00,9.000000000000000222e-01,4.268271258999999929e-01,5.859875275999999467e-01
3.300000000000000000e+06,6.000000000000000000e+02,0.000000000000000000e+00,9.000000000000000222e-01,4.358467502000000215e-01,5.879258469000000487e-01
3.500000000000000000e+06,6.000000000000000000e+02,0.000000000000000000e+00,9.000000000000000222e-01,4.440781327000000167e-01,5.896655458999999766e-01
3.700000000000000000e+06,6.000000000000000000e+02,0.000000000000000000e+00,9.000000000000000222e-01,4.516277776000000022e-01,5.912344935000000135e-01
3.900000000000000000e+06,6.000000000000000000e+02,0.000000000000000000e+00,9.000000000000000222e-01,4.585826758000000059e-01,5.926557986999999583e-01
4.100000000000000000e+06,6.000000000000000000e+02,0.000000000000000000e+00,9.000000000000000222e-01,4.650146851999999997e-01,5.939487437999999564e-01
4.300000000000000000e+06,6.000000000000000000e+02,0.000000000000000000e+00,9.000000000000000222e-01,4.709838020000000069e-01,5.951295129000000461e-01
4.500000000000000000e+06,6.000000000000000000e+02,0.000000000000000000e+00,9.000000000000000222e-01,4.765406194999999845e-01,5.962117661000000401e-01
4.700000000000000000e+06,6.000000000000000000e+02,0.000000000000000000e+00,9.000000000000000222e-01,4.817281905999999947e-01,5.972070950000000211e-01
4.900000000000000000e+06,6.000000000000000000e+02,0.000000000000000000e+00,9.000000000000000222e-01,4.865834546999999732e-01,5.981253872999999777e-01
5.100000000000000000e+06,6.000000000000000000e+02,0.000000000000000000e+00,9.000000000000000222e-01,4.911383420000000055e-01,5.989751194000000334e-01
5.300000000000000000e+06,6.000000000000000000e+02,0.000000000000000000e+00,9.000000000000000222e-01,4.954206384000000019e-01,5.997635927000000144e-01
5.500000000000000000e+06,6.000000000000000000e+02,0.000000000000000000e+00,9.000000000000000222e-01,4.994546698999999812e-01,6.004971256000000146e-01
5.700000000000000000e+06,6.000000000000000000e+02,0.000000000000000000e+00,9.000000000000000222e-01,5.032618492000000554e-01,6.011812099000000131e-01
5.900000000000000000e+06,6.000000000000000000e+02,0.000000000000000000e+00,9.000000000000000222e-01,5.068611188999999628e-01,6.018206389000000378e-01
6.100000000000000000e+06,6.000000000000000000e+02,0.000000000000000000e+00,9.000000000000000222e-01,5.102693112999999725e-01,6.024196134999999508e-01
6.300000000000000000e+06,6.000000000000000000e+02,0.000000000000000000e+00,9.000000000000000222e-01,5.135014451999999618e-01,6.029818290999999775e-01
6.500000000000000000e+06,6.000000000000000000e+02,0.000000000000000000e+00,9.000000000000000222e-01,5.165709719000000089e-01,6.035105488999999990e-01
6.700000000000000000e+06,6.000000000000000000e+02,0.000000000000000000e+00,9.000000000000000222e-01,5.194899804000000509e-01,6.040086637999999564e-01
6.900000000000000000e+06,6.000000000000000000e+02,0.000000000000000000e+00,9.000000000000000222e-01,5.222693707000000130e-01,6.044787443000000371e-01
7.100000000000000000e+06,6.000000000000000000e+02,0.000000000000000000e+00,9.000000000000000222e-01,5.249189995999999914e-01,6.049230824000000339e-01
7.300000000000000000e+06,6.000000000000000000e+02,0.000000000000000000e+00,9.000000000000000222e-01,5.274478054000000249e-01,6.053437285999999640e-01
7.500000000000000000e+06,6.000000000000000000e+02,0.000000000000000000e+00,9.000000000000000222e-01,5.298639146000000411e-01,6.057425223000000303e-01
7.700000000000000000e+06,6.000000000000000000e+02,0.000000000000000000e+00,9.000000000000000222e-01,5.321747337000000133e-01,6.061211183000000391e-01
7.900000000000000000e+06,6.000000000000000000e+02,0.000000000000000000e+00,9.000000000000000222e-01,5.343870282999999555e-01,6.064810090000000153e-01
8.100000000000000000e+06,6.000000000000000000e+02,0.000000000000000000e+00,9.000000000000000222e-01,5.365069918999999521e-01,6.068235440000000480e-01
8.300000000000000000e+06,6.000000000000000000e+02,0.000000000000000000e+00,9.000000000000000222e-01,5.385403060000000242e-01,6.071499463999999735e-01
8.500000000000000000e+06,6.000000000000000000e+02,0.000000000000000000e+00,9.000000000000000222e-01,5.404921926000000321e-01,6.074613275000000367e-01
8.700000000000000000e+06,6.000000000000000000e+02,0.000000000000000000e+00,9.000000000000000222e-01,5.423674598000000069e-01,6.077586990000000133e-01
8.900000000000000000e+06,6.000000000000000000e+02,0.000000000000000000e+00,9.000000000000000222e-01,5.441705427999999900e-01,6.080429842000000251e-01
9.100000000000000000e+06,6.000000000000000000e+02,0.000000000000000000e+00,9.000000000000000222e-01,5.459055393999999728e-01,6.083150268000000471e-01
9.300000000000000000e+06,6.000000000000000000e+02,0.000000000000000000e+00,9.000000000000000222e-01,5.475762419999999908e-01,6.085755999999999943e-01
9.500000000000000000e+06,6.000000000000000000e+02,0.000000000000000000e+00,9.000000000000000222e-01,5.491861651999999649e-01,6.088254131000000458e-01
9.700000000000000000e+06,6.000000000000000000e+02,0.000000000000000000e+00,9.000000000000000222e-01,5.507385715000000515e-01,6.090651185000000023e-01
9.900000000000000000e+06,6.000000000000000000e+02,0.000000000000000000e+00,9.000000000000000222e-01,5.522364932000000115e-01,6.092953166000000254e-01
1.000000000000000000e+06,6.000000000000000000e+02,0.000000000000000000e+00,9.000000000000000222e-01,2.224661005000000136e-01,5.339512046000000067e-01
3.000000000000000000e+06,6.000000000000000000e+02,0.000000000000000000e+00,9.000000000000000222e-01,4.219816973000000138e-01,5.849335834000000123e-01
5.000000000000000000e+06,6.000000000000000000e+02,0.000000000000000000e+00,9.000000000000000222e-01,4.888966203999999816e-01,5.985583419000000127e-01
7.000000000000000000e+06,6.000000000000000000e+02,0.000000000000000000e+00,9.000000000000000222e-01,5.236098264999999863e-01,6.047039977000000510e-01
9.000000000000000000e+06,6.000000000000000000e+02,0.000000000000000000e+00,9.000000000000000222e-01,5.450463080999999876e-01,6.081804858999999563e-01
1.100000000000000000e+07,6.000000000000000000e+02,0.000000000000000000e+00,9.000000000000000222e-01,5.596181640999999818e-01,6.104142341999999610e-01
1.300000000000000000e+07,6.000000000000000000e+02,0.000000000000000000e+00,9.000000000000000222e-01,5.701702614000000446e-01,6.119701606999999877e-01
1.500000000000000000e+07,6.000000000000000000e+02,0.000000000000000000e+00,9.000000000000000222e-01,5.781648483000000338e-01,6.131160119999999880e-01
1.700000000000000000e+07,6.000000000000000000e+02,0.000000000000000000e+00,9.000000000000000222e-01,5.844313886999999985e-01,6.139949604000000116e-01
1.900000000000000000e+07,6.000000000000000000e+02,0.000000000000000000e+00,9.000000000000000222e-01,5.894755915999999596e-01,6.146904877000000100e-01
2.100000000000000000e+07,6.000000000000000000e+02,0.000000000000000000e+00,9.000000000000000222e-01,5.936233603999999664e-01,6.152545522000000267e-01
2.300000000000000000e+07,6.000000000000000000e+02,0.000000000000000000e+00,9.000000000000000222e-01,5.970941904000000022e-01,6.157211833000000301e-01
2.500000000000000000e+07,6.000000000000000000e+02,0.000000000000000000e+00,9.000000000000000222e-01,6.000413221000000519e-01,6.161135999000000307e-01
2.700000000000000000e+07,6.000000000000000000e+02,0.000000000000000000e+00,9.000000000000000222e-01,6.025749870000000064e-01,6.164481874999999667e-01
2.900000000000000000e+07,6.000000000000000000e+02,0.000000000000000000e+00,9.000000000000000222e-01,6.047765073999999963e-01,6.167368393000000060e-01
3.100000000000000000e+07,6.000000000000000000e+02,0.000000000000000000e+00,9.000000000000000222e-01,6.067071906000000014e-01,6.169883970999999745e-01
3.300000000000000000e+07,6.000000000000000000e+02,0.000000000000000000e+00,9.000000000000000222e-01,6.084141296999999726e-01,6.172095708999999486e-01
3.500000000000000000e+07,6.000000000000000000e+02,0.000000000000000000e+00,9.000000000000000222e-01,6.099340973000000332e-01,6.174055445999999669e-01
3.700000000000000000e+07,6.000000000000000000e+02,0.000000000000000000e+00,9.000000000000000222e-01,6.112962263000000229e-01,6.175803866000000308e-01
3.900000000000000000e+07,6.000000000000000000e+02,0.000000000000000000e+00,9.000000000000000222e-01,6.125238954999999708e-01,6.177373345000000127e-01
4.100000000000000000e+07,6.000000000000000000e+02,0.000000000000000000e+00,9.000000000000000222e-01,6.136360835999999930e-01,6.178789969000000326e-01
4.300000000000000000e+07,6.000000000000000000e+02,0.000000000000000000e+00,9.000000000000000222e-01,6.146483579999999503e-01,6.180074988999999519e-01
4.500000000000000000e+07,6.000000000000000000e+02,0.000000000000000000e+00,9.000000000000000222e-01,6.155736080999999471e-01,6.181245895000000434e-01
4.700000000000000000e+07,6.000000000000000000e+02,0.000000000000000000e+00,9.000000000000000222e-01,6.164225974000000496e-01,6.182317206999999870e-01
4.900000000000000000e+07,6.000000000000000000e+02,0.000000000000000000e+00,9.000000000000000222e-01,6.172043847999999500e-01,6.183301086000000391e-01
5.100000000000000000e+07,6.000000000000000000e+02,0.000000000000000000e+00,9.000000000000000222e-01,6.179266486000000169e-01,6.184207790000000315e-01
5.300000000000000000e+07,6.000000000000000000e+02,0.000000000000000000e+00,9.000000000000000222e-01,6.185959404999999967e-01,6.185046032000000027e-01
5.500000000000000000e+07,6.000000000000000000e+02,0.000000000000000000e+00,9.000000000000000222e-01,6.192178845000000376e-01,6.185823263999999932e-01
5.700000000000000000e+07,6.000000000000000000e+02,0.000000000000000000e+00,9.000000000000000222e-01,6.197973356999999517e-01,6.186545893999999546e-01
5.900000000000000000e+07,6.000000000000000000e+02,0.000000000000000000e+00,9.000000000000000222e-01,6.203385071000000472e-01,6.187219462999999919e-01
6.100000000000000000e+07,6.000000000000000000e+02,0.000000000000000000e+00,9.000000000000000222e-01,6.208450727000000002e-01,6.187848786999999851e-01
6.300000000000000000e+07,6.000000000000000000e+02,0.000000000000000000e+00,9.000000000000000222e-01,6.213202508999999818e-01,6.188438074000000011e-01
6.500000000000000000e+07,6.000000000000000000e+02,0.000000000000000000e+00,9.000000000000000222e-01,6.217668727999999811e-01,6.188991012000000236e-01
6.700000000000000000e+07,6.000000000000000000e+02,0.000000000000000000e+00,9.000000000000000222e-01,6.221874389999999533e-01,6.189510852999999813e-01
6.900000000000000000e+07,6.000000000000000000e+02,0.000000000000000000e+00,9.000000000000000222e-01,6.225841664000000275e-01,6.190000469999999977e-01
7.100000000000000000e+07,6.000000000000000000e+02,0.000000000000000000e+00,9.000000000000000222e-01,6.229590273999999761e-01,6.190462413999999747e-01
7.300000000000000000e+07,6.000000000000000000e+02,0.000000000000000000e+00,9.000000000000000222e-01,6.233137825000000243e-01,6.190898956999999481e-01
7.500000000000000000e+07,6.000000000000000000e+02,0.000000000000000000e+00,9.000000000000000222e-01,6.236500081000000417e-01,6.191312129999999581e-01
7.700000000000000000e+07,6.000000000000000000e+02,0.000000000000000000e+00,9.000000000000000222e-01,6.239691201000000520e-01,6.191703751999999561e-01
7.900000000000000000e+07,6.000000000000000000e+02,0.000000000000000000e+00,9.000000000000000222e-01,6.242723935999999751e-01,6.192075459000000448e-01
8.100000000000000000e+07,6.000000000000000000e+02,0.000000000000000000e+00,9.000000000000000222e-01,6.245609801000000516e-01,6.192428723999999773e-01
8.300000000000000000e+07,6.000000000000000000e+02,0.000000000000000000e+00,9.000000000000000222e-01,6.248359221999999491e-01,6.192764881000000221e-01
8.500000000000000000e+07,6.000000000000000000e+02,0.000000000000000000e+00,9.000000000000000222e-01,6.250981660000000106e-01,6.193085136000000546e-01
8.700000000000000000e+07,6.000000000000000000e+02,0.000000000000000000e+00,9.000000000000000222e-01,6.253485720000000470e-01,6.193390586000000475e-01
8.900000000000000000e+07,6.000000000000000000e+02,0.000000000000000000e+00,9.000000000000000222e-01,6.255879249000000364e-01,6.193682229000000428e-01
9.100000000000000000e+07,6.000000000000000000e+02,0.000000000000000000e+00,9.000000000000000222e-01,6.258169412999999848e-01,6.193960975000000202e-01
9.300000000000000000e+07,6.000000000000000000e+02,0.000000000000000000e+00,9.000000000000000222e-01,6.260362772999999992e-01,6.194227655999999804e-01
9.500000000000000000e+07,6.000000000000000000e+02,0.000000000000000000e+00,9.000000000000000222e-01,6.262465345000000072e-01,6.194483034000000110e-01
9.700000000000000000e+07,6.000000000000000000e+02,0.000000000000000000e+00,9.000000000000000222e-01,6.264482658000000148e-01,6.194727808000000113e-01
9.900000000000000000e+07,6.000000000000000000e+02,0.000000000000000000e+00,9.000000000000000222e-01,6.266419799000000346e-01,6.194962621999999808e-01
1.000000000000000000e+07,6.000000000000000000e+02,0.000000000000000000e+00,9.000000000000000222e-01,5.529659120000000039e-01,6.094070252000000076e-01
3.000000000000000000e+07,6.000000000000000000e+02,0.000000000000000000e+00,9.000000000000000222e-01,6.057724800999999548e-01,6.168667938999999878e-01
5.000000000000000000e+07,6.000000000000000000e+02,0.000000000000000000e+00,9.000000000000000222e-01,6.175725238000000505e-01,6.183763507999999742e-01
7.000000000000000000e+07,6.000000000000000000e+02,0.000000000000000000e+00,9.000000000000000222e-01,6.227742156000000140e-01,6.190234753000000145e-01
9.000000000000000000e+07,6.000000000000000000e+02,0.000000000000000000e+00,9.000000000000000222e-01,6.257036827999999939e-01,6.193823160000000438e-01
1.000000000000000000e+08,6.000000000000000000e+02,0.000000000000000000e+00,9.000000000000000222e-01,6.267359785999999655e-01,6.195076481000000301e-01
