# pressure,temperature,f1,f2,molkg1,molkg2
1.000000000000000000e+00,6.000000000000000000e+02,0.000000000000000000e+00,9.000000000000000222e-01,2.115455390000000024e-07,3.808147363999999878e-06
3.000000000000000000e+00,6.000000000000000000e+02,0.000000000000000000e+00,9.000000000000000222e-01,6.346323103000000390e-07,1.142431216999999993e-05
5.000000000000000000e+00,6.000000000000000000e+02,0.000000000000000000e+00,9.000000000000000222e-01,1.057713339999999953e-06,1.904030373000000024e-05
7.000000000000000000e+00,6.000000000000000000e+02,0.000000000000000000e+00,9.000000000000000222e-01,1.480788627000000009e-06,2.665612206999999943e-05
9.000000000000000000e+00,6.000000000000000000e+02,0.000000000000000000e+00,9.000000000000000222e-01,1.903858173000000099e-06,3.427176719000000257e-05
1.100000000000000000e+01,6.000000000000000000e+02,0.000000000000000000e+00,9.000000000000000222e-01,2.326921978000000009e-06,4.188723909000000289e-05
1.300000000000000000e+01,6.000000000000000000e+02,0.000000000000000000e+00,9.000000000000000222e-01,2.749980040999999843e-06,4.950253777999999682e-05
1.500000000000000000e+01,6.000000000000000000e+02,0.000000000000000000e+00,9.000000000000000222e-01,3.173032364000000030e-06,5.711766327000000114e-05
1.700000000000000000e+01,6.000000000000000000e+02,0.000000000000000000e+00,9.000000000000000222e-01,3.596078944999999930e-06,6.473261556000000228e-05
1.900000000000000000e+01,6.000000000000000000e+02,0.000000000000000000e+00,9.000000000000000222e-01,4.019119785999999759e-06,7.234739465999999669e-05
2.100000000000000000e+01,6.000000000000000000e+02,0.000000000000000000e+00,9.000000000000000222e-01,4.442154886999999943e-06,7.996200056999999792e-05
2.300000000000000000e+01,6.000000000000000000e+02,0.000000000000000000e+00,9.000000000000000222e-01,4.865184246999999736e-06,8.757643329999999563e-05
2.500000000000000000e+01,6.000000000000000000e+02,0.000000000000000000e+00,9.000000000000000222e-01,5.288207867999999780e-06,9.519069286000000657e-05
2.700000000000000000e+01,6.000000000000000000e+02,0.000000000000000000e+00,9.000000000000000222e-01,5.711225748000000281e-06,1.028047792000000011e-04
2.900000000000000000e+01,6.000000000000000000e+02,0.000000000000000000e+00,9.000000000000000222e-01,6.134237889000000187e-06,1.104186924999999965e-04
3.100000000000000000e+01,6.000000000000000000e+02,0.000000000000000000e+00,9.000000000000000222e-01,6.557244291000000344e-06,1.180324325000000040e-04
3.300000000000000000e+01,6.000000000000000000e+02,0.000000000000000000e+00,9.000000000000000222e-01,6.980244952999999585e-06,1.256459995000000116e-04
3.500000000000000000e+01,6.000000000000000000e+02,0.000000000000000000e+00,9.000000000000000222e-01,7.403239877000000246e-06,1.332593932000000043e-04
3.700000000000000000e+01,6.000000000000000000e+02,0.000000000000000000e+00,9.000000000000000222e-01,7.826229060999999990e-06,1.408726139000000105e-04
3.900000000000000000e+01,6.000000000000000000e+02,0.000000000000000000e+00,9.000000000000000222e-01,8.249212507000000308e-06,1.484856613999999933e-04
4.100000000000000000e+01,6.000000000000000000e+02,0.000000000000000000e+00,9.000000000000000222e-01,8.672190214000000030e-06,1.560985357000000068e-04
4.300000000000000000e+01,6.000000000000000000e+02,0.000000000000000000e+00,9.000000000000000222e-01,9.095162182999999478e-06,1.637112370000000068e-04
4.500000000000000000e+01,6.000000000000000000e+02,0.000000000000000000e+00,9.000000000000000222e-01,9.518128414000000346e-06,1.713237651000000105e-04
4.700000000000000000e+01,6.000000000000000000e+02,0.000000000000000000e+00,9.000000000000000222e-01,9.941088906999999246e-06,1.789361200999999956e-04
4.900000000000000000e+01,6.000000000000000000e+02,0.000000000000000000e+00,9.000000000000000222e-01,1.036404366000000062e-05,1.865483019999999894e-04
5.100000000000000000e+01,6.000000000000000000e+02,0.000000000000000000e+00,9.000000000000000222e-01,1.078699267999999993e-05,1.941603108999999969e-04
5.300000000000000000e+01,6.000000000000000000e+02,0.000000000000000000e+00,9.000000000000000222e-01,1.120993596000000003e-05,2.017721466000000079e-04
5.500000000000000000e+01,6.000000000000000000e+02,0.000000000000000000e+00,9.000000000000000222e-01,1.163287351000000072e-05,2.093838092000000004e-04
5.700000000000000000e+01,6.000000000000000000e+02,0.000000000000000000e+00,9.000000000000000222e-01,1.205580531000000068e-05,2.169952988000000067e-04
5.900000000000000000e+01,6.000000000000000000e+02,0.000000000000000000e+00,9.000000000000000222e-01,1.247873137999999954e-05,2.246066152999999944e-04
6.100000000000000000e+01,6.000000000000000000e+02,0.000000000000000000e+00,9.000000000000000222e-01,1.290165172000000070e-05,2.322177586999999907e-04
6.300000000000000000e+01,6.000000000000000000e+02,0.000000000000000000e+00,9.000000000000000222e-01,1.332456630999999942e-05,2.398287291000000007e-04
6.500000000000000000e+01,6.000000000000000000e+02,0.000000000000000000e+00,9.000000000000000222e-01,1.374747517000000044e-05,2.474395263000000143e-04
6.700000000000000000e+01,6.000000000000000000e+02,0.000000000000000000e+00,9.000000000000000222e-01,1.417037830000000037e-05,2.550501506000000195e-04
6.900000000000000000e+01,6.000000000000000000e+02,0.000000000000000000e+00,9.000000000000000222e-01,1.459327568999999938e-05,2.626606017999999791e-04
7.100000000000000000e+01,6.000000000000000000e+02,0.000000000000000000e+00,9.000000000000000222e-01,1.501616733999999917e-05,2.702708799999999794e-04
7.300000000000000000e+01,6.000000000000000000e+02,0.000000000000000000e+00,9.000000000000000222e-01,1.543905325999999956e-05,2.778809850999999884e-04
7.500000000000000000e+01,6.000000000000000000e+02,0.000000000000000000e+00,9.000000000000000222e-01,1.586193345000000055e-05,2.854909171999999839e-04
7.700000000000000000e+01,6.000000000000000000e+02,0.000000000000000000e+00,9.000000000000000222e-01,1.628480789000000080e-05,2.931006763000000201e-04
7.900000000000000000e+01,6.000000000000000000e+02,0.000000000000000000e+00,9.000000000000000222e-01,1.670767660999999978e-05,3.007102623000000108e-04
8.100000000000000000e+01,6.000000000000000000e+02,0.000000000000000000e+00,9.000000000000000222e-01,1.713053959000000124e-05,3.083196754000000202e-04
8.300000000000000000e+01,6.000000000000000000e+02,0.000000000000000000e+00,9.000000000000000222e-01,1.755339682999999839e-05,3.159289153999999839e-04
8.500000000000000000e+01,6.000000000000000000e+02,0.000000000000000000e+00,9.000000000000000222e-01,1.797624834000000123e-05,3.235379825000000206e-04
8.700000000000000000e+01,6.000000000000000000e+02,0.000000000000000000e+00,9.000000000000000222e-01,1.839909411999999958e-05,3.311468765000000116e-04
8.900000000000000000e+01,6.000000000000000000e+02,0.000000000000000000e+00,9.000000000000000222e-01,1.882193416000000041e-05,3.387555976000000213e-04
9.100000000000000000e+01,6.000000000000000000e+02,0.000000000000000000e+00,9.000000000000000222e-01,1.924476847000000014e-05,3.463641457000000176e-04
9.300000000000000000e+01,6.000000000000000000e+02,0.000000000000000000e+00,9.000000000000000222e-01,1.966759704999999878e-05,3.539725208000000004e-04
9.500000000000000000e+01,6.000000000000000000e+02,0.000000000000000000e+00,9.000000000000000222e-01,2.009041988999999990e-05,3.615807229000000240e-04
9.700000000000000000e+01,6.000000000000000000e+02,0.000000000000000000e+00,9.000000000000000222e-01,2.051323699999999992e-05,3.691887521000000120e-04
9.900000000000000000e+01,6.000000000000000000e+02,0.000000000000000000e+00,9.000000000000000222e-01,2.093604837999999885e-05,3.767966082999999865e-04
1.000000000000000000e+01,6.000000000000000000e+02,0.000000000000000000e+00,9.000000000000000222e-01,2.115390793000000063e-06,3.807952479000000228e-05
3.000000000000000000e+01,6.000000000000000000e+02,0.000000000000000000e+00,9.000000000000000222e-01,6.345741808000000117e-06,1.142255841000000007e-04
5.000000000000000000e+01,6.000000000000000000e+02,0.000000000000000000e+00,9.000000000000000222e-01,1.057551888999999950e-05,1.903543280999999961e-04
7.000000000000000000e+01,6.000000000000000000e+02,0.000000000000000000e+00,9.000000000000000222e-01,1.480472223000000028e-05,2.664657625000000068e-04
9.000000000000000000e+01,6.000000000000000000e+02,0.000000000000000000e+00,9.000000000000000222e-01,1.903335204000000110e-05,3.425598932999999817e-04
1.100000000000000000e+02,6.000000000000000000e+02,0.000000000000000000e+00,9.000000000000000222e-01,2.326140849000000069e-05,4.186367261999999903e-04
1.300000000000000000e+02,6.000000000000000000e+02,0.000000000000000000e+00,9.000000000000000222e-01,2.748889179999999856e-05,4.946962671999999544e-04
1.500000000000000000e+02,6.000000000000000000e+02,0.000000000000000000e+00,9.000000000000000222e-01,3.171580214999999834e-05,5.707385222000000346e-04
1.700000000000000000e+02,6.000000000000000000e+02,0.000000000000000000e+00,9.000000000000000222e-01,3.594213974000000329e-05,6.467634968999999481e-04
1.900000000000000000e+02,6.000000000000000000e+02,0.000000000000000000e+00,9.000000000000000222e-01,4.016790476000000330e-05,7.227711972999999960e-04
2.100000000000000000e+02,6.000000000000000000e+02,0.000000000000000000e+00,9.000000000000000222e-01,4.439309741000000163e-05,7.987616291999999818e-04
2.300000000000000000e+02,6.000000000000000000e+02,0.000000000000000000e+00,9.000000000000000222e-01,4.861771789000000156e-05,8.747347985000000119e-04
2.500000000000000000e+02,6.000000000000000000e+02,0.000000000000000000e+00,9.000000000000000222e-01,5.284176639000000313e-05,9.506907109999999982e-04
2.700000000000000000e+02,6.000000000000000000e+02,0.000000000000000000e+00,9.000000000000000222e-01,5.706524309999999963e-05,1.026629373000000067e-03
2.900000000000000000e+02,6.000000000000000000e+02,0.000000000000000000e+00,9.000000000000000222e-01,6.128814821999999433e-05,1.102550788999999984e-03
3.100000000000000000e+02,6.000000000000000000e+02,0.000000000000000000e+00,9.000000000000000222e-01,6.551048193999999404e-05,1.178454966000000046e-03
3.300000000000000000e+02,6.000000000000000000e+02,0.000000000000000000e+00,9.000000000000000222e-01,6.973224446000000204e-05,1.254341910000000013e-03
3.500000000000000000e+02,6.000000000000000000e+02,0.000000000000000000e+00,9.000000000000000222e-01,7.395343598000000127e-05,1.330211626000000081e-03
3.700000000000000000e+02,6.000000000000000000e+02,0.000000000000000000e+00,9.000000000000000222e-01,7.817405667000000568e-05,1.406064120000000009e-03
3.900000000000000000e+02,6.000000000000000000e+02,0.000000000000000000e+00,9.000000000000000222e-01,8.239410675000000464e-05,1.481899398999999987e-03
4.100000000000000000e+02,6.000000000000000000e+02,0.000000000000000000e+00,9.000000000000000222e-01,8.661358641000000498e-05,1.557717466999999998e-03
4.300000000000000000e+02,6.000000000000000000e+02,0.000000000000000000e+00,9.000000000000000222e-01,9.083249582999999676e-05,1.633518332000000010e-03
4.500000000000000000e+02,6.000000000000000000e+02,0.000000000000000000e+00,9.000000000000000222e-01,9.505083521000000357e-05,1.709301997000000012e-03
4.700000000000000000e+02,6.000000000000000000e+02,0.000000000000000000e+00,9.000000000000000222e-01,9.926860474999999481e-05,1.785068469999999971e-03
4.900000000000000000e+02,6.000000000000000000e+02,0.000000000000000000e+00,9.000000000000000222e-01,1.034858046000000051e-04,1.860817757000000081e-03
5.100000000000000000e+02,6.000000000000000000e+02,0.000000000000000000e+00,9.000000000000000222e-01,1.077024350999999946e-04,1.936549862000000108e-03
5.300000000000000000e+02,6.000000000000000000e+02,0.000000000000000000e+00,9.000000000000000222e-01,1.119184962000000015e-04,2.012264792000000024e-03
5.500000000000000000e+02,6.000000000000000000e+02,0.000000000000000000e+00,9.000000000000000222e-01,1.161339883000000052e-04,2.087962553000000023e-03
5.700000000000000000e+02,6.000000000000000000e+02,0.000000000000000000e+00,9.000000000000000222e-01,1.203489116000000021e-04,2.163643150000000084e-03
5.900000000000000000e+02,6.000000000000000000e+02,0.000000000000000000e+00,9.000000000000000222e-01,1.245632661000000059e-04,2.239306590000000180e-03
6.100000000000000000e+02,6.000000000000000000e+02,0.000000000000000000e+00,9.000000000000000222e-01,1.287770521999999959e-04,2.314952876999999860e-03
6.300000000000000000e+02,6.000000000000000000e+02,0.000000000000000000e+00,9.000000000000000222e-01,1.329902699000000128e-04,2.390582018999999961e-03
6.500000000000000000e+02,6.000000000000000000e+02,0.000000000000000000e+00,9.000000000000000222e-01,1.372029195999999954e-04,2.466194020000000032e-03
6.700000000000000000e+02,6.000000000000000000e+02,0.000000000000000000e+00,9.000000000000000222e-01,1.414150012999999980e-04,2.541788886000000049e-03
6.900000000000000000e+02,6.000000000000000000e+02,0.000000000000000000e+00,9.000000000000000222e-01,1.456265153000000083e-04,2.617366623999999985e-03
7.100000000000000000e+02,6.000000000000000000e+02,0.000000000000000000e+00,9.000000000000000222e-01,1.498374618000000095e-04,2.692927238999999820e-03
7.300000000000000000e+02,6.000000000000000000e+02,0.000000000000000000e+00,9.000000000000000222e-01,1.540478410000000115e-04,2.768470735999999967e-03
7.500000000000000000e+02,6.000000000000000000e+02,0.000000000000000000e+00,9.000000000000000222e-01,1.582576529999999923e-04,2.843997122999999960e-03
7.700000000000000000e+02,6.000000000000000000e+02,0.000000000000000000e+00,9.000000000000000222e-01,1.624668980999999940e-04,2.919506402999999788e-03
7.900000000000000000e+02,6.000000000000000000e+02,0.000000000000000000e+00,9.000000000000000222e-01,1.666755763999999945e-04,2.994998583999999853e-03
8.100000000000000000e+02,6.000000000000000000e+02,0.000000000000000000e+00,9.000000000000000222e-01,1.708836882000000089e-04,3.070473671000000133e-03
8.300000000000000000e+02,6.000000000000000000e+02,0.000000000000000000e+00,9.000000000000000222e-01,1.750912335999999880e-04,3.145931669000000177e-03
8.500000000000000000e+02,6.000000000000000000e+02,0.000000000000000000e+00,9.000000000000000222e-01,1.792982127999999961e-04,3.221372584999999955e-03
8.700000000000000000e+02,6.000000000000000000e+02,0.000000000000000000e+00,9.000000000000000222e-01,1.835046259999999891e-04,3.296796423999999882e-03
8.900000000000000000e+02,6.000000000000000000e+02,0.000000000000000000e+00,9.000000000000000222e-01,1.877104734000000039e-04,3.372203191999999933e-03
9.100000000000000000e+02,6.000000000000000000e+02,0.000000000000000000e+00,9.000000000000000222e-01,1.919157551999999965e-04,3.447592895000000084e-03
9.300000000000000000e+02,6.000000000000000000e+02,0.000000000000000000e+00,9.000000000000000222e-01,1.961204716000000041e-04,3.522965538999999879e-03
9.500000000000000000e+02,6.000000000000000000e+02,0.000000000000000000e+00,9.000000000000000222e-01,2.003246228000000095e-04,3.598321128000000167e-03
9.700000000000000000e+02,6.000000000000000000e+02,0.000000000000000000e+00,9.000000000000000222e-01,2.045282089999999958e-04,3.673659670000000051e-03
9.900000000000000000e+02,6.000000000000000000e+02,0.000000000000000000e+00,9.000000000000000222e-01,2.087312302999999949e-04,3.748981169999999943e-03
1.000000000000000000e+02,6.000000000000000000e+02,0.000000000000000000e+00,9.000000000000000222e-01,2.114745192000000047e-05,3.806004716000000268e-04
3.000000000000000000e+02,6.000000000000000000e+02,0.000000000000000000e+00,9.000000000000000222e-01,6.339938649000000483e-05,1.140505032000000080e-03
5.000000000000000000e+02,6.000000000000000000e+02,0.000000000000000000e+00,9.000000000000000222e-01,1.055941910000000015e-04,1.898685957000000079e-03
7.000000000000000000e+02,6.000000000000000000e+02,0.000000000000000000e+00,9.000000000000000222e-01,1.477320595000000073e-04,2.655149071000000027e-03
9.000000000000000000e+02,6.000000000000000000e+02,0.000000000000000000e+00,9.000000000000000222e-01,1.898131850000000132e-04,3.409900176000000161e-03
1.100000000000000000e+03,6.000000000000000000e+02,0.000000000000000000e+00,9.000000000000000222e-01,2.318377596999999938e-04,4.162945044999999747e-03
1.300000000000000000e+03,6.000000000000000000e+02,0.000000000000000000e+00,9.000000000000000222e-01,2.738059750000000191e-04,4.914289425999999669e-03
1.500000000000000000e+03,6.000000000000000000e+02,0.000000000000000000e+00,9.000000000000000222e-01,3.157180210999999907e-04,5.663939039999999620e-03
1.700000000000000000e+03,6.000000000000000000e+02,0.000000000000000000e+00,9.000000000000000222e-01,3.575740876999999743e-04,6.411899585000000248e-03
1.900000000000000000e+03,6.000000000000000000e+02,0.000000000000000000e+00,9.000000000000000222e-01,3.993743634000000080e-04,7.158176730000000154e-03
2.100000000000000000e+03,6.000000000000000000e+02,0.000000000000000000e+00,9.000000000000000222e-01,4.411190359999999809e-04,7.902776122000000625e-03
2.300000000000000000e+03,6.000000000000000000e+02,0.000000000000000000e+00,9.000000000000000222e-01,4.828082923999999811e-04,8.645703379999999591e-03
2.500000000000000000e+03,6.000000000000000000e+02,0.000000000000000000e+00,9.000000000000000222e-01,5.244423185999999701e-04,9.386964100000000713e-03
2.700000000000000000e+03,6.000000000000000000e+02,0.000000000000000000e+00,9.000000000000000222e-01,5.660212999000000097e-04,1.012656385000000082e-02
2.900000000000000000e+03,6.000000000000000000e+02,0.000000000000000000e+00,9.000000000000000222e-01,6.075454205999999491e-04,1.086450817999999943e-02
3.100000000000000000e+03,6.000000000000000000e+02,0.000000000000000000e+00,9.000000000000000222e-01,6.490148643000000087e-04,1.160080261000000050e-02
3.300000000000000000e+03,6.000000000000000000e+02,0.000000000000000000e+00,9.000000000000000222e-01,6.904298135000000013e-04,1.233545263000000031e-02
3.500000000000000000e+03,6.000000000000000000e+02,0.000000000000000000e+00,9.000000000000000222e-01,7.317904500999999808e-04,1.306846371999999951e-02
3.700000000000000000e+03,6.000000000000000000e+02,0.000000000000000000e+00,9.000000000000000222e-01,7.730969550999999829e-04,1.379984132000000065e-02
3.900000000000000000e+03,6.000000000000000000e+02,0.000000000000000000e+00,9.000000000000000222e-01,8.143495087999999809e-04,1.452959084999999942e-02
4.100000000000000000e+03,6.000000000000000000e+02,0.000000000000000000e+00,9.000000000000000222e-01,8.555482902999999965e-04,1.525771773000000019e-02
4.300000000000000000e+03,6.000000000000000000e+02,0.000000000000000000e+00,9.000000000000000222e-01,8.966934783000000313e-04,1.598422731000000152e-02
4.500000000000000000e+03,6.000000000000000000e+02,0.000000000000000000e+00,9.000000000000000222e-01,9.377852504999999823e-04,1.670912495999999844e-02
4.700000000000000000e+03,6.000000000000000000e+02,0.000000000000000000e+00,9.000000000000000222e-01,9.788237839000000096e-04,1.743241599999999919e-02
4.900000000000000000e+03,6.000000000000000000e+02,0.000000000000000000e+00,9.000000000000000222e-01,1.019809254000000063e-03,1.815410573000000166e-02
5.100000000000000000e+03,6.000000000000000000e+02,0.000000000000000000e+00,9.000000000000000222e-01,1.060741837999999932e-03,1.887419943999999947e-02
5.300000000000000000e+03,6.000000000000000000e+02,0.000000000000000000e+00,9.000000000000000222e-01,1.101621708000000100e-03,1.959270239000000108e-02
5.500000000000000000e+03,6.000000000000000000e+02,0.000000000000000000e+00,9.000000000000000222e-01,1.142449039000000086e-03,2.030961980999999861e-02
5.700000000000000000e+03,6.000000000000000000e+02,0.000000000000000000e+00,9.000000000000000222e-01,1.183224003000000069e-03,2.102495690999999986e-02
5.900000000000000000e+03,6.000000000000000000e+02,0.000000000000000000e+00,9.000000000000000222e-01,1.223946774000000005e-03,2.173871888000000058e-02
6.100000000000000000e+03,6.000000000000000000e+02,0.000000000000000000e+00,9.000000000000000222e-01,1.264617522000000081e-03,2.245091088999999832e-02
6.300000000000000000e+03,6.000000000000000000e+02,0.000000000000000000e+00,9.000000000000000222e-01,1.305236418000000048e-03,2.316153807999999856e-02
6.500000000000000000e+03,6.000000000000000000e+02,0.000000000000000000e+00,9.000000000000000222e-01,1.345803632000000093e-03,2.387060557000000166e-02
6.700000000000000000e+03,6.000000000000000000e+02,0.000000000000000000e+00,9.000000000000000222e-01,1.386319332999999977e-03,2.457811847000000022e-02
6.900000000000000000e+03,6.000000000000000000e+02,0.000000000000000000e+00,9.000000000000000222e-01,1.426783688999999893e-03,2.528408185000000086e-02
7.100000000000000000e+03,6.000000000000000000e+02,0.000000000000000000e+00,9.000000000000000222e-01,1.467196868000000039e-03,2.598850076000000162e-02
7.300000000000000000e+03,6.000000000000000000e+02,0.000000000000000000e+00,9.000000000000000222e-01,1.507559035999999969e-03,2.669138023999999970e-02
7.500000000000000000e+03,6.000000000000000000e+02,0.000000000000000000e+00,9.000000000000000222e-01,1.547870361000000094e-03,2.739272528999999942e-02
7.700000000000000000e+03,6.000000000000000000e+02,0.000000000000000000e+00,9.000000000000000222e-01,1.588131005999999980e-03,2.809254091999999897e-02
7.900000000000000000e+03,6.000000000000000000e+02,0.000000000000000000e+00,9.000000000000000222e-01,1.628341137000000050e-03,2.879083207000000116e-02
8.100000000000000000e+03,6.000000000000000000e+02,0.000000000000000000e+00,9.000000000000000222e-01,1.668500918000000079e-03,2.948760371000000088e-02
8.300000000000000000e+03,6.000000000000000000e+02,0.000000000000000000e+00,9.000000000000000222e-01,1.708610512000000069e-03,3.018286075999999929e-02
8.500000000000000000e+03,6.000000000000000000e+02,0.000000000000000000e+00,9.000000000000000222e-01,1.748670081000000022e-03,3.087660810999999852e-02
8.700000000000000000e+03,6.000000000000000000e+02,0.000000000000000000e+00,9.000000000000000222e-01,1.788679786999999941e-03,3.156885065000000073e-02
8.900000000000000000e+03,6.000000000000000000e+02,0.000000000000000000e+00,9.000000000000000222e-01,1.828639791000000051e-03,3.225959325000000294e-02
9.100000000000000000e+03,6.000000000000000000e+02,0.000000000000000000e+00,9.000000000000000222e-01,1.868550253999999924e-03,3.294884073999999885e-02
9.300000000000000000e+03,6.000000000000000000e+02,0.000000000000000000e+00,9.000000000000000222e-01,1.908411334000000015e-03,3.363659793999999870e-02
9.500000000000000000e+03,6.000000000000000000e+02,0.000000000000000000e+00,9.000000000000000222e-01,1.948223190999999899e-03,3.432286965999999800e-02
9.700000000000000000e+03,6.000000000000000000e+02,0.000000000000000000e+00,9.000000000000000222e-01,1.987985982999999814e-03,3.500766066000000204e-02
9.900000000000000000e+03,6.000000000000000000e+02,0.000000000000000000e+00,9.000000000000000222e-01,2.027699867000000000e-03,3.569097571000000302e-02
1.000000000000000000e+03,6.000000000000000000e+02,0.000000000000000000e+00,9.000000000000000222e-01,2.108325292000000004e-04,3.786635531000000048e-03
3.000000000000000000e+03,6.000000000000000000e+02,0.000000000000000000e+00,9.000000000000000222e-01,6.282869657000000364e-04,1.123286128999999994e-02
5.000000000000000000e+03,6.000000000000000000e+02,0.000000000000000000e+00,9.000000000000000222e-01,1.040282146000000079e-03,1.851435175999999877e-02
7.000000000000000000e+03,6.000000000000000000e+02,0.000000000000000000e+00,9.000000000000000222e-01,1.446996665000000034e-03,2.563648405000000172e-02
9.000000000000000000e+03,6.000000000000000000e+02,0.000000000000000000e+00,9.000000000000000222e-01,1.848601204999999895e-03,3.260440358000000344e-02
1.100000000000000000e+04,6.000000000000000000e+02,0.000000000000000000e+00,9.000000000000000222e-01,2.245258979999999963e-03,3.942303651000000214e-02
1.300000000000000000e+04,6.000000000000000000e+02,0.000000000000000000e+00,9.000000000000000222e-01,2.637126141999999920e-03,4.609710124000000048e-02
1.500000000000000000e+04,6.000000000000000000e+02,0.000000000000000000e+00,9.000000000000000222e-01,3.024352170999999867e-03,5.263111930000000105e-02
1.700000000000000000e+04,6.000000000000000000e+02,0.000000000000000000e+00,9.000000000000000222e-01,3.407080234000000197e-03,5.902942551999999787e-02
1.900000000000000000e+04,6.000000000000000000e+02,0.000000000000000000e+00,9.000000000000000222e-01,3.785447518000000042e-03,6.529617759000000410e-02
2.100000000000000000e+04,6.000000000000000000e+02,0.000000000000000000e+00,9.000000000000000222e-01,4.159585545999999918e-03,7.143536498999999984e-02
2.300000000000000000e+04,6.000000000000000000e+02,0.000000000000000000e+00,9.000000000000000222e-01,4.529620477000000089e-03,7.745081745000000073e-02
2.500000000000000000e+04,6.000000000000000000e+02,0.000000000000000000e+00,9.000000000000000222e-01,4.895673373000000370e-03,8.334621288999999322e-02
2.700000000000000000e+04,6.000000000000000000e+02,0.000000000000000000e+00,9.000000000000000222e-01,5.257860468999999912e-03,8.912508482000000565e-02
2.900000000000000000e+04,6.000000000000000000e+02,0.000000000000000000e+00,9.000000000000000222e-01,5.616293407000000175e-03,9.479082942000000012e-02
3.100000000000000000e+04,6.000000000000000000e+02,0.000000000000000000e+00,9.000000000000000222e-01,5.971079473000000075e-03,1.003467120999999990e-01
3.300000000000000000e+04,6.000000000000000000e+02,0.000000000000000000e+00,9.000000000000000222e-01,6.322321805999999919e-03,1.057958739000000037e-01
3.500000000000000000e+04,6.000000000000000000e+02,0.000000000000000000e+00,9.000000000000000222e-01,6.670119603999999716e-03,1.111413370000000067e-01
3.700000000000000000e+04,6.000000000000000000e+02,0.000000000000000000e+00,9.000000000000000222e-01,7.014568314999999714e-03,1.163860107000000005e-01
3.900000000000000000e+04,6.000000000000000000e+02,0.000000000000000000e+00,9.000000000000000222e-01,7.355759810999999704e-03,1.215326964999999954e-01
4.100000000000000000e+04,6.000000000000000000e+02,0.000000000000000000e+00,9.000000000000000222e-01,7.693782566000000045e-03,1.265840929000000004e-01
4.300000000000000000e+04,6.000000000000000000e+02,0.000000000000000000e+00,9.000000000000000222e-01,8.028721806000000197e-03,1.315428002000000041e-01
4.500000000000000000e+04,6.000000000000000000e+02,0.000000000000000000e+00,9.000000000000000222e-01,8.360659668000000252e-03,1.364113251000000082e-01
4.700000000000000000e+04,6.000000000000000000e+02,0.000000000000000000e+00,9.000000000000000222e-01,8.689675336999999958e-03,1.411920846999999979e-01
4.900000000000000000e+04,6.000000000000000000e+02,0.000000000000000000e+00,9.000000000000000222e-01,9.015845180999999472e-03,1.458874102999999922e-01
5.100000000000000000e+04,6.000000000000000000e+02,0.000000000000000000e+00,9.000000000000000222e-01,9.339242879999999289e-03,1.504995514999999950e-01
5.300000000000000000e+04,6.000000000000000000e+02,0.000000000000000000e+00,9.000000000000000222e-01,9.659939543000000198e-03,1.550306797000000070e-01
5.500000000000000000e+04,6.000000000000000000e+02,0.000000000000000000e+00,9.000000000000000222e-01,9.978003824999999785e-03,1.594828912000000043e-01
5.700000000000000000e+04,6.000000000000000000e+02,0.000000000000000000e+00,9.000000000000000222e-01,1.029350203000000026e-02,1.638582108999999953e-01
5.900000000000000000e+04,6.000000000000000000e+02,0.000000000000000000e+00,9.000000000000000222e-01,1.060649821999999978e-02,1.681585945999999887e-01
6.100000000000000000e+04,6.000000000000000000e+02,0.000000000000000000e+00,9.000000000000000222e-01,1.091705431000000032e-02,1.723859328000000024e-01
6.300000000000000000e+04,6.000000000000000000e+02,0.000000000000000000e+00,9.000000000000000222e-01,1.122523014000000041e-02,1.765420525999999990e-01
6.500000000000000000e+04,6.000000000000000000e+02,0.000000000000000000e+00,9.000000000000000222e-01,1.153108360999999943e-02,1.806287208000000033e-01
6.700000000000000000e+04,6.000000000000000000e+02,0.000000000000000000e+00,9.000000000000000222e-01,1.183467069000000010e-02,1.846476464000000040e-01
6.900000000000000000e+04,6.000000000000000000e+02,0.000000000000000000e+00,9.000000000000000222e-01,1.213604557000000014e-02,1.886004826999999884e-01
7.100000000000000000e+04,6.000000000000000000e+02,0.000000000000000000e+00,9.000000000000000222e-01,1.243526070000000074e-02,1.924888295999999943e-01
7.300000000000000000e+04,6.000000000000000000e+02,0.000000000000000000e+00,9.000000000000000222e-01,1.273236686999999930e-02,1.963142357999999865e-01
7.500000000000000000e+04,6.000000000000000000e+02,0.000000000000000000e+00,9.000000000000000222e-01,1.302741324000000062e-02,2.000782009000000028e-01
7.700000000000000000e+04,6.000000000000000000e+02,0.000000000000000000e+00,9.000000000000000222e-01,1.332044746999999987e-02,2.037821771999999976e-01
7.900000000000000000e+04,6.000000000000000000e+02,0.000000000000000000e+00,9.000000000000000222e-01,1.361151573000000080e-02,2.074275717000000074e-01
8.100000000000000000e+04,6.000000000000000000e+02,0.000000000000000000e+00,9.000000000000000222e-01,1.390066279000000057e-02,2.110157474999999894e-01
8.300000000000000000e+04,6.000000000000000000e+02,0.000000000000000000e+00,9.000000000000000222e-01,1.418793204000000016e-02,2.145480261999999916e-01
8.500000000000000000e+04,6.000000000000000000e+02,0.000000000000000000e+00,9.000000000000000222e-01,1.447336557000000051e-02,2.180256885999999894e-01
8.700000000000000000e+04,6.000000000000000000e+02,0.000000000000000000e+00,9.000000000000000222e-01,1.475700423000000060e-02,2.214499769999999923e-01
8.900000000000000000e+04,6.000000000000000000e+02,0.000000000000000000e+00,9.000000000000000222e-01,1.503888763000000087e-02,2.248220959999999990e-01
9.100000000000000000e+04,6.000000000000000000e+02,0.000000000000000000e+00,9.000000000000000222e-01,1.531905423000000030e-02,2.281432147000000132e-01
9.300000000000000000e+04,6.000000000000000000e+02,0.000000000000000000e+00,9.000000000000000222e-01,1.559754137999999971e-02,2.314144670000000126e-01
9.500000000000000000e+04,6.000000000000000000e+02,0.000000000000000000e+00,9.000000000000000222e-01,1.587438534000000165e-02,2.346369540000000087e-01
9.700000000000000000e+04,6.000000000000000000e+02,0.000000000000000000e+00,9.000000000000000222e-01,1.614962133999999980e-02,2.378117442000000081e-01
9.900000000000000000e+04,6.000000000000000000e+02,0.000000000000000000e+00,9.000000000000000222e-01,1.642328359000000057e-02,2.409398754000000031e-01
1.000000000000000000e+04,6.000000000000000000e+02,0.000000000000000000e+00,9.000000000000000222e-01,2.047538517999999887e-03,3.603208122999999874e-02
3.000000000000000000e+04,6.000000000000000000e+02,0.000000000000000000e+00,9.000000000000000222e-01,5.794135758000000178e-03,9.758230434999999592e-02
5.000000000000000000e+04,6.000000000000000000e+02,0.000000000000000000e+00,9.000000000000000222e-01,9.177886046000000367e-03,1.482037414000000053e-01
7.000000000000000000e+04,6.000000000000000000e+02,0.000000000000000000e+00,9.000000000000000222e-01,1.228591989999999919e-02,1.905526194000000118e-01
9.000000000000000000e+04,6.000000000000000000e+02,0.000000000000000000e+00,9.000000000000000222e-01,1.517918317000000079e-02,2.264889586999999926e-01
1.100000000000000000e+05,6.000000000000000000e+02,0.000000000000000000e+00,9.000000000000000222e-01,1.790173586000000025e-02,2.573541920999999899e-01
1.300000000000000000e+05,6.000000000000000000e+02,0.000000000000000000e+00,9.000000000000000222e-01,2.048632133000000133e-02,2.841401487999999920e-01
1.500000000000000000e+05,6.000000000000000000e+02,0.000000000000000000e+00,9.000000000000000222e-01,2.295784894000000090e-02,3.075959842000000055e-01
1.700000000000000000e+05,6.000000000000000000e+02,0.000000000000000000e+00,9.000000000000000222e-01,2.533565285000000111e-02,3.282981174999999863e-01
1.900000000000000000e+05,6.000000000000000000e+02,0.000000000000000000e+00,9.000000000000000222e-01,2.763500362999999835e-02,3.466972967999999988e-01
2.100000000000000000e+05,6.000000000000000000e+02,0.000000000000000000e+00,9.000000000000000222e-01,2.986814752999999989e-02,3.631510698000000037e-01
2.300000000000000000e+05,6.000000000000000000e+02,0.000000000000000000e+00,9.000000000000000222e-01,3.204503835999999994e-02,3.779466823000000031e-01
2.500000000000000000e+05,6.000000000000000000e+02,0.000000000000000000e+00,9.000000000000000222e-01,3.417386354000000181e-02,3.913175408999999827e-01
2.700000000000000000e+05,6.000000000000000000e+02,0.000000000000000000e+00,9.000000000000000222e-01,3.626142955000000168e-02,4.034552577000000140e-01
2.900000000000000000e+05,6.000000000000000000e+02,0.000000000000000000e+00,9.000000000000000222e-01,3.831344896000000305e-02,4.145186006000000090e-01
3.100000000000000000e+05,6.000000000000000000e+02,0.000000000000000000e+00,9.000000000000000222e-01,4.033475741999999892e-02,4.246402377999999866e-01
3.300000000000000000e+05,6.000000000000000000e+02,0.000000000000000000e+00,9.000000000000000222e-01,4.232948002999999820e-02,4.339318867999999996e-01
3.500000000000000000e+05,6.000000000000000000e+02,0.000000000000000000e+00,9.000000000000000222e-01,4.430116031999999787e-02,4.424882908000000170e-01
3.700000000000000000e+05,6.000000000000000000e+02,0.000000000000000000e+00,9.000000000000000222e-01,4.625286153000000150e-02,4.503903230999999896e-01
3.900000000000000000e+05,6.000000000000000000e+02,0.000000000000000000e+00,9.000000000000000222e-01,4.818724686999999868e-02,4.577074339000000158e-01
4.100000000000000000e+05,6.000000000000000000e+02,0.000000000000000000e+00,9.000000000000000222e-01,5.010664377000000058e-02,4.644995979000000053e-01
4.300000000000000000e+05,6.000000000000000000e+02,0.000000000000000000e+00,9.000000000000000222e-01,5.201309573000000019e-02,4.708188757999999807e-01
4.500000000000000000e+05,6.000000000000000000e+02,0.000000000000000000e+00,9.000000000000000222e-01,5.390840457999999946e-02,4.767106775000000130e-01
4.700000000000000000e+05,6.000000000000000000e+02,0.000000000000000000e+00,9.000000000000000222e-01,5.579416502000000139e-02,4.822147910999999842e-01
4.900000000000000000e+05,6.000000000000000000e+02,0.000000000000000000e+00,9.000000000000000222e-01,5.767179330000000298e-02,4.873662261000000218e-01
5.100000000000000000e+05,6.000000000000000000e+02,0.000000000000000000e+00,9.000000000000000222e-01,5.954255089999999778e-02,4.921959101000000225e-01
5.300000000000000000e+05,6.000000000000000000e+02,0.000000000000000000e+00,9.000000000000000222e-01,6.140756446000000118e-02,4.967312663999999822e-01
5.500000000000000000e+05,6.000000000000000000e+02,0.000000000000000000e+00,9.000000000000000222e-01,6.326784249000000360e-02,5.009966971000000546e-01
5.700000000000000000e+05,6.000000000000000000e+02,0.000000000000000000e+00,9.000000000000000222e-01,6.512428943999999664e-02,5.050139875000000389e-01
5.900000000000000000e+05,6.000000000000000000e+02,0.000000000000000000e+00,9.000000000000000222e-01,6.697771782000000451e-02,5.088026482999999933e-01
6.100000000000000000e+05,6.000000000000000000e+02,0.000000000000000000e+00,9.000000000000000222e-01,6.882885833999999314e-02,5.123802044999999916e-01
6.300000000000000000e+05,6.000000000000000000e+02,0.000000000000000000e+00,9.000000000000000222e-01,7.067836881000000293e-02,5.157624426000000373e-01
6.500000000000000000e+05,6.000000000000000000e+02,0.000000000000000000e+00,9.000000000000000222e-01,7.252684163000000517e-02,5.189636206000000085e-01
6.700000000000000000e+05,6.000000000000000000e+02,0.000000000000000000e+00,9.000000000000000222e-01,7.437481041000000570e-02,5.219966489999999792e-01
6.900000000000000000e+05,6.000000000000000000e+02,0.000000000000000000e+00,9.000000000000000222e-01,7.622275564000000059e-02,5.248732466000000096e-01
7.100000000000000000e+05,6.000000000000000000e+02,0.000000000000000000e+00,9.000000000000000222e-01,7.807110966999999957e-02,5.276040751999999667e-01
7.300000000000000000e+05,6.000000000000000000e+02,0.000000000000000000e+00,9.000000000000000222e-01,7.992026099000000550e-02,5.301988560999999489e-01
7.500000000000000000e+05,6.000000000000000000e+02,0.000000000000000000e+00,9.000000000000000222e-01,8.177055811000000229e-02,5.326664721999999630e-01
7.700000000000000000e+05,6.000000000000000000e+02,0.000000000000000000e+00,9.000000000000000222e-01,8.362231288999999457e-02,5.350150565000000302e-01
7.900000000000000000e+05,6.000000000000000000e+02,0.000000000000000000e+00,9.000000000000000222e-01,8.547580350000000271e-02,5.372520698999999622e-01
8.100000000000000000e+05,6.000000000000000000e+02,0.000000000000000000e+00,9.000000000000000222e-01,8.733127702000000048e-02,5.393843697000000326e-01
8.300000000000000000e+05,6.000000000000000000e+02,0.000000000000000000e+00,9.000000000000000222e-01,8.918895184000000254e-02,5.414182693000000324e-01
8.500000000000000000e+05,6.000000000000000000e+02,0.000000000000000000e+00,9.000000000000000222e-01,9.104901969999999733e-02,5.433595918000000413e-01
8.700000000000000000e+05,6.000000000000000000e+02,0.000000000000000000e+00,9.000000000000000222e-01,9.291164755000000386e-02,5.452137165999999535e-01
8.900000000000000000e+05,6.000000000000000000e+02,0.000000000000000000e+00,9.000000000000000222e-01,9.477697925000000412e-02,5.469856212999999467e-01
9.100000000000000000e+05,6.000000000000000000e+02,0.000000000000000000e+00,9.000000000000000222e-01,9.664513704999999621e-02,5.486799187999999994e-01
9.300000000000000000e+05,6.000000000000000000e+02,0.000000000000000000e+00,9.000000000000000222e-01,9.851622297999999833e-02,5.503008902999999563e-01
9.500000000000000000e+05,6.000000000000000000e+02,0.000000000000000000e+00,9.000000000000000222e-01,1.003903200000000051e-01,5.518525147999999714e-01
9.700000000000000000e+05,6.000000000000000000e+02,0.000000000000000000e+00,9.000000000000000222e-01,1.022674934000000063e-01,5.533384956000000354e-01
9.900000000000000000e+05,6.000000000000000000e+02,0.000000000000000000e+00,9.000000000000000222e-01,1.041477913000000005e-01,5.547622841999999554e-01
1.000000000000000000e+05,6.000000000000000000e+02,0.000000000000000000e+00,9.000000000000000222e-01,1.655953498999999940e-02,2.424867598999999874e-01
3.000000000000000000e+05,6.000000000000000000e+02,0.000000000000000000e+00,9.000000000000000222e-01,3.932766925000000247e-02,4.196897104999999795e-01
5.000000000000000000e+05,6.000000000000000000e+02,0.000000000000000000e+00,9.000000000000000222e-01,5.860795755999999995e-02,4.898194968999999843e-01
7.000000000000000000e+05,6.000000000000000000e+02,0.000000000000000000e+00,9.000000000000000222e-01,7.714685629999999683e-02,5.262562536999999541e-01
9.000000000000000000e+05,6.000000000000000000e+02,0.000000000000000000e+00,9.000000000000000222e-01,9.571069805000000097e-02,5.478421959999999480e-01
1.100000000000000000e+06,6.000000000000000000e+02,0.000000000000000000e+00,9.000000000000000222e-01,1.145459951000000060e-01,5.616153099999999787e-01
1.300000000000000000e+06,6.000000000000000000e+02,0.000000000000000000e+00,9.000000000000000222e-01,1.336803396000000033e-01,5.708135239999999611e-01
1.500000000000000000e+06,6.000000000000000000e+02,0.000000000000000000e+00,9.000000000000000222e-01,1.530212831999999967e-01,5.771454939000000284e-01
1.700000000000000000e+06,6.000000000000000000e+02,0.000000000000000000e+00,9.000000000000000222e-01,1.724043452000000032e-01,5.816056887999999647e-01
1.900000000000000000e+06,6.000000000000000000e+02,0.000000000000000000e+00,9.000000000000000222e-01,1.916263002999999965e-01,5.848156576999999912e-01
2.100000000000000000e+06,6.000000000000000000e+02,0.000000000000000000e+00,9.000000000000000222e-01,2.104730969999999979e-01,5.871835353000000035e-01
2.300000000000000000e+06,6.000000000000000000e+02,0.000000000000000000e+00,9.000000000000000222e-01,2.287434827000000004e-01,5.889854266999999810e-01
2.500000000000000000e+06,6.000000000000000000e+02,0.000000000000000000e+00,9.000000000000000222e-01,2.462669513999999893e-01,5.904104459000000249e-01
2.700000000000000000e+06,6.000000000000000000e+02,0.000000000000000000e+00,9.000000000000000222e-01,2.629147083999999746e-01,5.915878126000000403e-01
2.900000000000000000e+06,6.000000000000000000e+02,0.000000000000000000e+00,9.000000000000000222e-01,2.786035130000000248e-01,5.926045494999999663e-01
3.100000000000000000e+06,6.000000000000000000e+02,0.000000000000000000e+00,9.000000000000000222e-01,2.932935302999999938e-01,5.935178397999999467e-01
3.300000000000000000e+06,6.000000000000000000e+02,0.000000000000000000e+00,9.000000000000000222e-01,3.069821139999999726e-01,5.943640099000000454e-01
3.500000000000000000e+06,6.000000000000000000e+02,0.000000000000000000e+00,9.000000000000000222e-01,3.196955851000000126e-01,5.951651366000000332e-01
3.700000000000000000e+06,6.000000000000000000e+02,0.000000000000000000e+00,9.000000000000000222e-01,3.314807163999999862e-01,5.959338640000000353e-01
3.900000000000000000e+06,6.000000000000000000e+02,0.000000000000000000e+00,9.000000000000000222e-01,3.423970646999999756e-01,5.966768354999999469e-01
4.100000000000000000e+06,6.000000000000000000e+02,0.000000000000000000e+00,9.000000000000000222e-01,3.525107201000000079e-01,5.973970656000000545e-01
4.300000000000000000e+06,6.000000000000000000e+02,0.000000000000000000e+00,9.000000000000000222e-01,3.618896155999999920e-01,5.980955234000000509e-01
4.500000000000000000e+06,6.000000000000000000e+02,0.000000000000000000e+00,9.000000000000000222e-01,3.706002706000000035e-01,5.987721469000000241e-01
4.700000000000000000e+06,6.000000000000000000e+02,0.000000000000000000e+00,9.000000000000000222e-01,3.787057188999999879e-01,5.994264625999999874e-01
4.900000000000000000e+06,6.000000000000000000e+02,0.000000000000000000e+00,9.000000000000000222e-01,3.862643405999999779e-01,6.000579413000000084e-01
5.100000000000000000e+06,6.000000000000000000e+02,0.000000000000000000e+00,9.000000000000000222e-01,3.933293400000000273e-01,6.006661831999999812e-01
5.300000000000000000e+06,6.000000000000000000e+02,0.000000000000000000e+00,9.000000000000000222e-01,3.999486580000000124e-01,6.012509984999999668e-01
5.500000000000000000e+06,6.000000000000000000e+02,0.000000000000000000e+00,9.000000000000000222e-01,4.061651569999999989e-01,6.018124259999999559e-01
5.700000000000000000e+06,6.000000000000000000e+02,0.000000000000000000e+00,9.000000000000000222e-01,4.120169632999999831e-01,6.023507190000000344e-01
5.900000000000000000e+06,6.000000000000000000e+02,0.000000000000000000e+00,9.000000000000000222e-01,4.175378852000000141e-01,6.028663148999999777e-01
6.100000000000000000e+06,6.000000000000000000e+02,0.000000000000000000e+00,9.000000000000000222e-01,4.227578563000000123e-01,6.033597991000000382e-01
6.300000000000000000e+06,6.000000000000000000e+02,0.000000000000000000e+00,9.000000000000000222e-01,4.277033711000000071e-01,6.038318696000000152e-01
6.500000000000000000e+06,6.000000000000000000e+02,0.000000000000000000e+00,9.000000000000000222e-01,4.323978942999999742e-01,6.042833047000000235e-01
6.700000000000000000e+06,6.000000000000000000e+02,0.000000000000000000e+00,9.000000000000000222e-01,4.368622347000000183e-01,6.047149351999999700e-01
6.900000000000000000e+06,6.000000000000000000e+02,0.000000000000000000e+00,9.000000000000000222e-01,4.411148803000000118e-01,6.051276212999999737e-01
7.100000000000000000e+06,6.000000000000000000e+02,0.000000000000000000e+00,9.000000000000000222e-01,4.451722935999999908e-01,6.055222342999999618e-01
7.300000000000000000e+06,6.000000000000000000e+02,0.000000000000000000e+00,9.000000000000000222e-01,4.490491715000000106e-01,6.058996422000000326e-01
7.500000000000000000e+06,6.000000000000000000e+02,0.000000000000000000e+00,9.000000000000000222e-01,4.527586701999999907e-01,6.062606985999999809e-01
7.700000000000000000e+06,6.000000000000000000e+02,0.000000000000000000e+00,9.000000000000000222e-01,4.563126004999999985e-01,6.066062349999999936e-01
7.900000000000000000e+06,6.000000000000000000e+02,0.000000000000000000e+00,9.000000000000000222e-01,4.597215964999999960e-01,6.069370547000000338e-01
8.100000000000000000e+06,6.000000000000000000e+02,0.000000000000000000e+00,9.000000000000000222e-01,4.629952610999999996e-01,6.072539289999999701e-01
8.300000000000000000e+06,6.000000000000000000e+02,0.000000000000000000e+00,9.000000000000000222e-01,4.661422912000000029e-01,6.075575952999999751e-01
8.500000000000000000e+06,6.000000000000000000e+02,0.000000000000000000e+00,9.000000000000000222e-01,4.691705861000000088e-01,6.078487552000000349e-01
8.700000000000000000e+06,6.000000000000000000e+02,0.000000000000000000e+00,9.000000000000000222e-01,4.720873409999999937e-01,6.081280744999999488e-01
8.900000000000000000e+06,6.000000000000000000e+02,0.000000000000000000e+00,9.000000000000000222e-01,4.748991274000000096e-01,6.083961834000000124e-01
9.100000000000000000e+06,6.000000000000000000e+02,0.000000000000000000e+00,9.000000000000000222e-01,4.776119631999999893e-01,6.086536772999999734e-01
9.300000000000000000e+06,6.000000000000000000e+02,0.000000000000000000e+00,9.000000000000000222e-01,4.802313732999999862e-01,6.089011174999999776e-01
9.500000000000000000e+06,6.000000000000000000e+02,0.000000000000000000e+00,9.000000000000000222e-01,4.827624422999999831e-01,6.091390331999999574e-01
9.700000000000000000e+06,6.000000000000000000e+02,0.000000000000000000e+00,9.000000000000000222e-01,4.852098606999999952e-01,6.093679221000000146e-01
9.900000000000000000e+06,6.000000000000000000e+02,0.000000000000000000e+00,9.000000000000000222e-01,4.875779646000000245e-01,6.095882527000000550e-01
1.000000000000000000e+06,6.000000000000000000e+02,0.000000000000000000e+00,9.000000000000000222e-01,1.050891226000000012e-01,5.554518713999999635e-01
3.000000000000000000e+06,6.000000000000000000e+02,0.000000000000000000e+00,9.000000000000000222e-01,2.860743157999999786e-01,5.930714536000000203e-01
5.000000000000000000e+06,6.000000000000000000e+02,0.000000000000000000e+00,9.000000000000000222e-01,3.898554246000000001e-01,6.003649841000000542e-01
7.000000000000000000e+06,6.000000000000000000e+02,0.000000000000000000e+00,9.000000000000000222e-01,4.431670337999999987e-01,6.053271325000000314e-01
9.000000000000000000e+06,6.000000000000000000e+02,0.000000000000000000e+00,9.000000000000000222e-01,4.762675579000000270e-01,6.085262214000000114e-01
1.100000000000000000e+07,6.000000000000000000e+02,0.000000000000000000e+00,9.000000000000000222e-01,4.993507556999999819e-01,6.106654929000000509e-01
1.300000000000000000e+07,6.000000000000000000e+02,0.000000000000000000e+00,9.000000000000000222e-01,5.165188444999999628e-01,6.121764037000000380e-01
1.500000000000000000e+07,6.000000000000000000e+02,0.000000000000000000e+00,9.000000000000000222e-01,5.298295297999999764e-01,6.132951425999999540e-01
1.700000000000000000e+07,6.000000000000000000e+02,0.000000000000000000e+00,9.000000000000000222e-01,5.404643507999999930e-01,6.141553132000000526e-01
1.900000000000000000e+07,6.000000000000000000e+02,0.000000000000000000e+00,9.000000000000000222e-01,5.491607848999999764e-01,6.148367510000000147e-01
2.100000000000000000e+07,6.000000000000000000e+02,0.000000000000000000e+00,9.000000000000000222e-01,5.564060976000000380e-01,6.153897237000000020e-01
2.300000000000000000e+07,6.000000000000000000e+02,0.000000000000000000e+00,9.000000000000000222e-01,5.625361561999999704e-01,6.158473462000000342e-01
2.500000000000000000e+07,6.000000000000000000e+02,0.000000000000000000e+00,9.000000000000000222e-01,5.677903318000000477e-01,6.162322833000000166e-01
2.700000000000000000e+07,6.000000000000000000e+02,0.000000000000000000e+00,9.000000000000000222e-01,5.723439560999999953e-01,6.165605572000000256e-01
2.900000000000000000e+07,6.000000000000000000e+02,0.000000000000000000e+00,9.000000000000000222e-01,5.763284438000000343e-01,6.168438088000000041e-01
3.100000000000000000e+07,6.000000000000000000e+02,0.000000000000000000e+00,9.000000000000000222e-01,5.798442528999999679e-01,6.170906976000000155e-01
3.300000000000000000e+07,6.000000000000000000e+02,0.000000000000000000e+00,9.000000000000000222e-01,5.829695020999999810e-01,6.173077974999999773e-01
3.500000000000000000e+07,6.000000000000000000e+02,0.000000000000000000e+00,9.000000000000000222e-01,5.857658575999999950e-01,6.175001885999999995e-01
3.700000000000000000e+07,6.000000000000000000e+02,0.000000000000000000e+00,9.000000000000000222e-01,5.882826496999999932e-01,6.176718584000000511e-01
3.900000000000000000e+07,6.000000000000000000e+02,0.000000000000000000e+00,9.000000000000000222e-01,5.905598117999999452e-01,6.178259806000000465e-01
4.100000000000000000e+07,6.000000000000000000e+02,0.000000000000000000e+00,9.000000000000000222e-01,5.926300161999999982e-01,6.179651123999999607e-01
4.300000000000000000e+07,6.000000000000000000e+02,0.000000000000000000e+00,9.000000000000000222e-01,5.945202535000000399e-01,6.180913370999999712e-01
4.500000000000000000e+07,6.000000000000000000e+02,0.000000000000000000e+00,9.000000000000000222e-01,5.962530161000000328e-01,6.182063694999999637e-01
4.700000000000000000e+07,6.000000000000000000e+02,0.000000000000000000e+00,9.000000000000000222e-01,5.978471977999999520e-01,6.183116332000000437e-01
4.900000000000000000e+07,6.000000000000000000e+02,0.000000000000000000e+00,9.000000000000000222e-01,5.993187862000000088e-01,6.184083205000000527e-01
5.100000000000000000e+07,6.000000000000000000e+02,0.000000000000000000e+00,9.000000000000000222e-01,6.006814004999999623e-01,6.184974372999999526e-01
5.300000000000000000e+07,6.000000000000000000e+02,0.000000000000000000e+00,9.000000000000000222e-01,6.019467146000000435e-01,6.185798380000000485e-01
5.500000000000000000e+07,6.000000000000000000e+02,0.000000000000000000e+00,9.000000000000000222e-01,6.031247923000000455e-01,6.186562532999999586e-01
5.700000000000000000e+07,6.000000000000000000e+02,0.000000000000000000e+00,9.000000000000000222e-01,6.042243558000000014e-01,6.187273115000000434e-01
5.900000000000000000e+07,6.000000000000000000e+02,0.000000000000000000e+00,9.000000000000000222e-01,6.052530019999999844e-01,6.187935559999999668e-01
6.100000000000000000e+07,6.000000000000000000e+02,0.000000000000000000e+00,9.000000000000000222e-01,6.062173784000000065e-01,6.188554591999999577e-01
6.300000000000000000e+07,6.000000000000000000e+02,0.000000000000000000e+00,9.000000000000000222e-01,6.071233265000000046e-01,6.189134335000000542e-01
6.500000000000000000e+07,6.000000000000000000e+02,0.000000000000000000e+00,9.000000000000000222e-01,6.079760011999999492e-01,6.189678409000000103e-01
6.700000000000000000e+07,6.000000000000000000e+02,0.000000000000000000e+00,9.000000000000000222e-01,6.087799677999999881e-01,6.190190000999999942e-01
6.900000000000000000e+07,6.000000000000000000e+02,0.000000000000000000e+00,9.000000000000000222e-01,6.095392847999999697e-01,6.190671931000000239e-01
7.100000000000000000e+07,6.000000000000000000e+02,0.000000000000000000e+00,9.000000000000000222e-01,6.102575717999999538e-01,6.191126699000000233e-01
7.300000000000000000e+07,6.000000000000000000e+02,0.000000000000000000e+00,9.000000000000000222e-01,6.109380675000000149e-01,6.191556536000000222e-01
7.500000000000000000e+07,6.000000000000000000e+02,0.000000000000000000e+00,9.000000000000000222e-01,6.115836784999999498e-01,6.191963431000000462e-01
7.700000000000000000e+07,6.000000000000000000e+02,0.000000000000000000e+00,9.000000000000000222e-01,6.121970206000000303e-01,6.192349171000000041e-01
7.900000000000000000e+07,6.000000000000000000e+02,0.000000000000000000e+00,9.000000000000000222e-01,6.127804546999999769e-01,6.192715358000000503e-01
8.100000000000000000e+07,6.000000000000000000e+02,0.000000000000000000e+00,9.000000000000000222e-01,6.133361166999999892e-01,6.193063439999999531e-01
8.300000000000000000e+07,6.000000000000000000e+02,0.000000000000000000e+00,9.000000000000000222e-01,6.138659438000000357e-01,6.193394722999999713e-01
8.500000000000000000e+07,6.000000000000000000e+02,0.000000000000000000e+00,9.000000000000000222e-01,6.143716971999999554e-01,6.193710393000000369e-01
8.700000000000000000e+07,6.000000000000000000e+02,0.000000000000000000e+00,9.000000000000000222e-01,6.148549816999999695e-01,6.194011524000000435e-01
8.900000000000000000e+07,6.000000000000000000e+02,0.000000000000000000e+00,9.000000000000000222e-01,6.153172622000000480e-01,6.194299094999999866e-01
9.100000000000000000e+07,6.000000000000000000e+02,0.000000000000000000e+00,9.000000000000000222e-01,6.157598793999999875e-01,6.194574000000000469e-01
9.300000000000000000e+07,6.000000000000000000e+02,0.000000000000000000e+00,9.000000000000000222e-01,6.161840618999999686e-01,6.194837054999999815e-01
9.500000000000000000e+07,6.000000000000000000e+02,0.000000000000000000e+00,9.000000000000000222e-01,6.165909381999999939e-01,6.195089007999999842e-01
9.700000000000000000e+07,6.000000000000000000e+02,0.000000000000000000e+00,9.000000000000000222e-01,6.169815465000000332e-01,6.195330544999999578e-01
9.900000000000000000e+07,6.000000000000000000e+02,0.000000000000000000e+00,9.000000000000000222e-01,6.173568435999999826e-01,6.195562297000000163e-01
1.000000000000000000e+07,6.000000000000000000e+02,0.000000000000000000e+00,9.000000000000000222e-01,4.887335407999999770e-01,6.096953471999999596e-01
3.000000000000000000e+07,6.000000000000000000e+02,0.000000000000000000e+00,9.000000000000000222e-01,5.781396065999999667e-01,6.169713468999999950e-01
5.000000000000000000e+07,6.000000000000000000e+02,0.000000000000000000e+00,9.000000000000000222e-01,6.000129441999999536e-01,6.184537686000000090e-01
7.000000000000000000e+07,6.000000000000000000e+02,0.000000000000000000e+00,9.000000000000000222e-01,6.099033463999999904e-01,6.190902565000000468e-01
9.000000000000000000e+07,6.000000000000000000e+02,0.000000000000000000e+00,9.000000000000000222e-01,6.155409495000000453e-01,6.194438077999999681e-01
1.000000000000000000e+08,6.000000000000000000e+02,0.000000000000000000e+00,9.000000000000000222e-01,6.175390291000000254e-01,6.195674687000000125e-01
