     Pressure (Pa)     C7-500 (mol/kg)        3mC6-500 (mol/kg)
    0.1000000000E+01    0.1555862652E-02    0.1452920421E-02
    0.3000000000E+01    0.4626586552E-02    0.4320557380E-02
    0.5000000000E+01    0.7643831184E-02    0.7138363134E-02
    0.7000000000E+01    0.1060898059E-01    0.9907626359E-02
    0.9000000000E+01    0.1352337147E-01    0.1262959166E-01
    0.1100000000E+02    0.1638829519E-01    0.1530546146E-01
    0.1300000000E+02    0.1920499969E-01    0.1793639774E-01
    0.1500000000E+02    0.2197469128E-01    0.2052352376E-01
    0.1700000000E+02    0.2469853637E-01    0.2306792563E-01
    0.1900000000E+02    0.2737766314E-01    0.2557065386E-01
    0.2100000000E+02    0.3001316302E-01    0.2803272478E-01
    0.2300000000E+02    0.3260609224E-01    0.3045512194E-01
    0.2500000000E+02    0.3515747321E-01    0.3283879741E-01
    0.2700000000E+02    0.3766829586E-01    0.3518467303E-01
    0.2900000000E+02    0.4013951893E-01    0.3749364161E-01
    0.3100000000E+02    0.4257207118E-01    0.3976656804E-01
    0.3300000000E+02    0.4496685257E-01    0.4200429042E-01
    0.3500000000E+02    0.4732473534E-01    0.4420762103E-01
    0.3700000000E+02    0.4964656510E-01    0.4637734737E-01
    0.3900000000E+02    0.5193316179E-01    0.4851423304E-01
    0.4100000000E+02    0.5418532072E-01    0.5061901872E-01
    0.4300000000E+02    0.5640381342E-01    0.5269242294E-01
    0.4500000000E+02    0.5858938855E-01    0.5473514295E-01
    0.4700000000E+02    0.6074277276E-01    0.5674785551E-01
    0.4900000000E+02    0.6286467145E-01    0.5873121759E-01
    0.5100000000E+02    0.6495576957E-01    0.6068586713E-01
    0.5300000000E+02    0.6701673236E-01    0.6261242372E-01
    0.5500000000E+02    0.6904820604E-01    0.6451148923E-01
    0.5700000000E+02    0.7105081847E-01    0.6638364846E-01
    0.5900000000E+02    0.7302517984E-01    0.6822946975E-01
    0.6100000000E+02    0.7497188326E-01    0.7004950552E-01
    0.6300000000E+02    0.7689150533E-01    0.7184429287E-01
    0.6500000000E+02    0.7878460677E-01    0.7361435405E-01
    0.6700000000E+02    0.8065173291E-01    0.7536019703E-01
    0.6900000000E+02    0.8249341425E-01    0.7708231594E-01
    0.7100000000E+02    0.8431016692E-01    0.7878119157E-01
    0.7300000000E+02    0.8610249322E-01    0.8045729180E-01
    0.7500000000E+02    0.8787088201E-01    0.8211107201E-01
    0.7700000000E+02    0.8961580923E-01    0.8374297555E-01
    0.7900000000E+02    0.9133773827E-01    0.8535343408E-01
    0.8100000000E+02    0.9303712041E-01    0.8694286798E-01
    0.8300000000E+02    0.9471439518E-01    0.8851168672E-01
    0.8500000000E+02    0.9636999080E-01    0.9006028919E-01
    0.8700000000E+02    0.9800432446E-01    0.9158906407E-01
    0.8900000000E+02    0.9961780275E-01    0.9309839011E-01
    0.9100000000E+02    0.1012108219E+00    0.9458863650E-01
    0.9300000000E+02    0.1027837684E+00    0.9606016313E-01
    0.9500000000E+02    0.1043370186E+00    0.9751332089E-01
    0.9700000000E+02    0.1058709400E+00    0.9894845195E-01
    0.9900000000E+02    0.1073858908E+00    0.1003658900E+00
    0.1000000000E+02    0.1496193773E-01    0.1397321495E-01
    0.3000000000E+02    0.4136057200E-01    0.3863455709E-01
    0.5000000000E+02    0.6391402855E-01    0.5971209228E-01
    0.7000000000E+02    0.8340487496E-01    0.7793462963E-01
    0.9000000000E+02    0.1004168454E+00    0.9384587556E-01
    0.1100000000E+03    0.1153942142E+00    0.1078596944E+00
    0.1300000000E+03    0.1286810939E+00    0.1202966868E+00
    0.1500000000E+03    0.1405481538E+00    0.1314090618E+00
    0.1700000000E+03    0.1512112199E+00    0.1413979516E+00
    0.1900000000E+03    0.1608444940E+00    0.1504257200E+00
    0.2100000000E+03    0.1695901263E+00    0.1586248744E+00
    0.2300000000E+03    0.1775652618E+00    0.1661046278E+00
    0.2500000000E+03    0.1848673062E+00    0.1729558023E+00
    0.2700000000E+03    0.1915779156E+00    0.1792545450E+00
    0.2900000000E+03    0.1977660550E+00    0.1850651766E+00
    0.3100000000E+03    0.2034903718E+00    0.1904424023E+00
    0.3300000000E+03    0.2088010555E+00    0.1954330437E+00
    0.3500000000E+03    0.2137413087E+00    0.2000774103E+00
    0.3700000000E+03    0.2183485225E+00    0.2044103932E+00
    0.3900000000E+03    0.2226552211E+00    0.2084623465E+00
    0.4100000000E+03    0.2266898290E+00    0.2122598014E+00
    0.4300000000E+03    0.2304772971E+00    0.2158260500E+00
    0.4500000000E+03    0.2340396174E+00    0.2191816247E+00
    0.4700000000E+03    0.2373962487E+00    0.2223446956E+00
    0.4900000000E+03    0.2405644715E+00    0.2253314006E+00
    0.5100000000E+03    0.2435596841E+00    0.2281561219E+00
    0.5300000000E+03    0.2463956524E+00    0.2308317186E+00
    0.5500000000E+03    0.2490847201E+00    0.2333697228E+00
    0.5700000000E+03    0.2516379880E+00    0.2357805070E+00
    0.5900000000E+03    0.2540654666E+00    0.2380734259E+00
    0.6100000000E+03    0.2563762067E+00    0.2402569384E+00
    0.6300000000E+03    0.2585784115E+00    0.2423387127E+00
    0.6500000000E+03    0.2606795336E+00    0.2443257158E+00
    0.6700000000E+03    0.2626863592E+00    0.2462242928E+00
    0.6900000000E+03    0.2646050805E+00    0.2480402342E+00
    0.7100000000E+03    0.2664413596E+00    0.2497788353E+00
    0.7300000000E+03    0.2682003839E+00    0.2514449482E+00
    0.7500000000E+03    0.2698869149E+00    0.2530430272E+00
    0.7700000000E+03    0.2715053307E+00    0.2545771686E+00
    0.7900000000E+03    0.2730596644E+00    0.2560511460E+00
    0.8100000000E+03    0.2745536369E+00    0.2574684419E+00
    0.8300000000E+03    0.2759906867E+00    0.2588322745E+00
    0.8500000000E+03    0.2773739962E+00    0.2601456229E+00
    0.8700000000E+03    0.2787065152E+00    0.2614112487E+00
    0.8900000000E+03    0.2799909816E+00    0.2626317156E+00
    0.9100000000E+03    0.2812299400E+00    0.2638094065E+00
    0.9300000000E+03    0.2824257589E+00    0.2649465397E+00
    0.9500000000E+03    0.2835806451E+00    0.2660451823E+00
    0.9700000000E+03    0.2846966577E+00    0.2671072634E+00
    0.9900000000E+03    0.2857757199E+00    0.2681345851E+00
    0.1000000000E+03    0.1081363617E+00    0.1010680763E+00
    0.3000000000E+03    0.2006828750E+00    0.1878048717E+00
    0.5000000000E+03    0.2420828081E+00    0.2267631723E+00
    0.7000000000E+03    0.2655331906E+00    0.2489188892E+00
    0.9000000000E+03    0.2806159973E+00    0.2632257657E+00
    0.1100000000E+04    0.2911249870E+00    0.2732337366E+00
    0.1300000000E+04    0.2988624657E+00    0.2806315683E+00
    0.1500000000E+04    0.3047942218E+00    0.2863254266E+00
    0.1700000000E+04    0.3094842962E+00    0.2908452400E+00
    0.1900000000E+04    0.3132841507E+00    0.2945216547E+00
    0.2100000000E+04    0.3164241620E+00    0.2975716912E+00
    0.2300000000E+04    0.3190616128E+00    0.3001437103E+00
    0.2500000000E+04    0.3213075386E+00    0.3023425879E+00
    0.2700000000E+04    0.3232425538E+00    0.3042445669E+00
    0.2900000000E+04    0.3249265963E+00    0.3059064101E+00
    0.3100000000E+04    0.3264051537E+00    0.3073712522E+00
    0.3300000000E+04    0.3277133673E+00    0.3086724609E+00
    0.3500000000E+04    0.3288788133E+00    0.3098362552E+00
    0.3700000000E+04    0.3299234334E+00    0.3108835242E+00
    0.3900000000E+04    0.3308649022E+00    0.3118311170E+00
    0.4100000000E+04    0.3317176159E+00    0.3126927755E+00
    0.4300000000E+04    0.3324934178E+00    0.3134798196E+00
    0.4500000000E+04    0.3332021398E+00    0.3142016588E+00
    0.4700000000E+04    0.3338520112E+00    0.3148661797E+00
    0.4900000000E+04    0.3344499723E+00    0.3154800421E+00
    0.5100000000E+04    0.3350019171E+00    0.3160489092E+00
    0.5300000000E+04    0.3355128827E+00    0.3165776272E+00
    0.5500000000E+04    0.3359871996E+00    0.3170703681E+00
    0.5700000000E+04    0.3364286112E+00    0.3175307430E+00
    0.5900000000E+04    0.3368403699E+00    0.3179618934E+00
    0.6100000000E+04    0.3372253148E+00    0.3183665652E+00
    0.6300000000E+04    0.3375859354E+00    0.3187471694E+00
    0.6500000000E+04    0.3379244235E+00    0.3191058316E+00
    0.6700000000E+04    0.3382427166E+00    0.3194444329E+00
    0.6900000000E+04    0.3385425333E+00    0.3197646446E+00
    0.7100000000E+04    0.3388254039E+00    0.3200679563E+00
    0.7300000000E+04    0.3390926948E+00    0.3203557001E+00
    0.7500000000E+04    0.3393456302E+00    0.3206290710E+00
    0.7700000000E+04    0.3395853100E+00    0.3208891440E+00
    0.7900000000E+04    0.3398127251E+00    0.3211368890E+00
    0.8100000000E+04    0.3400287708E+00    0.3213731832E+00
    0.8300000000E+04    0.3402342577E+00    0.3215988222E+00
    0.8500000000E+04    0.3404299215E+00    0.3218145288E+00
    0.8700000000E+04    0.3406164317E+00    0.3220209618E+00
    0.8900000000E+04    0.3407943987E+00    0.3222187224E+00
    0.9100000000E+04    0.3409643801E+00    0.3224083606E+00
    0.9300000000E+04    0.3411268862E+00    0.3225903807E+00
    0.9500000000E+04    0.3412823854E+00    0.3227652456E+00
    0.9700000000E+04    0.3414313077E+00    0.3229333814E+00
    0.9900000000E+04    0.3415740490E+00    0.3230951807E+00
    0.1000000000E+04    0.2863019614E+00    0.2686357421E+00
    0.3000000000E+04    0.3256891595E+00    0.3066611774E+00
    0.5000000000E+04    0.3347313638E+00    0.3157697799E+00
    0.7000000000E+04    0.3386859979E+00    0.3199183263E+00
    0.9000000000E+04    0.3408803546E+00    0.3223145242E+00
    0.1100000000E+05    0.3422636332E+00    0.3238867172E+00
    0.1300000000E+05    0.3432082866E+00    0.3250042483E+00
    0.1500000000E+05    0.3438898683E+00    0.3258435864E+00
    0.1700000000E+05    0.3444017650E+00    0.3264998762E+00
    0.1900000000E+05    0.3447981356E+00    0.3270290390E+00
    0.2100000000E+05    0.3451124980E+00    0.3274661473E+00
    0.2300000000E+05    0.3453666759E+00    0.3278343423E+00
    0.2500000000E+05    0.3455754700E+00    0.3281495282E+00
    0.2700000000E+05    0.3457492603E+00    0.3284230074E+00
    0.2900000000E+05    0.3458955337E+00    0.3286630407E+00
    0.3100000000E+05    0.3460198202E+00    0.3288758111E+00
    0.3300000000E+05    0.3461262890E+00    0.3290660424E+00
    0.3500000000E+05    0.3462181398E+00    0.3292374081E+00
    0.3700000000E+05    0.3462978670E+00    0.3293928102E+00
    0.3900000000E+05    0.3463674422E+00    0.3295345729E+00
    0.4100000000E+05    0.3464284429E+00    0.3296645808E+00
    0.4300000000E+05    0.3464821453E+00    0.3297843793E+00
    0.4500000000E+05    0.3465295925E+00    0.3298952476E+00
    0.4700000000E+05    0.3465716444E+00    0.3299982549E+00
    0.4900000000E+05    0.3466090158E+00    0.3300943018E+00
    0.5100000000E+05    0.3466423054E+00    0.3301841529E+00
    0.5300000000E+05    0.3466720183E+00    0.3302684617E+00
    0.5500000000E+05    0.3466985829E+00    0.3303477900E+00
    0.5700000000E+05    0.3467223652E+00    0.3304226242E+00
    0.5900000000E+05    0.3467436791E+00    0.3304933872E+00
    0.6100000000E+05    0.3467627956E+00    0.3305604490E+00
    0.6300000000E+05    0.3467799494E+00    0.3306241344E+00
    0.6500000000E+05    0.3467953448E+00    0.3306847301E+00
    0.6700000000E+05    0.3468091606E+00    0.3307424899E+00
    0.6900000000E+05    0.3468215534E+00    0.3307976399E+00
    0.7100000000E+05    0.3468326612E+00    0.3308503817E+00
    0.7300000000E+05    0.3468426061E+00    0.3309008958E+00
    0.7500000000E+05    0.3468514960E+00    0.3309493445E+00
    0.7700000000E+05    0.3468594272E+00    0.3309958740E+00
    0.7900000000E+05    0.3468664852E+00    0.3310406167E+00
    0.8100000000E+05    0.3468727466E+00    0.3310836923E+00
    0.8300000000E+05    0.3468782802E+00    0.3311252098E+00
    0.8500000000E+05    0.3468831476E+00    0.3311652683E+00
    0.8700000000E+05    0.3468874044E+00    0.3312039585E+00
    0.8900000000E+05    0.3468911006E+00    0.3312413632E+00
    0.9100000000E+05    0.3468942816E+00    0.3312775584E+00
    0.9300000000E+05    0.3468969886E+00    0.3313126142E+00
    0.9500000000E+05    0.3468992587E+00    0.3313465948E+00
    0.9700000000E+05    0.3469011260E+00    0.3313795595E+00
    0.9900000000E+05    0.3469026213E+00    0.3314115632E+00
    0.1000000000E+05    0.3416432169E+00    0.3231738184E+00
    0.3000000000E+05    0.3459601382E+00    0.3287725099E+00
    0.5000000000E+05    0.3466261373E+00    0.3301399587E+00
    0.7000000000E+05    0.3468272600E+00    0.3308243001E+00
    0.9000000000E+05    0.3468927529E+00    0.3312596075E+00
    0.1100000000E+06    0.3469053431E+00    0.3315725005E+00
    0.1300000000E+06    0.3468941445E+00    0.3318146191E+00
    0.1500000000E+06    0.3468714864E+00    0.3320113893E+00
    0.1700000000E+06    0.3468432323E+00    0.3321769624E+00
    0.1900000000E+06    0.3468123930E+00    0.3323199269E+00
    0.2100000000E+06    0.3467805952E+00    0.3324458425E+00
    0.2300000000E+06    0.3467487449E+00    0.3325584929E+00
    0.2500000000E+06    0.3467173534E+00    0.3326605579E+00
    0.2700000000E+06    0.3466867063E+00    0.3327539985E+00
    0.2900000000E+06    0.3466569569E+00    0.3328402887E+00
    0.3100000000E+06    0.3466281796E+00    0.3329205627E+00
    0.3300000000E+06    0.3466004002E+00    0.3329957097E+00
    0.3500000000E+06    0.3465736157E+00    0.3330664394E+00
    0.3700000000E+06    0.3465478056E+00    0.3331333262E+00
    0.3900000000E+06    0.3465229391E+00    0.3331968415E+00
    0.4100000000E+06    0.3464989797E+00    0.3332573761E+00
    0.4300000000E+06    0.3464758883E+00    0.3333152579E+00
    0.4500000000E+06    0.3464536250E+00    0.3333707643E+00
    0.4700000000E+06    0.3464321502E+00    0.3334241319E+00
    0.4900000000E+06    0.3464114254E+00    0.3334755642E+00
    0.5100000000E+06    0.3463914135E+00    0.3335252372E+00
    0.5300000000E+06    0.3463720793E+00    0.3335733045E+00
    0.5500000000E+06    0.3463533892E+00    0.3336199005E+00
    0.5700000000E+06    0.3463353116E+00    0.3336651436E+00
    0.5900000000E+06    0.3463178168E+00    0.3337091387E+00
    0.6100000000E+06    0.3463008767E+00    0.3337519789E+00
    0.6300000000E+06    0.3462844651E+00    0.3337937476E+00
    0.6500000000E+06    0.3462685571E+00    0.3338345194E+00
    0.6700000000E+06    0.3462531297E+00    0.3338743615E+00
    0.6900000000E+06    0.3462381610E+00    0.3339133346E+00
    0.7100000000E+06    0.3462236306E+00    0.3339514938E+00
    0.7300000000E+06    0.3462095192E+00    0.3339888888E+00
    0.7500000000E+06    0.3461958088E+00    0.3340255654E+00
    0.7700000000E+06    0.3461824825E+00    0.3340615651E+00
    0.7900000000E+06    0.3461695241E+00    0.3340969259E+00
    0.8100000000E+06    0.3461569188E+00    0.3341316831E+00
    0.8300000000E+06    0.3461446521E+00    0.3341658687E+00
    0.8500000000E+06    0.3461327109E+00    0.3341995125E+00
    0.8700000000E+06    0.3461210823E+00    0.3342326420E+00
    0.8900000000E+06    0.3461097545E+00    0.3342652827E+00
    0.9100000000E+06    0.3460987161E+00    0.3342974581E+00
    0.9300000000E+06    0.3460879566E+00    0.3343291903E+00
    0.9500000000E+06    0.3460774656E+00    0.3343604996E+00
    0.9700000000E+06    0.3460672336E+00    0.3343914053E+00
    0.9900000000E+06    0.3460572516E+00    0.3344219250E+00
    0.1000000000E+06    0.3469032383E+00    0.3314272207E+00
    0.3000000000E+06    0.3466424443E+00    0.3328811173E+00
    0.5000000000E+06    0.3464013326E+00    0.3335006105E+00
    0.7000000000E+06    0.3462308422E+00    0.3339325127E+00
    0.9000000000E+06    0.3461041998E+00    0.3342814271E+00
    0.1100000000E+07    0.3460064516E+00    0.3345835798E+00
    0.1300000000E+07    0.3459290265E+00    0.3348557384E+00
    0.1500000000E+07    0.3458666342E+00    0.3351070248E+00
    0.1700000000E+07    0.3458157977E+00    0.3353429478E+00
    0.1900000000E+07    0.3457741150E+00    0.3355670873E+00
    0.2100000000E+07    0.3457398594E+00    0.3357819006E+00
    0.2300000000E+07    0.3457117489E+00    0.3359891468E+00
    0.2500000000E+07    0.3456888057E+00    0.3361901285E+00
    0.2700000000E+07    0.3456702678E+00    0.3363858370E+00
    0.2900000000E+07    0.3456555291E+00    0.3365770441E+00
    0.3100000000E+07    0.3456441004E+00    0.3367643627E+00
    0.3300000000E+07    0.3456355809E+00    0.3369482871E+00
    0.3500000000E+07    0.3456296380E+00    0.3371292223E+00
    0.3700000000E+07    0.3456259929E+00    0.3373075039E+00
    0.3900000000E+07    0.3456244095E+00    0.3374834132E+00
    0.4100000000E+07    0.3456246860E+00    0.3376571883E+00
    0.4300000000E+07    0.3456266488E+00    0.3378290327E+00
    0.4500000000E+07    0.3456301474E+00    0.3379991215E+00
    0.4700000000E+07    0.3456350503E+00    0.3381676062E+00
    0.4900000000E+07    0.3456412421E+00    0.3383346194E+00
    0.5100000000E+07    0.3456486211E+00    0.3385002774E+00
    0.5300000000E+07    0.3456570968E+00    0.3386646826E+00
    0.5500000000E+07    0.3456665889E+00    0.3388279260E+00
    0.5700000000E+07    0.3456770252E+00    0.3389900888E+00
    0.5900000000E+07    0.3456883411E+00    0.3391512434E+00
    0.6100000000E+07    0.3457004782E+00    0.3393114551E+00
    0.6300000000E+07    0.3457133835E+00    0.3394707826E+00
    0.6500000000E+07    0.3457270093E+00    0.3396292792E+00
    0.6700000000E+07    0.3457413118E+00    0.3397869931E+00
    0.6900000000E+07    0.3457562511E+00    0.3399439682E+00
    0.7100000000E+07    0.3457717907E+00    0.3401002448E+00
    0.7300000000E+07    0.3457878972E+00    0.3402558596E+00
    0.7500000000E+07    0.3458045396E+00    0.3404108464E+00
    0.7700000000E+07    0.3458216896E+00    0.3405652361E+00
    0.7900000000E+07    0.3458393208E+00    0.3407190575E+00
    0.8100000000E+07    0.3458574090E+00    0.3408723370E+00
    0.8300000000E+07    0.3458759314E+00    0.3410250990E+00
    0.8500000000E+07    0.3458948673E+00    0.3411773664E+00
    0.8700000000E+07    0.3459141970E+00    0.3413291603E+00
    0.8900000000E+07    0.3459339023E+00    0.3414805004E+00
    0.9100000000E+07    0.3459539661E+00    0.3416314049E+00
    0.9300000000E+07    0.3459743727E+00    0.3417818912E+00
    0.9500000000E+07    0.3459951069E+00    0.3419319751E+00
    0.9700000000E+07    0.3460161549E+00    0.3420816717E+00
    0.9900000000E+07    0.3460375035E+00    0.3422309952E+00
    0.1000000000E+07    0.3460523516E+00    0.3344370454E+00
    0.3000000000E+07    0.3456494279E+00    0.3366711562E+00
    0.5000000000E+07    0.3456447891E+00    0.3384176111E+00
    0.7000000000E+07    0.3457639480E+00    0.3400221915E+00
    0.9000000000E+07    0.3459438904E+00    0.3415560060E+00
    0.1100000000E+08    0.3461597753E+00    0.3430461589E+00
    0.1300000000E+08    0.3463992309E+00    0.3445059230E+00
    0.1500000000E+08    0.3466551957E+00    0.3459428014E+00
    0.1700000000E+08    0.3469232577E+00    0.3473614565E+00
    0.1900000000E+08    0.3472004759E+00    0.3487649881E+00
    0.2100000000E+08    0.3474847921E+00    0.3501555643E+00
    0.2300000000E+08    0.3477747100E+00    0.3515347636E+00
    0.2500000000E+08    0.3480691083E+00    0.3529037727E+00
    0.2700000000E+08    0.3483671250E+00    0.3542635079E+00
    0.2900000000E+08    0.3486680839E+00    0.3556146926E+00
    0.3100000000E+08    0.3489714447E+00    0.3569579092E+00
    0.3300000000E+08    0.3492767695E+00    0.3582936344E+00
    0.3500000000E+08    0.3495836982E+00    0.3596222640E+00
    0.3700000000E+08    0.3498919318E+00    0.3609441312E+00
    0.3900000000E+08    0.3502012190E+00    0.3622595195E+00
    0.4100000000E+08    0.3505113472E+00    0.3635686729E+00
    0.4300000000E+08    0.3508221348E+00    0.3648718033E+00
    0.4500000000E+08    0.3511334255E+00    0.3661690964E+00
    0.4700000000E+08    0.3514450841E+00    0.3674607161E+00
    0.4900000000E+08    0.3517569931E+00    0.3687468082E+00
    0.5100000000E+08    0.3520690493E+00    0.3700275036E+00
    0.5300000000E+08    0.3523811625E+00    0.3713029198E+00
    0.5500000000E+08    0.3526932526E+00    0.3725731638E+00
    0.5700000000E+08    0.3530052489E+00    0.3738383329E+00
    0.5900000000E+08    0.3533170883E+00    0.3750985163E+00
    0.6100000000E+08    0.3536287146E+00    0.3763537961E+00
    0.6300000000E+08    0.3539400776E+00    0.3776042484E+00
    0.6500000000E+08    0.3542511322E+00    0.3788499436E+00
    0.6700000000E+08    0.3545618376E+00    0.3800909476E+00
    0.6900000000E+08    0.3548721573E+00    0.3813273218E+00
    0.7100000000E+08    0.3551820582E+00    0.3825591242E+00
    0.7300000000E+08    0.3554915105E+00    0.3837864092E+00
    0.7500000000E+08    0.3558004868E+00    0.3850092281E+00
    0.7700000000E+08    0.3561089627E+00    0.3862276298E+00
    0.7900000000E+08    0.3564169158E+00    0.3874416607E+00
    0.8100000000E+08    0.3567243256E+00    0.3886513647E+00
    0.8300000000E+08    0.3570311736E+00    0.3898567842E+00
    0.8500000000E+08    0.3573374429E+00    0.3910579593E+00
    0.8700000000E+08    0.3576431180E+00    0.3922549288E+00
    0.8900000000E+08    0.3579481849E+00    0.3934477299E+00
    0.9100000000E+08    0.3582526307E+00    0.3946363982E+00
    0.9300000000E+08    0.3585564437E+00    0.3958209683E+00
    0.9500000000E+08    0.3588596132E+00    0.3970014735E+00
    0.9700000000E+08    0.3591621293E+00    0.3981779461E+00
    0.9900000000E+08    0.3594639832E+00    0.3993504172E+00
    0.1000000000E+08    0.3460482866E+00    0.3423055212E+00
    0.3000000000E+08    0.3488194935E+00    0.3562872650E+00
    0.5000000000E+08    0.3519130087E+00    0.3693878229E+00
    0.7000000000E+08    0.3550271621E+00    0.3819437910E+00
    0.9000000000E+08    0.3581004862E+00    0.3940425784E+00
    0.1100000000E+09    0.3611120114E+00    0.4057287946E+00
    0.1300000000E+09    0.3640535498E+00    0.4170326434E+00
    0.1500000000E+09    0.3669221521E+00    0.4279776965E+00
    0.1700000000E+09    0.3697173467E+00    0.4385837907E+00
    0.1900000000E+09    0.3724399363E+00    0.4488683365E+00
    0.2100000000E+09    0.3750914075E+00    0.4588469976E+00
    0.2300000000E+09    0.3776736167E+00    0.4685340838E+00
    0.2500000000E+09    0.3801886122E+00    0.4779427996E+00
    0.2700000000E+09    0.3826385304E+00    0.4870854126E+00
    0.2900000000E+09    0.3850255312E+00    0.4959733763E+00
    0.3100000000E+09    0.3873517593E+00    0.5046174227E+00
    0.3300000000E+09    0.3896193200E+00    0.5130276362E+00
    0.3500000000E+09    0.3918302636E+00    0.5212135139E+00
    0.3700000000E+09    0.3939865769E+00    0.5291840164E+00
    0.3900000000E+09    0.3960901781E+00    0.5369476111E+00
    0.4100000000E+09    0.3981429146E+00    0.5445123104E+00
    0.4300000000E+09    0.4001465622E+00    0.5518857050E+00
    0.4500000000E+09    0.4021028259E+00    0.5590749939E+00
    0.4700000000E+09    0.4040133413E+00    0.5660870110E+00
    0.4900000000E+09    0.4058796762E+00    0.5729282496E+00
    0.5100000000E+09    0.4077033333E+00    0.5796048843E+00
    0.5300000000E+09    0.4094857523E+00    0.5861227914E+00
    0.5500000000E+09    0.4112283126E+00    0.5924875672E+00
    0.5700000000E+09    0.4129323356E+00    0.5987045452E+00
    0.5900000000E+09    0.4145990875E+00    0.6047788116E+00
    0.6100000000E+09    0.4162297816E+00    0.6107152199E+00
    0.6300000000E+09    0.4178255808E+00    0.6165184045E+00
    0.6500000000E+09    0.4193875998E+00    0.6221927929E+00
    0.6700000000E+09    0.4209169077E+00    0.6277426175E+00
    0.6900000000E+09    0.4224145298E+00    0.6331719262E+00
    0.7100000000E+09    0.4238814499E+00    0.6384845929E+00
    0.7300000000E+09    0.4253186121E+00    0.6436843262E+00
    0.7500000000E+09    0.4267269227E+00    0.6487746788E+00
    0.7700000000E+09    0.4281072522E+00    0.6537590555E+00
    0.7900000000E+09    0.4294604368E+00    0.6586407207E+00
    0.8100000000E+09    0.4307872799E+00    0.6634228059E+00
    0.8300000000E+09    0.4320885540E+00    0.6681083162E+00
    0.8500000000E+09    0.4333650018E+00    0.6727001368E+00
    0.8700000000E+09    0.4346173378E+00    0.6772010389E+00
    0.8900000000E+09    0.4358462493E+00    0.6816136855E+00
    0.9100000000E+09    0.4370523980E+00    0.6859406363E+00
    0.9300000000E+09    0.4382364212E+00    0.6901843528E+00
    0.9500000000E+09    0.4393989323E+00    0.6943472031E+00
    0.9700000000E+09    0.4405405228E+00    0.6984314665E+00
    0.9900000000E+09    0.4416617622E+00    0.7024393370E+00
    0.1000000000E+09    0.3596146592E+00    0.3999351618E+00
