     Pressure (Pa)     C7-500 (mol/kg)        3mC6-500 (mol/kg)
    0.1000000000E+01    0.0000000000E+00    0.1865866613E-02
    0.3000000000E+01    0.0000000000E+00    0.5567107423E-02
    0.5000000000E+01    0.0000000000E+00    0.9228242361E-02
    0.7000000000E+01    0.0000000000E+00    0.1284991978E-01
    0.9000000000E+01    0.0000000000E+00    0.1643277414E-01
    0.1100000000E+02    0.0000000000E+00    0.1997742637E-01
    0.1300000000E+02    0.0000000000E+00    0.2348448422E-01
    0.1500000000E+02    0.0000000000E+00    0.2695454262E-01
    0.1700000000E+02    0.0000000000E+00    0.3038818401E-01
    0.1900000000E+02    0.0000000000E+00    0.3378597869E-01
    0.2100000000E+02    0.0000000000E+00    0.3714848507E-01
    0.2300000000E+02    0.0000000000E+00    0.4047625007E-01
    0.2500000000E+02    0.0000000000E+00    0.4376980934E-01
    0.2700000000E+02    0.0000000000E+00    0.4702968758E-01
    0.2900000000E+02    0.0000000000E+00    0.5025639880E-01
    0.3100000000E+02    0.0000000000E+00    0.5345044663E-01
    0.3300000000E+02    0.0000000000E+00    0.5661232454E-01
    0.3500000000E+02    0.0000000000E+00    0.5974251610E-01
    0.3700000000E+02    0.0000000000E+00    0.6284149525E-01
    0.3900000000E+02    0.0000000000E+00    0.6590972652E-01
    0.4100000000E+02    0.0000000000E+00    0.6894766528E-01
    0.4300000000E+02    0.0000000000E+00    0.7195575793E-01
    0.4500000000E+02    0.0000000000E+00    0.7493444216E-01
    0.4700000000E+02    0.0000000000E+00    0.7788414713E-01
    0.4900000000E+02    0.0000000000E+00    0.8080529370E-01
    0.5100000000E+02    0.0000000000E+00    0.8369829462E-01
    0.5300000000E+02    0.0000000000E+00    0.8656355472E-01
    0.5500000000E+02    0.0000000000E+00    0.8940147110E-01
    0.5700000000E+02    0.0000000000E+00    0.9221243332E-01
    0.5900000000E+02    0.0000000000E+00    0.9499682358E-01
    0.6100000000E+02    0.0000000000E+00    0.9775501688E-01
    0.6300000000E+02    0.0000000000E+00    0.1004873812E+00
    0.6500000000E+02    0.0000000000E+00    0.1031942777E+00
    0.6700000000E+02    0.0000000000E+00    0.1058760607E+00
    0.6900000000E+02    0.0000000000E+00    0.1085330782E+00
    0.7100000000E+02    0.0000000000E+00    0.1111656716E+00
    0.7300000000E+02    0.0000000000E+00    0.1137741761E+00
    0.7500000000E+02    0.0000000000E+00    0.1163589209E+00
    0.7700000000E+02    0.0000000000E+00    0.1189202291E+00
    0.7900000000E+02    0.0000000000E+00    0.1214584181E+00
    0.8100000000E+02    0.0000000000E+00    0.1239737994E+00
    0.8300000000E+02    0.0000000000E+00    0.1264666791E+00
    0.8500000000E+02    0.0000000000E+00    0.1289373579E+00
    0.8700000000E+02    0.0000000000E+00    0.1313861309E+00
    0.8900000000E+02    0.0000000000E+00    0.1338132881E+00
    0.9100000000E+02    0.0000000000E+00    0.1362191147E+00
    0.9300000000E+02    0.0000000000E+00    0.1386038904E+00
    0.9500000000E+02    0.0000000000E+00    0.1409678905E+00
    0.9700000000E+02    0.0000000000E+00    0.1433113852E+00
    0.9900000000E+02    0.0000000000E+00    0.1456346401E+00
    0.1000000000E+02    0.0000000000E+00    0.1820983724E-01
    0.3000000000E+02    0.0000000000E+00    0.5185747457E-01
    0.5000000000E+02    0.0000000000E+00    0.8225528688E-01
    0.7000000000E+02    0.0000000000E+00    0.1098524068E+00
    0.9000000000E+02    0.0000000000E+00    0.1350188501E+00
    0.1100000000E+03    0.0000000000E+00    0.1580622022E+00
    0.1300000000E+03    0.0000000000E+00    0.1792402518E+00
    0.1500000000E+03    0.0000000000E+00    0.1987706761E+00
    0.1700000000E+03    0.0000000000E+00    0.2168385509E+00
    0.1900000000E+03    0.0000000000E+00    0.2336022329E+00
    0.2100000000E+03    0.0000000000E+00    0.2491980141E+00
    0.2300000000E+03    0.0000000000E+00    0.2637438351E+00
    0.2500000000E+03    0.0000000000E+00    0.2773422733E+00
    0.2700000000E+03    0.0000000000E+00    0.2900829657E+00
    0.2900000000E+03    0.0000000000E+00    0.3020445869E+00
    0.3100000000E+03    0.0000000000E+00    0.3132964752E+00
    0.3300000000E+03    0.0000000000E+00    0.3238999779E+00
    0.3500000000E+03    0.0000000000E+00    0.3339095699E+00
    0.3700000000E+03    0.0000000000E+00    0.3433737902E+00
    0.3900000000E+03    0.0000000000E+00    0.3523360285E+00
    0.4100000000E+03    0.0000000000E+00    0.3608351908E+00
    0.4300000000E+03    0.0000000000E+00    0.3689062638E+00
    0.4500000000E+03    0.0000000000E+00    0.3765807962E+00
    0.4700000000E+03    0.0000000000E+00    0.3838873112E+00
    0.4900000000E+03    0.0000000000E+00    0.3908516603E+00
    0.5100000000E+03    0.0000000000E+00    0.3974973292E+00
    0.5300000000E+03    0.0000000000E+00    0.4038457024E+00
    0.5500000000E+03    0.0000000000E+00    0.4099162929E+00
    0.5700000000E+03    0.0000000000E+00    0.4157269425E+00
    0.5900000000E+03    0.0000000000E+00    0.4212939972E+00
    0.6100000000E+03    0.0000000000E+00    0.4266324606E+00
    0.6300000000E+03    0.0000000000E+00    0.4317561290E+00
    0.6500000000E+03    0.0000000000E+00    0.4366777102E+00
    0.6700000000E+03    0.0000000000E+00    0.4414089291E+00
    0.6900000000E+03    0.0000000000E+00    0.4459606208E+00
    0.7100000000E+03    0.0000000000E+00    0.4503428134E+00
    0.7300000000E+03    0.0000000000E+00    0.4545648017E+00
    0.7500000000E+03    0.0000000000E+00    0.4586352132E+00
    0.7700000000E+03    0.0000000000E+00    0.4625620667E+00
    0.7900000000E+03    0.0000000000E+00    0.4663528254E+00
    0.8100000000E+03    0.0000000000E+00    0.4700144438E+00
    0.8300000000E+03    0.0000000000E+00    0.4735534107E+00
    0.8500000000E+03    0.0000000000E+00    0.4769757870E+00
    0.8700000000E+03    0.0000000000E+00    0.4802872410E+00
    0.8900000000E+03    0.0000000000E+00    0.4834930795E+00
    0.9100000000E+03    0.0000000000E+00    0.4865982759E+00
    0.9300000000E+03    0.0000000000E+00    0.4896074961E+00
    0.9500000000E+03    0.0000000000E+00    0.4925251223E+00
    0.9700000000E+03    0.0000000000E+00    0.4953552735E+00
    0.9900000000E+03    0.0000000000E+00    0.4981018257E+00
    0.1000000000E+03    0.0000000000E+00    0.1467887594E+00
    0.3000000000E+03    0.0000000000E+00    0.3077552402E+00
    0.5000000000E+03    0.0000000000E+00    0.3942129469E+00
    0.7000000000E+03    0.0000000000E+00    0.4481723072E+00
    0.9000000000E+03    0.0000000000E+00    0.4850579594E+00
    0.1100000000E+04    0.0000000000E+00    0.5118666230E+00
    0.1300000000E+04    0.0000000000E+00    0.5322315069E+00
    0.1500000000E+04    0.0000000000E+00    0.5482266257E+00
    0.1700000000E+04    0.0000000000E+00    0.5611221696E+00
    0.1900000000E+04    0.0000000000E+00    0.5717395275E+00
    0.2100000000E+04    0.0000000000E+00    0.5806334193E+00
    0.2300000000E+04    0.0000000000E+00    0.5881919917E+00
    0.2500000000E+04    0.0000000000E+00    0.5946949761E+00
    0.2700000000E+04    0.0000000000E+00    0.6003490704E+00
    0.2900000000E+04    0.0000000000E+00    0.6053103134E+00
    0.3100000000E+04    0.0000000000E+00    0.6096987091E+00
    0.3300000000E+04    0.0000000000E+00    0.6136080606E+00
    0.3500000000E+04    0.0000000000E+00    0.6171127506E+00
    0.3700000000E+04    0.0000000000E+00    0.6202725206E+00
    0.3900000000E+04    0.0000000000E+00    0.6231359033E+00
    0.4100000000E+04    0.0000000000E+00    0.6257427347E+00
    0.4300000000E+04    0.0000000000E+00    0.6281260176E+00
    0.4500000000E+04    0.0000000000E+00    0.6303133271E+00
    0.4700000000E+04    0.0000000000E+00    0.6323278821E+00
    0.4900000000E+04    0.0000000000E+00    0.6341893729E+00
    0.5100000000E+04    0.0000000000E+00    0.6359146071E+00
    0.5300000000E+04    0.0000000000E+00    0.6375180181E+00
    0.5500000000E+04    0.0000000000E+00    0.6390120706E+00
    0.5700000000E+04    0.0000000000E+00    0.6404075847E+00
    0.5900000000E+04    0.0000000000E+00    0.6417139987E+00
    0.6100000000E+04    0.0000000000E+00    0.6429395830E+00
    0.6300000000E+04    0.0000000000E+00    0.6440916148E+00
    0.6500000000E+04    0.0000000000E+00    0.6451765235E+00
    0.6700000000E+04    0.0000000000E+00    0.6462000102E+00
    0.6900000000E+04    0.0000000000E+00    0.6471671483E+00
    0.7100000000E+04    0.0000000000E+00    0.6480824673E+00
    0.7300000000E+04    0.0000000000E+00    0.6489500239E+00
    0.7500000000E+04    0.0000000000E+00    0.6497734621E+00
    0.7700000000E+04    0.0000000000E+00    0.6505560647E+00
    0.7900000000E+04    0.0000000000E+00    0.6513007962E+00
    0.8100000000E+04    0.0000000000E+00    0.6520103414E+00
    0.8300000000E+04    0.0000000000E+00    0.6526871368E+00
    0.8500000000E+04    0.0000000000E+00    0.6533333993E+00
    0.8700000000E+04    0.0000000000E+00    0.6539511500E+00
    0.8900000000E+04    0.0000000000E+00    0.6545422355E+00
    0.9100000000E+04    0.0000000000E+00    0.6551083462E+00
    0.9300000000E+04    0.0000000000E+00    0.6556510328E+00
    0.9500000000E+04    0.0000000000E+00    0.6561717201E+00
    0.9700000000E+04    0.0000000000E+00    0.6566717195E+00
    0.9900000000E+04    0.0000000000E+00    0.6571522404E+00
    0.1000000000E+04    0.0000000000E+00    0.4994449013E+00
    0.3000000000E+04    0.0000000000E+00    0.6075697317E+00
    0.5000000000E+04    0.0000000000E+00    0.6350680695E+00
    0.7000000000E+04    0.0000000000E+00    0.6476310213E+00
    0.9000000000E+04    0.0000000000E+00    0.6548283127E+00
    0.1100000000E+05    0.0000000000E+00    0.6594928851E+00
    0.1300000000E+05    0.0000000000E+00    0.6627618342E+00
    0.1500000000E+05    0.0000000000E+00    0.6651801783E+00
    0.1700000000E+05    0.0000000000E+00    0.6670418349E+00
    0.1900000000E+05    0.0000000000E+00    0.6685192944E+00
    0.2100000000E+05    0.0000000000E+00    0.6697204562E+00
    0.2300000000E+05    0.0000000000E+00    0.6707162747E+00
    0.2500000000E+05    0.0000000000E+00    0.6715553247E+00
    0.2700000000E+05    0.0000000000E+00    0.6722719800E+00
    0.2900000000E+05    0.0000000000E+00    0.6728912497E+00
    0.3100000000E+05    0.0000000000E+00    0.6734317638E+00
    0.3300000000E+05    0.0000000000E+00    0.6739076851E+00
    0.3500000000E+05    0.0000000000E+00    0.6743299726E+00
    0.3700000000E+05    0.0000000000E+00    0.6747072391E+00
    0.3900000000E+05    0.0000000000E+00    0.6750463467E+00
    0.4100000000E+05    0.0000000000E+00    0.6753528305E+00
    0.4300000000E+05    0.0000000000E+00    0.6756312045E+00
    0.4500000000E+05    0.0000000000E+00    0.6758851864E+00
    0.4700000000E+05    0.0000000000E+00    0.6761178663E+00
    0.4900000000E+05    0.0000000000E+00    0.6763318334E+00
    0.5100000000E+05    0.0000000000E+00    0.6765292734E+00
    0.5300000000E+05    0.0000000000E+00    0.6767120447E+00
    0.5500000000E+05    0.0000000000E+00    0.6768817370E+00
    0.5700000000E+05    0.0000000000E+00    0.6770397182E+00
    0.5900000000E+05    0.0000000000E+00    0.6771871719E+00
    0.6100000000E+05    0.0000000000E+00    0.6773251277E+00
    0.6300000000E+05    0.0000000000E+00    0.6774544847E+00
    0.6500000000E+05    0.0000000000E+00    0.6775760323E+00
    0.6700000000E+05    0.0000000000E+00    0.6776904661E+00
    0.6900000000E+05    0.0000000000E+00    0.6777984015E+00
    0.7100000000E+05    0.0000000000E+00    0.6779003847E+00
    0.7300000000E+05    0.0000000000E+00    0.6779969026E+00
    0.7500000000E+05    0.0000000000E+00    0.6780883903E+00
    0.7700000000E+05    0.0000000000E+00    0.6781752379E+00
    0.7900000000E+05    0.0000000000E+00    0.6782577962E+00
    0.8100000000E+05    0.0000000000E+00    0.6783363816E+00
    0.8300000000E+05    0.0000000000E+00    0.6784112798E+00
    0.8500000000E+05    0.0000000000E+00    0.6784827502E+00
    0.8700000000E+05    0.0000000000E+00    0.6785510281E+00
    0.8900000000E+05    0.0000000000E+00    0.6786163279E+00
    0.9100000000E+05    0.0000000000E+00    0.6786788451E+00
    0.9300000000E+05    0.0000000000E+00    0.6787387586E+00
    0.9500000000E+05    0.0000000000E+00    0.6787962322E+00
    0.9700000000E+05    0.0000000000E+00    0.6788514162E+00
    0.9900000000E+05    0.0000000000E+00    0.6789044489E+00
    0.1000000000E+05    0.0000000000E+00    0.6573855488E+00
    0.3000000000E+05    0.0000000000E+00    0.6731703786E+00
    0.5000000000E+05    0.0000000000E+00    0.6764324962E+00
    0.7000000000E+05    0.0000000000E+00    0.6778501054E+00
    0.9000000000E+05    0.0000000000E+00    0.6786479228E+00
    0.1100000000E+06    0.0000000000E+00    0.6791629008E+00
    0.1300000000E+06    0.0000000000E+00    0.6795252157E+00
    0.1500000000E+06    0.0000000000E+00    0.6797957847E+00
    0.1700000000E+06    0.0000000000E+00    0.6800069193E+00
    0.1900000000E+06    0.0000000000E+00    0.6801773521E+00
    0.2100000000E+06    0.0000000000E+00    0.6803186919E+00
    0.2300000000E+06    0.0000000000E+00    0.6804385160E+00
    0.2500000000E+06    0.0000000000E+00    0.6805419805E+00
    0.2700000000E+06    0.0000000000E+00    0.6806327159E+00
    0.2900000000E+06    0.0000000000E+00    0.6807133524E+00
    0.3100000000E+06    0.0000000000E+00    0.6807858421E+00
    0.3300000000E+06    0.0000000000E+00    0.6808516646E+00
    0.3500000000E+06    0.0000000000E+00    0.6809119615E+00
    0.3700000000E+06    0.0000000000E+00    0.6809676279E+00
    0.3900000000E+06    0.0000000000E+00    0.6810193754E+00
    0.4100000000E+06    0.0000000000E+00    0.6810677769E+00
    0.4300000000E+06    0.0000000000E+00    0.6811132988E+00
    0.4500000000E+06    0.0000000000E+00    0.6811563246E+00
    0.4700000000E+06    0.0000000000E+00    0.6811971728E+00
    0.4900000000E+06    0.0000000000E+00    0.6812361096E+00
    0.5100000000E+06    0.0000000000E+00    0.6812733597E+00
    0.5300000000E+06    0.0000000000E+00    0.6813091139E+00
    0.5500000000E+06    0.0000000000E+00    0.6813435352E+00
    0.5700000000E+06    0.0000000000E+00    0.6813767636E+00
    0.5900000000E+06    0.0000000000E+00    0.6814089205E+00
    0.6100000000E+06    0.0000000000E+00    0.6814401110E+00
    0.6300000000E+06    0.0000000000E+00    0.6814704271E+00
    0.6500000000E+06    0.0000000000E+00    0.6814999494E+00
    0.6700000000E+06    0.0000000000E+00    0.6815287490E+00
    0.6900000000E+06    0.0000000000E+00    0.6815568884E+00
    0.7100000000E+06    0.0000000000E+00    0.6815844236E+00
    0.7300000000E+06    0.0000000000E+00    0.6816114040E+00
    0.7500000000E+06    0.0000000000E+00    0.6816378739E+00
    0.7700000000E+06    0.0000000000E+00    0.6816638732E+00
    0.7900000000E+06    0.0000000000E+00    0.6816894374E+00
    0.8100000000E+06    0.0000000000E+00    0.6817145987E+00
    0.8300000000E+06    0.0000000000E+00    0.6817393863E+00
    0.8500000000E+06    0.0000000000E+00    0.6817638264E+00
    0.8700000000E+06    0.0000000000E+00    0.6817879429E+00
    0.8900000000E+06    0.0000000000E+00    0.6818117576E+00
    0.9100000000E+06    0.0000000000E+00    0.6818352903E+00
    0.9300000000E+06    0.0000000000E+00    0.6818585593E+00
    0.9500000000E+06    0.0000000000E+00    0.6818815811E+00
    0.9700000000E+06    0.0000000000E+00    0.6819043709E+00
    0.9900000000E+06    0.0000000000E+00    0.6819269429E+00
    0.1000000000E+06    0.0000000000E+00    0.6789301987E+00
    0.3000000000E+06    0.0000000000E+00    0.6807505139E+00
    0.5000000000E+06    0.0000000000E+00    0.6812549329E+00
    0.7000000000E+06    0.0000000000E+00    0.6815707283E+00
    0.9000000000E+06    0.0000000000E+00    0.6818235580E+00
    0.1100000000E+07    0.0000000000E+00    0.6820477226E+00
    0.1300000000E+07    0.0000000000E+00    0.6822564205E+00
    0.1500000000E+07    0.0000000000E+00    0.6824558127E+00
    0.1700000000E+07    0.0000000000E+00    0.6826491615E+00
    0.1900000000E+07    0.0000000000E+00    0.6828383561E+00
    0.2100000000E+07    0.0000000000E+00    0.6830245658E+00
    0.2300000000E+07    0.0000000000E+00    0.6832085535E+00
    0.2500000000E+07    0.0000000000E+00    0.6833908379E+00
    0.2700000000E+07    0.0000000000E+00    0.6835717842E+00
    0.2900000000E+07    0.0000000000E+00    0.6837516566E+00
    0.3100000000E+07    0.0000000000E+00    0.6839306515E+00
    0.3300000000E+07    0.0000000000E+00    0.6841089174E+00
    0.3500000000E+07    0.0000000000E+00    0.6842865690E+00
    0.3700000000E+07    0.0000000000E+00    0.6844636961E+00
    0.3900000000E+07    0.0000000000E+00    0.6846403702E+00
    0.4100000000E+07    0.0000000000E+00    0.6848166490E+00
    0.4300000000E+07    0.0000000000E+00    0.6849925790E+00
    0.4500000000E+07    0.0000000000E+00    0.6851681990E+00
    0.4700000000E+07    0.0000000000E+00    0.6853435408E+00
    0.4900000000E+07    0.0000000000E+00    0.6855186311E+00
    0.5100000000E+07    0.0000000000E+00    0.6856934926E+00
    0.5300000000E+07    0.0000000000E+00    0.6858681444E+00
    0.5500000000E+07    0.0000000000E+00    0.6860426029E+00
    0.5700000000E+07    0.0000000000E+00    0.6862168821E+00
    0.5900000000E+07    0.0000000000E+00    0.6863909942E+00
    0.6100000000E+07    0.0000000000E+00    0.6865649498E+00
    0.6300000000E+07    0.0000000000E+00    0.6867387582E+00
    0.6500000000E+07    0.0000000000E+00    0.6869124274E+00
    0.6700000000E+07    0.0000000000E+00    0.6870859647E+00
    0.6900000000E+07    0.0000000000E+00    0.6872593762E+00
    0.7100000000E+07    0.0000000000E+00    0.6874326678E+00
    0.7300000000E+07    0.0000000000E+00    0.6876058442E+00
    0.7500000000E+07    0.0000000000E+00    0.6877789100E+00
    0.7700000000E+07    0.0000000000E+00    0.6879518693E+00
    0.7900000000E+07    0.0000000000E+00    0.6881247256E+00
    0.8100000000E+07    0.0000000000E+00    0.6882974821E+00
    0.8300000000E+07    0.0000000000E+00    0.6884701419E+00
    0.8500000000E+07    0.0000000000E+00    0.6886427075E+00
    0.8700000000E+07    0.0000000000E+00    0.6888151815E+00
    0.8900000000E+07    0.0000000000E+00    0.6889875659E+00
    0.9100000000E+07    0.0000000000E+00    0.6891598629E+00
    0.9300000000E+07    0.0000000000E+00    0.6893320743E+00
    0.9500000000E+07    0.0000000000E+00    0.6895042018E+00
    0.9700000000E+07    0.0000000000E+00    0.6896762469E+00
    0.9900000000E+07    0.0000000000E+00    0.6898482111E+00
    0.1000000000E+07    0.0000000000E+00    0.6819381512E+00
    0.3000000000E+07    0.0000000000E+00    0.6838412536E+00
    0.5000000000E+07    0.0000000000E+00    0.6856060892E+00
    0.7000000000E+07    0.0000000000E+00    0.6873460367E+00
    0.9000000000E+07    0.0000000000E+00    0.6890737253E+00
    0.1100000000E+08    0.0000000000E+00    0.6907926219E+00
    0.1300000000E+08    0.0000000000E+00    0.6925040789E+00
    0.1500000000E+08    0.0000000000E+00    0.6942087435E+00
    0.1700000000E+08    0.0000000000E+00    0.6959069723E+00
    0.1900000000E+08    0.0000000000E+00    0.6975989844E+00
    0.2100000000E+08    0.0000000000E+00    0.6992849267E+00
    0.2300000000E+08    0.0000000000E+00    0.7009649049E+00
    0.2500000000E+08    0.0000000000E+00    0.7026390003E+00
    0.2700000000E+08    0.0000000000E+00    0.7043072788E+00
    0.2900000000E+08    0.0000000000E+00    0.7059697956E+00
    0.3100000000E+08    0.0000000000E+00    0.7076265991E+00
    0.3300000000E+08    0.0000000000E+00    0.7092777329E+00
    0.3500000000E+08    0.0000000000E+00    0.7109232367E+00
    0.3700000000E+08    0.0000000000E+00    0.7125631477E+00
    0.3900000000E+08    0.0000000000E+00    0.7141975012E+00
    0.4100000000E+08    0.0000000000E+00    0.7158263305E+00
    0.4300000000E+08    0.0000000000E+00    0.7174496682E+00
    0.4500000000E+08    0.0000000000E+00    0.7190675453E+00
    0.4700000000E+08    0.0000000000E+00    0.7206799925E+00
    0.4900000000E+08    0.0000000000E+00    0.7222870394E+00
    0.5100000000E+08    0.0000000000E+00    0.7238887152E+00
    0.5300000000E+08    0.0000000000E+00    0.7254850486E+00
    0.5500000000E+08    0.0000000000E+00    0.7270760676E+00
    0.5700000000E+08    0.0000000000E+00    0.7286618001E+00
    0.5900000000E+08    0.0000000000E+00    0.7302422735E+00
    0.6100000000E+08    0.0000000000E+00    0.7318175148E+00
    0.6300000000E+08    0.0000000000E+00    0.7333875508E+00
    0.6500000000E+08    0.0000000000E+00    0.7349524080E+00
    0.6700000000E+08    0.0000000000E+00    0.7365121127E+00
    0.6900000000E+08    0.0000000000E+00    0.7380666907E+00
    0.7100000000E+08    0.0000000000E+00    0.7396161678E+00
    0.7300000000E+08    0.0000000000E+00    0.7411605695E+00
    0.7500000000E+08    0.0000000000E+00    0.7426999211E+00
    0.7700000000E+08    0.0000000000E+00    0.7442342477E+00
    0.7900000000E+08    0.0000000000E+00    0.7457635741E+00
    0.8100000000E+08    0.0000000000E+00    0.7472879251E+00
    0.8300000000E+08    0.0000000000E+00    0.7488073251E+00
    0.8500000000E+08    0.0000000000E+00    0.7503217984E+00
    0.8700000000E+08    0.0000000000E+00    0.7518313692E+00
    0.8900000000E+08    0.0000000000E+00    0.7533360615E+00
    0.9100000000E+08    0.0000000000E+00    0.7548358989E+00
    0.9300000000E+08    0.0000000000E+00    0.7563309052E+00
    0.9500000000E+08    0.0000000000E+00    0.7578211037E+00
    0.9700000000E+08    0.0000000000E+00    0.7593065178E+00
    0.9900000000E+08    0.0000000000E+00    0.7607871706E+00
    0.1000000000E+08    0.0000000000E+00    0.6899341633E+00
    0.3000000000E+08    0.0000000000E+00    0.7067989087E+00
    0.5000000000E+08    0.0000000000E+00    0.7230885469E+00
    0.7000000000E+08    0.0000000000E+00    0.7388420652E+00
    0.9000000000E+08    0.0000000000E+00    0.7540865856E+00
    0.1100000000E+09    0.0000000000E+00    0.7688466706E+00
    0.1300000000E+09    0.0000000000E+00    0.7831451573E+00
    0.1500000000E+09    0.0000000000E+00    0.7970034141E+00
    0.1700000000E+09    0.0000000000E+00    0.8104414887E+00
    0.1900000000E+09    0.0000000000E+00    0.8234782194E+00
    0.2100000000E+09    0.0000000000E+00    0.8361313300E+00
    0.2300000000E+09    0.0000000000E+00    0.8484175130E+00
    0.2500000000E+09    0.0000000000E+00    0.8603525045E+00
    0.2700000000E+09    0.0000000000E+00    0.8719511526E+00
    0.2900000000E+09    0.0000000000E+00    0.8832274793E+00
    0.3100000000E+09    0.0000000000E+00    0.8941947374E+00
    0.3300000000E+09    0.0000000000E+00    0.9048654629E+00
    0.3500000000E+09    0.0000000000E+00    0.9152515223E+00
    0.3700000000E+09    0.0000000000E+00    0.9253641574E+00
    0.3900000000E+09    0.0000000000E+00    0.9352140258E+00
    0.4100000000E+09    0.0000000000E+00    0.9448112378E+00
    0.4300000000E+09    0.0000000000E+00    0.9541653920E+00
    0.4500000000E+09    0.0000000000E+00    0.9632856064E+00
    0.4700000000E+09    0.0000000000E+00    0.9721805489E+00
    0.4900000000E+09    0.0000000000E+00    0.9808584642E+00
    0.5100000000E+09    0.0000000000E+00    0.9893271995E+00
    0.5300000000E+09    0.0000000000E+00    0.9975942283E+00
    0.5500000000E+09    0.0000000000E+00    0.1005666672E+01
    0.5700000000E+09    0.0000000000E+00    0.1013551321E+01
    0.5900000000E+09    0.0000000000E+00    0.1021254653E+01
    0.6100000000E+09    0.0000000000E+00    0.1028782851E+01
    0.6300000000E+09    0.0000000000E+00    0.1036141822E+01
    0.6500000000E+09    0.0000000000E+00    0.1043337207E+01
    0.6700000000E+09    0.0000000000E+00    0.1050374401E+01
    0.6900000000E+09    0.0000000000E+00    0.1057258564E+01
    0.7100000000E+09    0.0000000000E+00    0.1063994635E+01
    0.7300000000E+09    0.0000000000E+00    0.1070587341E+01
    0.7500000000E+09    0.0000000000E+00    0.1077041211E+01
    0.7700000000E+09    0.0000000000E+00    0.1083360584E+01
    0.7900000000E+09    0.0000000000E+00    0.1089549623E+01
    0.8100000000E+09    0.0000000000E+00    0.1095612317E+01
    0.8300000000E+09    0.0000000000E+00    0.1101552497E+01
    0.8500000000E+09    0.0000000000E+00    0.1107373839E+01
    0.8700000000E+09    0.0000000000E+00    0.1113079874E+01
    0.8900000000E+09    0.0000000000E+00    0.1118673994E+01
    0.9100000000E+09    0.0000000000E+00    0.1124159460E+01
    0.9300000000E+09    0.0000000000E+00    0.1129539406E+01
    0.9500000000E+09    0.0000000000E+00    0.1134816850E+01
    0.9700000000E+09    0.0000000000E+00    0.1139994692E+01
    0.9900000000E+09    0.0000000000E+00    0.1145075726E+01
    0.1000000000E+09    0.0000000000E+00    0.7615257187E+00
