     Pressure (Pa)     C7-500 (mol/kg)        3mC6-500 (mol/kg)
    0.1000000000E+01    0.4317029012E-04    0.8691697440E-04
    0.3000000000E+01    0.1294610979E-03    0.2606488694E-03
    0.5000000000E+01    0.2156856066E-03    0.4342448252E-03
    0.7000000000E+01    0.3018438933E-03    0.6077050007E-03
    0.9000000000E+01    0.3879360349E-03    0.7810295545E-03
    0.1100000000E+02    0.4739621081E-03    0.9542186450E-03
    0.1300000000E+02    0.5599221895E-03    0.1127272430E-02
    0.1500000000E+02    0.6458163558E-03    0.1300191068E-02
    0.1700000000E+02    0.7316446834E-03    0.1472974717E-02
    0.1900000000E+02    0.8174072485E-03    0.1645623533E-02
    0.2100000000E+02    0.9031041273E-03    0.1818137673E-02
    0.2300000000E+02    0.9887353959E-03    0.1990517296E-02
    0.2500000000E+02    0.1074301130E-02    0.2162762557E-02
    0.2700000000E+02    0.1159801406E-02    0.2334873613E-02
    0.2900000000E+02    0.1245236299E-02    0.2506850619E-02
    0.3100000000E+02    0.1330605885E-02    0.2678693733E-02
    0.3300000000E+02    0.1415910239E-02    0.2850403109E-02
    0.3500000000E+02    0.1501149437E-02    0.3021978904E-02
    0.3700000000E+02    0.1586323554E-02    0.3193421271E-02
    0.3900000000E+02    0.1671432665E-02    0.3364730367E-02
    0.4100000000E+02    0.1756476845E-02    0.3535906346E-02
    0.4300000000E+02    0.1841456169E-02    0.3706949362E-02
    0.4500000000E+02    0.1926370712E-02    0.3877859569E-02
    0.4700000000E+02    0.2011220548E-02    0.4048637123E-02
    0.4900000000E+02    0.2096005752E-02    0.4219282176E-02
    0.5100000000E+02    0.2180726399E-02    0.4389794882E-02
    0.5300000000E+02    0.2265382562E-02    0.4560175394E-02
    0.5500000000E+02    0.2349974316E-02    0.4730423866E-02
    0.5700000000E+02    0.2434501736E-02    0.4900540449E-02
    0.5900000000E+02    0.2518964894E-02    0.5070525298E-02
    0.6100000000E+02    0.2603363865E-02    0.5240378563E-02
    0.6300000000E+02    0.2687698723E-02    0.5410100398E-02
    0.6500000000E+02    0.2771969541E-02    0.5579690954E-02
    0.6700000000E+02    0.2856176392E-02    0.5749150383E-02
    0.6900000000E+02    0.2940319351E-02    0.5918478836E-02
    0.7100000000E+02    0.3024398491E-02    0.6087676464E-02
    0.7300000000E+02    0.3108413884E-02    0.6256743419E-02
    0.7500000000E+02    0.3192365604E-02    0.6425679851E-02
    0.7700000000E+02    0.3276253723E-02    0.6594485910E-02
    0.7900000000E+02    0.3360078315E-02    0.6763161747E-02
    0.8100000000E+02    0.3443839453E-02    0.6931707512E-02
    0.8300000000E+02    0.3527537208E-02    0.7100123355E-02
    0.8500000000E+02    0.3611171654E-02    0.7268409424E-02
    0.8700000000E+02    0.3694742863E-02    0.7436565871E-02
    0.8900000000E+02    0.3778250907E-02    0.7604592843E-02
    0.9100000000E+02    0.3861695858E-02    0.7772490489E-02
    0.9300000000E+02    0.3945077789E-02    0.7940258959E-02
    0.9500000000E+02    0.4028396771E-02    0.8107898400E-02
    0.9700000000E+02    0.4111652877E-02    0.8275408962E-02
    0.9900000000E+02    0.4194846177E-02    0.8442790791E-02
    0.1000000000E+02    0.4309573252E-03    0.8676410228E-03
    0.3000000000E+02    0.1287929251E-02    0.2592788903E-02
    0.5000000000E+02    0.2138374141E-02    0.4304555063E-02
    0.7000000000E+02    0.2982366894E-02    0.6003093994E-02
    0.9000000000E+02    0.3819981265E-02    0.7688557822E-02
    0.1100000000E+03    0.4651289886E-02    0.9361096353E-02
    0.1300000000E+03    0.5476364290E-02    0.1102085711E-01
    0.1500000000E+03    0.6295274928E-02    0.1266798539E-01
    0.1700000000E+03    0.7108091191E-02    0.1430262429E-01
    0.1900000000E+03    0.7914881433E-02    0.1592491476E-01
    0.2100000000E+03    0.8715712984E-02    0.1753499564E-01
    0.2300000000E+03    0.9510652175E-02    0.1913300369E-01
    0.2500000000E+03    0.1029976435E-01    0.2071907365E-01
    0.2700000000E+03    0.1108311390E-01    0.2229333826E-01
    0.2900000000E+03    0.1186076425E-01    0.2385592830E-01
    0.3100000000E+03    0.1263277792E-01    0.2540697262E-01
    0.3300000000E+03    0.1339921649E-01    0.2694659819E-01
    0.3500000000E+03    0.1416014066E-01    0.2847493013E-01
    0.3700000000E+03    0.1491561025E-01    0.2999209174E-01
    0.3900000000E+03    0.1566568421E-01    0.3149820452E-01
    0.4100000000E+03    0.1641042065E-01    0.3299338825E-01
    0.4300000000E+03    0.1714987684E-01    0.3447776094E-01
    0.4500000000E+03    0.1788410923E-01    0.3595143894E-01
    0.4700000000E+03    0.1861317348E-01    0.3741453693E-01
    0.4900000000E+03    0.1933712445E-01    0.3886716797E-01
    0.5100000000E+03    0.2005601621E-01    0.4030944348E-01
    0.5300000000E+03    0.2076990210E-01    0.4174147336E-01
    0.5500000000E+03    0.2147883468E-01    0.4316336591E-01
    0.5700000000E+03    0.2218286581E-01    0.4457522795E-01
    0.5900000000E+03    0.2288204659E-01    0.4597716478E-01
    0.6100000000E+03    0.2357642744E-01    0.4736928025E-01
    0.6300000000E+03    0.2426605806E-01    0.4875167675E-01
    0.6500000000E+03    0.2495098748E-01    0.5012445527E-01
    0.6700000000E+03    0.2563126405E-01    0.5148771540E-01
    0.6900000000E+03    0.2630693545E-01    0.5284155537E-01
    0.7100000000E+03    0.2697804873E-01    0.5418607204E-01
    0.7300000000E+03    0.2764465028E-01    0.5552136097E-01
    0.7500000000E+03    0.2830678588E-01    0.5684751642E-01
    0.7700000000E+03    0.2896450066E-01    0.5816463137E-01
    0.7900000000E+03    0.2961783917E-01    0.5947279753E-01
    0.8100000000E+03    0.3026684536E-01    0.6077210539E-01
    0.8300000000E+03    0.3091156258E-01    0.6206264422E-01
    0.8500000000E+03    0.3155203362E-01    0.6334450210E-01
    0.8700000000E+03    0.3218830068E-01    0.6461776592E-01
    0.8900000000E+03    0.3282040541E-01    0.6588252144E-01
    0.9100000000E+03    0.3344838891E-01    0.6713885327E-01
    0.9300000000E+03    0.3407229175E-01    0.6838684490E-01
    0.9500000000E+03    0.3469215396E-01    0.6962657874E-01
    0.9700000000E+03    0.3530801503E-01    0.7085813608E-01
    0.9900000000E+03    0.3591991397E-01    0.7208159720E-01
    0.1000000000E+03    0.4236419298E-02    0.8526433477E-02
    0.3000000000E+03    0.1224747180E-01    0.2463288569E-01
    0.5000000000E+03    0.1969719938E-01    0.3958959326E-01
    0.7000000000E+03    0.2664305894E-01    0.5351497311E-01
    0.9000000000E+03    0.3313490976E-01    0.6651173507E-01
    0.1100000000E+04    0.3921622999E-01    0.7866940164E-01
    0.1300000000E+04    0.4492510666E-01    0.9006635778E-01
    0.1500000000E+04    0.5029504678E-01    0.1007715301E+00
    0.1700000000E+04    0.5535564631E-01    0.1108457710E+00
    0.1900000000E+04    0.6013314507E-01    0.1203430070E+00
    0.2100000000E+04    0.6465088979E-01    0.1293111962E+00
    0.2300000000E+04    0.6892972252E-01    0.1377931314E+00
    0.2500000000E+04    0.7298830803E-01    0.1458271172E+00
    0.2700000000E+04    0.7684341119E-01    0.1534475426E+00
    0.2900000000E+04    0.8051013296E-01    0.1606853692E+00
    0.3100000000E+04    0.8400211201E-01    0.1675685472E+00
    0.3300000000E+04    0.8733169777E-01    0.1741223726E+00
    0.3500000000E+04    0.9051009937E-01    0.1803697951E+00
    0.3700000000E+04    0.9354751447E-01    0.1863316836E+00
    0.3900000000E+04    0.9645324096E-01    0.1920270567E+00
    0.4100000000E+04    0.9923577417E-01    0.1974732832E+00
    0.4300000000E+04    0.1019028917E+00    0.2026862571E+00
    0.4500000000E+04    0.1044617279E+00    0.2076805508E+00
    0.4700000000E+04    0.1069188389E+00    0.2124695495E+00
    0.4900000000E+04    0.1092802601E+00    0.2170655697E+00
    0.5100000000E+04    0.1115515574E+00    0.2214799636E+00
    0.5300000000E+04    0.1137378712E+00    0.2257232119E+00
    0.5500000000E+04    0.1158439571E+00    0.2298050053E+00
    0.5700000000E+04    0.1178742211E+00    0.2337343179E+00
    0.5900000000E+04    0.1198327510E+00    0.2375194720E+00
    0.6100000000E+04    0.1217233448E+00    0.2411681964E+00
    0.6300000000E+04    0.1235495359E+00    0.2446876778E+00
    0.6500000000E+04    0.1253146160E+00    0.2480846083E+00
    0.6700000000E+04    0.1270216553E+00    0.2513652264E+00
    0.6900000000E+04    0.1286735206E+00    0.2545353553E+00
    0.7100000000E+04    0.1302728924E+00    0.2576004366E+00
    0.7300000000E+04    0.1318222795E+00    0.2605655611E+00
    0.7500000000E+04    0.1333240325E+00    0.2634354966E+00
    0.7700000000E+04    0.1347803565E+00    0.2662147130E+00
    0.7900000000E+04    0.1361933217E+00    0.2689074056E+00
    0.8100000000E+04    0.1375648737E+00    0.2715175150E+00
    0.8300000000E+04    0.1388968432E+00    0.2740487472E+00
    0.8500000000E+04    0.1401909538E+00    0.2765045898E+00
    0.8700000000E+04    0.1414488300E+00    0.2788883285E+00
    0.8900000000E+04    0.1426720043E+00    0.2812030613E+00
    0.9100000000E+04    0.1438619233E+00    0.2834517115E+00
    0.9300000000E+04    0.1450199542E+00    0.2856370401E+00
    0.9500000000E+04    0.1461473896E+00    0.2877616568E+00
    0.9700000000E+04    0.1472454530E+00    0.2898280302E+00
    0.9900000000E+04    0.1483153030E+00    0.2918384971E+00
    0.1000000000E+04    0.3622438969E-01    0.7269031646E-01
    0.3000000000E+04    0.8227716512E-01    0.1641696499E+00
    0.5000000000E+04    0.1104268435E+00    0.2192947955E+00
    0.7000000000E+04    0.1294796075E+00    0.2560807008E+00
    0.9000000000E+04    0.1432710335E+00    0.2823354705E+00
    0.1100000000E+05    0.1537415185E+00    0.3019901364E+00
    0.1300000000E+05    0.1619790857E+00    0.3172383802E+00
    0.1500000000E+05    0.1686416168E+00    0.3294003279E+00
    0.1700000000E+05    0.1741505875E+00    0.3393177243E+00
    0.1900000000E+05    0.1787886754E+00    0.3475524543E+00
    0.2100000000E+05    0.1827526584E+00    0.3544938180E+00
    0.2300000000E+05    0.1861838107E+00    0.3604199975E+00
    0.2500000000E+05    0.1891862319E+00    0.3655350139E+00
    0.2700000000E+05    0.1918383530E+00    0.3699918629E+00
    0.2900000000E+05    0.1942004128E+00    0.3739075045E+00
    0.3100000000E+05    0.1963194610E+00    0.3773728643E+00
    0.3300000000E+05    0.1982327937E+00    0.3804596832E+00
    0.3500000000E+05    0.1999703659E+00    0.3832253131E+00
    0.3700000000E+05    0.2015565207E+00    0.3857161453E+00
    0.3900000000E+05    0.2030112505E+00    0.3879701027E+00
    0.4100000000E+05    0.2043511320E+00    0.3900184840E+00
    0.4300000000E+05    0.2055900297E+00    0.3918873451E+00
    0.4500000000E+05    0.2067396314E+00    0.3935985502E+00
    0.4700000000E+05    0.2078098618E+00    0.3951705793E+00
    0.4900000000E+05    0.2088092048E+00    0.3966191571E+00
    0.5100000000E+05    0.2097449576E+00    0.3979577460E+00
    0.5300000000E+05    0.2106234321E+00    0.3991979373E+00
    0.5500000000E+05    0.2114501173E+00    0.4003497649E+00
    0.5700000000E+05    0.2122298098E+00    0.4014219566E+00
    0.5900000000E+05    0.2129667208E+00    0.4024221396E+00
    0.6100000000E+05    0.2136645629E+00    0.4033570079E+00
    0.6300000000E+05    0.2143266229E+00    0.4042324600E+00
    0.6500000000E+05    0.2149558213E+00    0.4050537133E+00
    0.6700000000E+05    0.2155547625E+00    0.4058253993E+00
    0.6900000000E+05    0.2161257766E+00    0.4065516429E+00
    0.7100000000E+05    0.2166709553E+00    0.4072361298E+00
    0.7300000000E+05    0.2171921816E+00    0.4078821630E+00
    0.7500000000E+05    0.2176911554E+00    0.4084927109E+00
    0.7700000000E+05    0.2181694158E+00    0.4090704485E+00
    0.7900000000E+05    0.2186283593E+00    0.4096177927E+00
    0.8100000000E+05    0.2190692569E+00    0.4101369320E+00
    0.8300000000E+05    0.2194932671E+00    0.4106298534E+00
    0.8500000000E+05    0.2199014490E+00    0.4110983644E+00
    0.8700000000E+05    0.2202947723E+00    0.4115441129E+00
    0.8900000000E+05    0.2206741272E+00    0.4119686044E+00
    0.9100000000E+05    0.2210403318E+00    0.4123732167E+00
    0.9300000000E+05    0.2213941399E+00    0.4127592133E+00
    0.9500000000E+05    0.2217362470E+00    0.4131277549E+00
    0.9700000000E+05    0.2220672961E+00    0.4134799095E+00
    0.9900000000E+05    0.2223878822E+00    0.4138166612E+00
    0.1000000000E+05    0.1488399935E+00    0.2928234620E+00
    0.3000000000E+05    0.1952877860E+00    0.3756916004E+00
    0.5000000000E+05    0.2092846144E+00    0.3973014359E+00
    0.7000000000E+05    0.2164014731E+00    0.4068988911E+00
    0.9000000000E+05    0.2208588247E+00    0.4121733140E+00
    0.1100000000E+06    0.2239868832E+00    0.4154308377E+00
    0.1300000000E+06    0.2263451026E+00    0.4175963820E+00
    0.1500000000E+06    0.2282124291E+00    0.4191102662E+00
    0.1700000000E+06    0.2297446999E+00    0.4202075542E+00
    0.1900000000E+06    0.2310363969E+00    0.4210245167E+00
    0.2100000000E+06    0.2321484563E+00    0.4216452317E+00
    0.2300000000E+06    0.2331221286E+00    0.4221241697E+00
    0.2500000000E+06    0.2339864476E+00    0.4224980343E+00
    0.2700000000E+06    0.2347625140E+00    0.4227923695E+00
    0.2900000000E+06    0.2354660801E+00    0.4230254401E+00
    0.3100000000E+06    0.2361091761E+00    0.4232106089E+00
    0.3300000000E+06    0.2367011712E+00    0.4233578471E+00
    0.3500000000E+06    0.2372494876E+00    0.4234747230E+00
    0.3700000000E+06    0.2377600928E+00    0.4235670679E+00
    0.3900000000E+06    0.2382378492E+00    0.4236394339E+00
    0.4100000000E+06    0.2386867646E+00    0.4236954167E+00
    0.4300000000E+06    0.2391101777E+00    0.4237378860E+00
    0.4500000000E+06    0.2395108962E+00    0.4237691537E+00
    0.4700000000E+06    0.2398913014E+00    0.4237910978E+00
    0.4900000000E+06    0.2402534286E+00    0.4238052558E+00
    0.5100000000E+06    0.2405990301E+00    0.4238128946E+00
    0.5300000000E+06    0.2409296241E+00    0.4238150650E+00
    0.5500000000E+06    0.2412465339E+00    0.4238126436E+00
    0.5700000000E+06    0.2415509196E+00    0.4238063648E+00
    0.5900000000E+06    0.2418438029E+00    0.4237968477E+00
    0.6100000000E+06    0.2421260884E+00    0.4237846155E+00
    0.6300000000E+06    0.2423985802E+00    0.4237701127E+00
    0.6500000000E+06    0.2426619962E+00    0.4237537181E+00
    0.6700000000E+06    0.2429169797E+00    0.4237357554E+00
    0.6900000000E+06    0.2431641095E+00    0.4237165022E+00
    0.7100000000E+06    0.2434039076E+00    0.4236961969E+00
    0.7300000000E+06    0.2436368467E+00    0.4236750451E+00
    0.7500000000E+06    0.2438633562E+00    0.4236532243E+00
    0.7700000000E+06    0.2440838267E+00    0.4236308878E+00
    0.7900000000E+06    0.2442986153E+00    0.4236081685E+00
    0.8100000000E+06    0.2445080485E+00    0.4235851816E+00
    0.8300000000E+06    0.2447124259E+00    0.4235620271E+00
    0.8500000000E+06    0.2449120233E+00    0.4235387920E+00
    0.8700000000E+06    0.2451070945E+00    0.4235155517E+00
    0.8900000000E+06    0.2452978740E+00    0.4234923717E+00
    0.9100000000E+06    0.2454845789E+00    0.4234693092E+00
    0.9300000000E+06    0.2456674104E+00    0.4234464137E+00
    0.9500000000E+06    0.2458465552E+00    0.4234237281E+00
    0.9700000000E+06    0.2460221871E+00    0.4234012897E+00
    0.9900000000E+06    0.2461944680E+00    0.4233791308E+00
    0.1000000000E+06    0.2225444258E+00    0.4139795477E+00
    0.3000000000E+06    0.2357945486E+00    0.4231233231E+00
    0.5000000000E+06    0.2404281952E+00    0.4238098199E+00
    0.7000000000E+06    0.2432848943E+00    0.4237064675E+00
    0.9000000000E+06    0.2453917229E+00    0.4234808225E+00
    0.1100000000E+07    0.2470883970E+00    0.4232633164E+00
    0.1300000000E+07    0.2485272977E+00    0.4230843567E+00
    0.1500000000E+07    0.2497894429E+00    0.4229489361E+00
    0.1700000000E+07    0.2509229082E+00    0.4228548331E+00
    0.1900000000E+07    0.2519585080E+00    0.4227979461E+00
    0.2100000000E+07    0.2529171565E+00    0.4227739928E+00
    0.2300000000E+07    0.2538136896E+00    0.4227790434E+00
    0.2500000000E+07    0.2546590076E+00    0.4228096519E+00
    0.2700000000E+07    0.2554613526E+00    0.4228628491E+00
    0.2900000000E+07    0.2562271061E+00    0.4229360903E+00
    0.3100000000E+07    0.2569613096E+00    0.4230271951E+00
    0.3300000000E+07    0.2576680148E+00    0.4231342896E+00
    0.3500000000E+07    0.2583505266E+00    0.4232557574E+00
    0.3700000000E+07    0.2590115758E+00    0.4233901974E+00
    0.3900000000E+07    0.2596534452E+00    0.4235363893E+00
    0.4100000000E+07    0.2602780619E+00    0.4236932651E+00
    0.4300000000E+07    0.2608870681E+00    0.4238598860E+00
    0.4500000000E+07    0.2614818744E+00    0.4240354223E+00
    0.4700000000E+07    0.2620637014E+00    0.4242191383E+00
    0.4900000000E+07    0.2626336125E+00    0.4244103786E+00
    0.5100000000E+07    0.2631925396E+00    0.4246085568E+00
    0.5300000000E+07    0.2637413044E+00    0.4248131468E+00
    0.5500000000E+07    0.2642806345E+00    0.4250236749E+00
    0.5700000000E+07    0.2648111779E+00    0.4252397126E+00
    0.5900000000E+07    0.2653335138E+00    0.4254608719E+00
    0.6100000000E+07    0.2658481622E+00    0.4256867998E+00
    0.6300000000E+07    0.2663555917E+00    0.4259171747E+00
    0.6500000000E+07    0.2668562261E+00    0.4261517025E+00
    0.6700000000E+07    0.2673504500E+00    0.4263901138E+00
    0.6900000000E+07    0.2678386132E+00    0.4266321612E+00
    0.7100000000E+07    0.2683210353E+00    0.4268776169E+00
    0.7300000000E+07    0.2687980087E+00    0.4271262709E+00
    0.7500000000E+07    0.2692698018E+00    0.4273779289E+00
    0.7700000000E+07    0.2697366614E+00    0.4276324112E+00
    0.7900000000E+07    0.2701988153E+00    0.4278895510E+00
    0.8100000000E+07    0.2706564737E+00    0.4281491933E+00
    0.8300000000E+07    0.2711098317E+00    0.4284111937E+00
    0.8500000000E+07    0.2715590698E+00    0.4286754179E+00
    0.8700000000E+07    0.2720043563E+00    0.4289417402E+00
    0.8900000000E+07    0.2724458475E+00    0.4292100432E+00
    0.9100000000E+07    0.2728836897E+00    0.4294802169E+00
    0.9300000000E+07    0.2733180191E+00    0.4297521583E+00
    0.9500000000E+07    0.2737489635E+00    0.4300257705E+00
    0.9700000000E+07    0.2741766427E+00    0.4303009627E+00
    0.9900000000E+07    0.2746011689E+00    0.4305776491E+00
    0.1000000000E+07    0.2462793994E+00    0.4233681650E+00
    0.3000000000E+07    0.2565978785E+00    0.4229795335E+00
    0.5000000000E+07    0.2629143953E+00    0.4245086346E+00
    0.7000000000E+07    0.2680805230E+00    0.4267544765E+00
    0.9000000000E+07    0.2726652160E+00    0.4293449028E+00
    0.1100000000E+08    0.2768841288E+00    0.4321227533E+00
    0.1300000000E+08    0.2808430811E+00    0.4350076074E+00
    0.1500000000E+08    0.2846023106E+00    0.4379531789E+00
    0.1700000000E+08    0.2881996632E+00    0.4409306590E+00
    0.1900000000E+08    0.2916606726E+00    0.4439211038E+00
    0.2100000000E+08    0.2950035268E+00    0.4469115520E+00
    0.2300000000E+08    0.2982417509E+00    0.4498928739E+00
    0.2500000000E+08    0.3013857610E+00    0.4528585020E+00
    0.2700000000E+08    0.3044438157E+00    0.4558036430E+00
    0.2900000000E+08    0.3074226256E+00    0.4587247667E+00
    0.3100000000E+08    0.3103277588E+00    0.4616192637E+00
    0.3300000000E+08    0.3131639194E+00    0.4644852095E+00
    0.3500000000E+08    0.3159351440E+00    0.4673211968E+00
    0.3700000000E+08    0.3186449435E+00    0.4701262147E+00
    0.3900000000E+08    0.3212964084E+00    0.4728995595E+00
    0.4100000000E+08    0.3238922870E+00    0.4756407678E+00
    0.4300000000E+08    0.3264350460E+00    0.4783495659E+00
    0.4500000000E+08    0.3289269170E+00    0.4810258303E+00
    0.4700000000E+08    0.3313699336E+00    0.4836695579E+00
    0.4900000000E+08    0.3337659605E+00    0.4862808411E+00
    0.5100000000E+08    0.3361167169E+00    0.4888598496E+00
    0.5300000000E+08    0.3384237961E+00    0.4914068149E+00
    0.5500000000E+08    0.3406886808E+00    0.4939220180E+00
    0.5700000000E+08    0.3429127567E+00    0.4964057792E+00
    0.5900000000E+08    0.3450973232E+00    0.4988584505E+00
    0.6100000000E+08    0.3472436025E+00    0.5012804085E+00
    0.6300000000E+08    0.3493527479E+00    0.5036720494E+00
    0.6500000000E+08    0.3514258501E+00    0.5060337839E+00
    0.6700000000E+08    0.3534639430E+00    0.5083660337E+00
    0.6900000000E+08    0.3554680092E+00    0.5106692287E+00
    0.7100000000E+08    0.3574389836E+00    0.5129438039E+00
    0.7300000000E+08    0.3593777581E+00    0.5151901976E+00
    0.7500000000E+08    0.3612851841E+00    0.5174088493E+00
    0.7700000000E+08    0.3631620762E+00    0.5196001986E+00
    0.7900000000E+08    0.3650092146E+00    0.5217646834E+00
    0.8100000000E+08    0.3668273472E+00    0.5239027394E+00
    0.8300000000E+08    0.3686171923E+00    0.5260147990E+00
    0.8500000000E+08    0.3703794400E+00    0.5281012904E+00
    0.8700000000E+08    0.3721147542E+00    0.5301626373E+00
    0.8900000000E+08    0.3738237742E+00    0.5321992583E+00
    0.9100000000E+08    0.3755071160E+00    0.5342115664E+00
    0.9300000000E+08    0.3771653736E+00    0.5361999691E+00
    0.9500000000E+08    0.3787991204E+00    0.5381648673E+00
    0.9700000000E+08    0.3804089100E+00    0.5401066562E+00
    0.9900000000E+08    0.3819952778E+00    0.5420257243E+00
    0.1000000000E+08    0.2748122830E+00    0.4307165274E+00
    0.3000000000E+08    0.3088840901E+00    0.4601754776E+00
    0.5000000000E+08    0.3349468952E+00    0.4875743665E+00
    0.7000000000E+08    0.3564575761E+00    0.5118100665E+00
    0.9000000000E+08    0.3746686173E+00    0.5332084259E+00
    0.1100000000E+09    0.3903239390E+00    0.5521912048E+00
    0.1300000000E+09    0.4039346004E+00    0.5691330582E+00
    0.1500000000E+09    0.4158751939E+00    0.5843456676E+00
    0.1700000000E+09    0.4264306264E+00    0.5980844642E+00
    0.1900000000E+09    0.4358230421E+00    0.6105586698E+00
    0.2100000000E+09    0.4442288928E+00    0.6219404351E+00
    0.2300000000E+09    0.4517904304E+00    0.6323723153E+00
    0.2500000000E+09    0.4586237646E+00    0.6419731817E+00
    0.2700000000E+09    0.4648246824E+00    0.6508428518E+00
    0.2900000000E+09    0.4704729468E+00    0.6590657118E+00
    0.3100000000E+09    0.4756355329E+00    0.6667135642E+00
    0.3300000000E+09    0.4803691007E+00    0.6738478773E+00
    0.3500000000E+09    0.4847219106E+00    0.6805215748E+00
    0.3700000000E+09    0.4887353250E+00    0.6867804693E+00
    0.3900000000E+09    0.4924449970E+00    0.6926644183E+00
    0.4100000000E+09    0.4958818209E+00    0.6982082632E+00
    0.4300000000E+09    0.4990726983E+00    0.7034425960E+00
    0.4500000000E+09    0.5020411609E+00    0.7083943903E+00
    0.4700000000E+09    0.5048078797E+00    0.7130875230E+00
    0.4900000000E+09    0.5073910851E+00    0.7175432085E+00
    0.5100000000E+09    0.5098069149E+00    0.7217803616E+00
    0.5300000000E+09    0.5120697042E+00    0.7258159027E+00
    0.5500000000E+09    0.5141922291E+00    0.7296650155E+00
    0.5700000000E+09    0.5161859114E+00    0.7333413657E+00
    0.5900000000E+09    0.5180609921E+00    0.7368572878E+00
    0.6100000000E+09    0.5198266791E+00    0.7402239438E+00
    0.6300000000E+09    0.5214912734E+00    0.7434514611E+00
    0.6500000000E+09    0.5230622768E+00    0.7465490502E+00
    0.6700000000E+09    0.5245464853E+00    0.7495251075E+00
    0.6900000000E+09    0.5259500694E+00    0.7523873033E+00
    0.7100000000E+09    0.5272786436E+00    0.7551426604E+00
    0.7300000000E+09    0.5285373273E+00    0.7577976208E+00
    0.7500000000E+09    0.5297307974E+00    0.7603581054E+00
    0.7700000000E+09    0.5308633347E+00    0.7628295665E+00
    0.7900000000E+09    0.5319388647E+00    0.7652170332E+00
    0.8100000000E+09    0.5329609930E+00    0.7675251525E+00
    0.8300000000E+09    0.5339330371E+00    0.7697582250E+00
    0.8500000000E+09    0.5348580540E+00    0.7719202374E+00
    0.8700000000E+09    0.5357388654E+00    0.7740148905E+00
    0.8900000000E+09    0.5365780793E+00    0.7760456249E+00
    0.9100000000E+09    0.5373781095E+00    0.7780156438E+00
    0.9300000000E+09    0.5381411936E+00    0.7799279332E+00
    0.9500000000E+09    0.5388694081E+00    0.7817852802E+00
    0.9700000000E+09    0.5395646826E+00    0.7835902900E+00
    0.9900000000E+09    0.5402288125E+00    0.7853453999E+00
    0.1000000000E+09    0.3827798407E+00    0.5429768577E+00
