     Pressure (Pa)     C7-500 (mol/kg)        3mC6-500 (mol/kg)
    0.1000000000E+01    0.1439042905E-04    0.9963887631E-04
    0.3000000000E+01    0.4315668826E-04    0.2988136932E-03
    0.5000000000E+01    0.7190349888E-04    0.4978513803E-03
    0.7000000000E+01    0.1006308808E-03    0.6967520791E-03
    0.9000000000E+01    0.1293388541E-03    0.8955159308E-03
    0.1100000000E+02    0.1580274384E-03    0.1094143076E-02
    0.1300000000E+02    0.1866966537E-03    0.1292633656E-02
    0.1500000000E+02    0.2153465198E-03    0.1490987811E-02
    0.1700000000E+02    0.2439770565E-03    0.1689205682E-02
    0.1900000000E+02    0.2725882835E-03    0.1887287408E-02
    0.2100000000E+02    0.3011802206E-03    0.2085233130E-02
    0.2300000000E+02    0.3297528875E-03    0.2283042988E-02
    0.2500000000E+02    0.3583063039E-03    0.2480717121E-02
    0.2700000000E+02    0.3868404894E-03    0.2678255669E-02
    0.2900000000E+02    0.4153554637E-03    0.2875658770E-02
    0.3100000000E+02    0.4438512463E-03    0.3072926565E-02
    0.3300000000E+02    0.4723278569E-03    0.3270059191E-02
    0.3500000000E+02    0.5007853151E-03    0.3467056788E-02
    0.3700000000E+02    0.5292236402E-03    0.3663919493E-02
    0.3900000000E+02    0.5576428518E-03    0.3860647446E-02
    0.4100000000E+02    0.5860429695E-03    0.4057240785E-02
    0.4300000000E+02    0.6144240126E-03    0.4253699646E-02
    0.4500000000E+02    0.6427860005E-03    0.4450024169E-02
    0.4700000000E+02    0.6711289527E-03    0.4646214490E-02
    0.4900000000E+02    0.6994528885E-03    0.4842270747E-02
    0.5100000000E+02    0.7277578273E-03    0.5038193077E-02
    0.5300000000E+02    0.7560437883E-03    0.5233981617E-02
    0.5500000000E+02    0.7843107909E-03    0.5429636504E-02
    0.5700000000E+02    0.8125588542E-03    0.5625157875E-02
    0.5900000000E+02    0.8407879976E-03    0.5820545865E-02
    0.6100000000E+02    0.8689982403E-03    0.6015800612E-02
    0.6300000000E+02    0.8971896014E-03    0.6210922250E-02
    0.6500000000E+02    0.9253621001E-03    0.6405910917E-02
    0.6700000000E+02    0.9535157555E-03    0.6600766747E-02
    0.6900000000E+02    0.9816505867E-03    0.6795489877E-02
    0.7100000000E+02    0.1009766613E-02    0.6990080441E-02
    0.7300000000E+02    0.1037863853E-02    0.7184538575E-02
    0.7500000000E+02    0.1065942326E-02    0.7378864413E-02
    0.7700000000E+02    0.1094002051E-02    0.7573058090E-02
    0.7900000000E+02    0.1122043047E-02    0.7767119742E-02
    0.8100000000E+02    0.1150065333E-02    0.7961049502E-02
    0.8300000000E+02    0.1178068928E-02    0.8154847504E-02
    0.8500000000E+02    0.1206053850E-02    0.8348513883E-02
    0.8700000000E+02    0.1234020119E-02    0.8542048773E-02
    0.8900000000E+02    0.1261967754E-02    0.8735452306E-02
    0.9100000000E+02    0.1289896772E-02    0.8928724617E-02
    0.9300000000E+02    0.1317807194E-02    0.9121865839E-02
    0.9500000000E+02    0.1345699038E-02    0.9314876105E-02
    0.9700000000E+02    0.1373572322E-02    0.9507755548E-02
    0.9900000000E+02    0.1401427065E-02    0.9700504300E-02
    0.1000000000E+02    0.1436855686E-03    0.9948465829E-03
    0.3000000000E+02    0.4296057527E-03    0.2974309572E-02
    0.5000000000E+02    0.7136077313E-03    0.4940248644E-02
    0.7000000000E+02    0.9957109492E-03    0.6892801721E-02
    0.9000000000E+02    0.1275934589E-02    0.8832104856E-02
    0.1100000000E+03    0.1554297574E-02    0.1075829227E-01
    0.1300000000E+03    0.1830818575E-02    0.1267149636E-01
    0.1500000000E+03    0.2105516012E-02    0.1457184778E-01
    0.1700000000E+03    0.2378408061E-02    0.1645947540E-01
    0.1900000000E+03    0.2649512656E-02    0.1833450641E-01
    0.2100000000E+03    0.2918847492E-02    0.2019706628E-01
    0.2300000000E+03    0.3186430032E-02    0.2204727883E-01
    0.2500000000E+03    0.3452277511E-02    0.2388526627E-01
    0.2700000000E+03    0.3716406935E-02    0.2571114916E-01
    0.2900000000E+03    0.3978835090E-02    0.2752504652E-01
    0.3100000000E+03    0.4239578543E-02    0.2932707580E-01
    0.3300000000E+03    0.4498653645E-02    0.3111735290E-01
    0.3500000000E+03    0.4756076536E-02    0.3289599225E-01
    0.3700000000E+03    0.5011863149E-02    0.3466310679E-01
    0.3900000000E+03    0.5266029211E-02    0.3641880800E-01
    0.4100000000E+03    0.5518590249E-02    0.3816320591E-01
    0.4300000000E+03    0.5769561589E-02    0.3989640918E-01
    0.4500000000E+03    0.6018958365E-02    0.4161852505E-01
    0.4700000000E+03    0.6266795517E-02    0.4332965940E-01
    0.4900000000E+03    0.6513087797E-02    0.4502991679E-01
    0.5100000000E+03    0.6757849770E-02    0.4671940042E-01
    0.5300000000E+03    0.7001095819E-02    0.4839821221E-01
    0.5500000000E+03    0.7242840147E-02    0.5006645282E-01
    0.5700000000E+03    0.7483096779E-02    0.5172422160E-01
    0.5900000000E+03    0.7721879565E-02    0.5337161669E-01
    0.6100000000E+03    0.7959202183E-02    0.5500873502E-01
    0.6300000000E+03    0.8195078144E-02    0.5663567229E-01
    0.6500000000E+03    0.8429520790E-02    0.5825252302E-01
    0.6700000000E+03    0.8662543299E-02    0.5985938057E-01
    0.6900000000E+03    0.8894158690E-02    0.6145633717E-01
    0.7100000000E+03    0.9124379819E-02    0.6304348388E-01
    0.7300000000E+03    0.9353219389E-02    0.6462091068E-01
    0.7500000000E+03    0.9580689946E-02    0.6618870644E-01
    0.7700000000E+03    0.9806803887E-02    0.6774695894E-01
    0.7900000000E+03    0.1003157346E-01    0.6929575493E-01
    0.8100000000E+03    0.1025501075E-01    0.7083518008E-01
    0.8300000000E+03    0.1047712773E-01    0.7236531903E-01
    0.8500000000E+03    0.1069793619E-01    0.7388625543E-01
    0.8700000000E+03    0.1091744782E-01    0.7539807190E-01
    0.8900000000E+03    0.1113567414E-01    0.7690085010E-01
    0.9100000000E+03    0.1135262654E-01    0.7839467070E-01
    0.9300000000E+03    0.1156831628E-01    0.7987961341E-01
    0.9500000000E+03    0.1178275449E-01    0.8135575702E-01
    0.9700000000E+03    0.1199595217E-01    0.8282317936E-01
    0.9900000000E+03    0.1220792018E-01    0.8428195738E-01
    0.1000000000E+03    0.1415347490E-02    0.9796829709E-02
    0.3000000000E+03    0.4109416377E-02    0.2842753739E-01
    0.5000000000E+03    0.6635659168E-02    0.4587599892E-01
    0.7000000000E+03    0.9009442740E-02    0.6225113111E-01
    0.9000000000E+03    0.1124430887E-01    0.7764887510E-01
    0.1100000000E+04    0.1335223764E-01    0.9215407248E-01
    0.1300000000E+04    0.1534386649E-01    0.1058420251E+00
    0.1500000000E+04    0.1722867335E-01    0.1187797992E+00
    0.1700000000E+04    0.1901513064E-01    0.1310273208E+00
    0.1900000000E+04    0.2071083528E-01    0.1426383014E+00
    0.2100000000E+04    0.2232261909E-01    0.1536610232E+00
    0.2300000000E+04    0.2385664284E-01    0.1641390078E+00
    0.2500000000E+04    0.2531847675E-01    0.1741115888E+00
    0.2700000000E+04    0.2671316971E-01    0.1836144038E+00
    0.2900000000E+04    0.2804530896E-01    0.1926798183E+00
    0.3100000000E+04    0.2931907171E-01    0.2013372926E+00
    0.3300000000E+04    0.3053827003E-01    0.2096137012E+00
    0.3500000000E+04    0.3170638996E-01    0.2175336094E+00
    0.3700000000E+04    0.3282662569E-01    0.2251195169E+00
    0.3900000000E+04    0.3390190947E-01    0.2323920699E+00
    0.4100000000E+04    0.3493493804E-01    0.2393702483E+00
    0.4300000000E+04    0.3592819577E-01    0.2460715303E+00
    0.4500000000E+04    0.3688397524E-01    0.2525120382E+00
    0.4700000000E+04    0.3780439543E-01    0.2587066671E+00
    0.4900000000E+04    0.3869141783E-01    0.2646691996E+00
    0.5100000000E+04    0.3954686087E-01    0.2704124077E+00
    0.5300000000E+04    0.4037241275E-01    0.2759481439E+00
    0.5500000000E+04    0.4116964288E-01    0.2812874222E+00
    0.5700000000E+04    0.4194001220E-01    0.2864404910E+00
    0.5900000000E+04    0.4268488240E-01    0.2914168987E+00
    0.6100000000E+04    0.4340552420E-01    0.2962255521E+00
    0.6300000000E+04    0.4410312489E-01    0.3008747697E+00
    0.6500000000E+04    0.4477879502E-01    0.3053723292E+00
    0.6700000000E+04    0.4543357454E-01    0.3097255111E+00
    0.6900000000E+04    0.4606843834E-01    0.3139411374E+00
    0.7100000000E+04    0.4668430127E-01    0.3180256071E+00
    0.7300000000E+04    0.4728202269E-01    0.3219849291E+00
    0.7500000000E+04    0.4786241062E-01    0.3258247506E+00
    0.7700000000E+04    0.4842622553E-01    0.3295503846E+00
    0.7900000000E+04    0.4897418382E-01    0.3331668339E+00
    0.8100000000E+04    0.4950696094E-01    0.3366788134E+00
    0.8300000000E+04    0.5002519427E-01    0.3400907709E+00
    0.8500000000E+04    0.5052948584E-01    0.3434069051E+00
    0.8700000000E+04    0.5102040467E-01    0.3466311833E+00
    0.8900000000E+04    0.5149848906E-01    0.3497673570E+00
    0.9100000000E+04    0.5196424862E-01    0.3528189763E+00
    0.9300000000E+04    0.5241816617E-01    0.3557894032E+00
    0.9500000000E+04    0.5286069947E-01    0.3586818240E+00
    0.9700000000E+04    0.5329228284E-01    0.3614992606E+00
    0.9900000000E+04    0.5371332864E-01    0.3642445809E+00
    0.1000000000E+04    0.1231344642E-01    0.8500812856E-01
    0.3000000000E+04    0.2868924107E-01    0.1970578111E+00
    0.5000000000E+04    0.3912297835E-01    0.2675674579E+00
    0.7000000000E+04    0.4637868996E-01    0.3159993825E+00
    0.9000000000E+04    0.5173287866E-01    0.3513035215E+00
    0.1100000000E+05    0.5585729848E-01    0.3781699572E+00
    0.1300000000E+05    0.5913953227E-01    0.3992934661E+00
    0.1500000000E+05    0.6181908685E-01    0.4163323960E+00
    0.1700000000E+05    0.6405205947E-01    0.4303631154E+00
    0.1900000000E+05    0.6594461051E-01    0.4421146505E+00
    0.2100000000E+05    0.6757149909E-01    0.4520982897E+00
    0.2300000000E+05    0.6898692399E-01    0.4606831952E+00
    0.2500000000E+05    0.7023115771E-01    0.4681425583E+00
    0.2700000000E+05    0.7133476389E-01    0.4746828691E+00
    0.2900000000E+05    0.7232136718E-01    0.4804630913E+00
    0.3100000000E+05    0.7320952438E-01    0.4856075847E+00
    0.3300000000E+05    0.7401401993E-01    0.4902150290E+00
    0.3500000000E+05    0.7474678250E-01    0.4943647229E+00
    0.3700000000E+05    0.7541754608E-01    0.4981211160E+00
    0.3900000000E+05    0.7603433520E-01    0.5015371268E+00
    0.4100000000E+05    0.7660382643E-01    0.5046566085E+00
    0.4300000000E+05    0.7713162169E-01    0.5075162094E+00
    0.4500000000E+05    0.7762245746E-01    0.5101467923E+00
    0.4700000000E+05    0.7808036672E-01    0.5125745322E+00
    0.4900000000E+05    0.7850880585E-01    0.5148217726E+00
    0.5100000000E+05    0.7891075477E-01    0.5169077012E+00
    0.5300000000E+05    0.7928879701E-01    0.5188488872E+00
    0.5500000000E+05    0.7964518394E-01    0.5206597130E+00
    0.5700000000E+05    0.7998188694E-01    0.5223527231E+00
    0.5900000000E+05    0.8030063999E-01    0.5239389076E+00
    0.6100000000E+05    0.8060297467E-01    0.5254279360E+00
    0.6300000000E+05    0.8089024911E-01    0.5268283495E+00
    0.6500000000E+05    0.8116367210E-01    0.5281477202E+00
    0.6700000000E+05    0.8142432328E-01    0.5293927850E+00
    0.6900000000E+05    0.8167317009E-01    0.5305695573E+00
    0.7100000000E+05    0.8191108213E-01    0.5316834213E+00
    0.7300000000E+05    0.8213884338E-01    0.5327392123E+00
    0.7500000000E+05    0.8235716255E-01    0.5337412848E+00
    0.7700000000E+05    0.8256668204E-01    0.5346935705E+00
    0.7900000000E+05    0.8276798561E-01    0.5355996284E+00
    0.8100000000E+05    0.8296160497E-01    0.5364626878E+00
    0.8300000000E+05    0.8314802554E-01    0.5372856858E+00
    0.8500000000E+05    0.8332769145E-01    0.5380712992E+00
    0.8700000000E+05    0.8350100988E-01    0.5388219729E+00
    0.8900000000E+05    0.8366835490E-01    0.5395399442E+00
    0.9100000000E+05    0.8383007076E-01    0.5402272646E+00
    0.9300000000E+05    0.8398647491E-01    0.5408858185E+00
    0.9500000000E+05    0.8413786054E-01    0.5415173398E+00
    0.9700000000E+05    0.8428449891E-01    0.5421234267E+00
    0.9900000000E+05    0.8442664140E-01    0.5427055547E+00
    0.1000000000E+05    0.5392002316E-01    0.3655910539E+00
    0.3000000000E+05    0.7277675133E-01    0.4831081189E+00
    0.5000000000E+05    0.7871292164E-01    0.5158838094E+00
    0.7000000000E+05    0.8179344208E-01    0.5311340386E+00
    0.9000000000E+05    0.8374989604E-01    0.5398873142E+00
    0.1100000000E+06    0.8513770819E-01    0.5455351873E+00
    0.1300000000E+06    0.8619312226E-01    0.5494638554E+00
    0.1500000000E+06    0.8703493295E-01    0.5523441336E+00
    0.1700000000E+06    0.8772996754E-01    0.5545396074E+00
    0.1900000000E+06    0.8831898369E-01    0.5562641422E+00
    0.2100000000E+06    0.8882840632E-01    0.5576515850E+00
    0.2300000000E+06    0.8927620852E-01    0.5587898847E+00
    0.2500000000E+06    0.8967509558E-01    0.5597391489E+00
    0.2700000000E+06    0.9003433838E-01    0.5605418110E+00
    0.2900000000E+06    0.9036088384E-01    0.5612286535E+00
    0.3100000000E+06    0.9066005611E-01    0.5618225300E+00
    0.3300000000E+06    0.9093601548E-01    0.5623407497E+00
    0.3500000000E+06    0.9119206799E-01    0.5627966526E+00
    0.3700000000E+06    0.9143087985E-01    0.5632006774E+00
    0.3900000000E+06    0.9165462949E-01    0.5635611043E+00
    0.4100000000E+06    0.9186511751E-01    0.5638845808E+00
    0.4300000000E+06    0.9206384776E-01    0.5641765018E+00
    0.4500000000E+06    0.9225208803E-01    0.5644412886E+00
    0.4700000000E+06    0.9243091615E-01    0.5646825968E+00
    0.4900000000E+06    0.9260125556E-01    0.5649034737E+00
    0.5100000000E+06    0.9276390294E-01    0.5651064778E+00
    0.5300000000E+06    0.9291955008E-01    0.5652937726E+00
    0.5500000000E+06    0.9306880121E-01    0.5654671984E+00
    0.5700000000E+06    0.9321218701E-01    0.5656283297E+00
    0.5900000000E+06    0.9335017587E-01    0.5657785214E+00
    0.6100000000E+06    0.9348318317E-01    0.5659189446E+00
    0.6300000000E+06    0.9361157886E-01    0.5660506164E+00
    0.6500000000E+06    0.9373569378E-01    0.5661744243E+00
    0.6700000000E+06    0.9385582495E-01    0.5662911455E+00
    0.6900000000E+06    0.9397223989E-01    0.5664014634E+00
    0.7100000000E+06    0.9408518045E-01    0.5665059808E+00
    0.7300000000E+06    0.9419486589E-01    0.5666052318E+00
    0.7500000000E+06    0.9430149560E-01    0.5666996903E+00
    0.7700000000E+06    0.9440525141E-01    0.5667897787E+00
    0.7900000000E+06    0.9450629958E-01    0.5668758745E+00
    0.8100000000E+06    0.9460479247E-01    0.5669583154E+00
    0.8300000000E+06    0.9470087008E-01    0.5670374051E+00
    0.8500000000E+06    0.9479466133E-01    0.5671134167E+00
    0.8700000000E+06    0.9488628516E-01    0.5671865969E+00
    0.8900000000E+06    0.9497585154E-01    0.5672571685E+00
    0.9100000000E+06    0.9506346237E-01    0.5673253334E+00
    0.9300000000E+06    0.9514921220E-01    0.5673912751E+00
    0.9500000000E+06    0.9523318895E-01    0.5674551605E+00
    0.9700000000E+06    0.9531547448E-01    0.5675171415E+00
    0.9900000000E+06    0.9539614516E-01    0.5675773570E+00
    0.1000000000E+06    0.8449610026E-01    0.5429880644E+00
    0.3000000000E+06    0.9051360852E-01    0.5615360222E+00
    0.5000000000E+06    0.9268349528E-01    0.5650070663E+00
    0.7000000000E+06    0.9402913027E-01    0.5664544123E+00
    0.9000000000E+06    0.9501989533E-01    0.5672915399E+00
    0.1100000000E+07    0.9581393825E-01    0.5678821527E+00
    0.1300000000E+07    0.9648313285E-01    0.5683569404E+00
    0.1500000000E+07    0.9706608006E-01    0.5687724418E+00
    0.1700000000E+07    0.9758587176E-01    0.5691561871E+00
    0.1900000000E+07    0.9805740866E-01    0.5695227070E+00
    0.2100000000E+07    0.9849086157E-01    0.5698801171E+00
    0.2300000000E+07    0.9889348066E-01    0.5702331331E+00
    0.2500000000E+07    0.9927061576E-01    0.5705845671E+00
    0.2700000000E+07    0.9962632709E-01    0.5709361193E+00
    0.2900000000E+07    0.9996376900E-01    0.5712888183E+00
    0.3100000000E+07    0.1002854409E+00    0.5716432765E+00
    0.3300000000E+07    0.1005933569E+00    0.5719998436E+00
    0.3500000000E+07    0.1008891641E+00    0.5723587008E+00
    0.3700000000E+07    0.1011742263E+00    0.5727199206E+00
    0.3900000000E+07    0.1014496861E+00    0.5730835055E+00
    0.4100000000E+07    0.1017165099E+00    0.5734494130E+00
    0.4300000000E+07    0.1019755225E+00    0.5738175722E+00
    0.4500000000E+07    0.1022274335E+00    0.5741878950E+00
    0.4700000000E+07    0.1024728581E+00    0.5745602834E+00
    0.4900000000E+07    0.1027123328E+00    0.5749346349E+00
    0.5100000000E+07    0.1029463284E+00    0.5753108453E+00
    0.5300000000E+07    0.1031752605E+00    0.5756888116E+00
    0.5500000000E+07    0.1033994976E+00    0.5760684329E+00
    0.5700000000E+07    0.1036193681E+00    0.5764496117E+00
    0.5900000000E+07    0.1038351660E+00    0.5768322543E+00
    0.6100000000E+07    0.1040471552E+00    0.5772162710E+00
    0.6300000000E+07    0.1042555740E+00    0.5776015766E+00
    0.6500000000E+07    0.1044606380E+00    0.5779880899E+00
    0.6700000000E+07    0.1046625428E+00    0.5783757341E+00
    0.6900000000E+07    0.1048614666E+00    0.5787644365E+00
    0.7100000000E+07    0.1050575724E+00    0.5791541281E+00
    0.7300000000E+07    0.1052510093E+00    0.5795447438E+00
    0.7500000000E+07    0.1054419141E+00    0.5799362221E+00
    0.7700000000E+07    0.1056304128E+00    0.5803285047E+00
    0.7900000000E+07    0.1058166218E+00    0.5807215367E+00
    0.8100000000E+07    0.1060006484E+00    0.5811152660E+00
    0.8300000000E+07    0.1061825923E+00    0.5815096433E+00
    0.8500000000E+07    0.1063625458E+00    0.5819046222E+00
    0.8700000000E+07    0.1065405949E+00    0.5823001586E+00
    0.8900000000E+07    0.1067168196E+00    0.5826962106E+00
    0.9100000000E+07    0.1068912946E+00    0.5830927388E+00
    0.9300000000E+07    0.1070640897E+00    0.5834897056E+00
    0.9500000000E+07    0.1072352702E+00    0.5838870755E+00
    0.9700000000E+07    0.1074048973E+00    0.5842848148E+00
    0.9900000000E+07    0.1075730287E+00    0.5846828913E+00
    0.1000000000E+07    0.9543589741E-01    0.5676068427E+00
    0.3000000000E+07    0.1001264405E+00    0.5714658008E+00
    0.5000000000E+07    0.1028299883E+00    0.5751225142E+00
    0.7000000000E+07    0.1049598622E+00    0.5789591628E+00
    0.9000000000E+07    0.1068042713E+00    0.5828944176E+00
    0.1100000000E+08    0.1084732761E+00    0.5868770527E+00
    0.1300000000E+08    0.1100209939E+00    0.5908769890E+00
    0.1500000000E+08    0.1114781810E+00    0.5948757000E+00
    0.1700000000E+08    0.1128640700E+00    0.5988612239E+00
    0.1900000000E+08    0.1141915403E+00    0.6028255494E+00
    0.2100000000E+08    0.1154696759E+00    0.6067631667E+00
    0.2300000000E+08    0.1167051503E+00    0.6106702190E+00
    0.2500000000E+08    0.1179030316E+00    0.6145439816E+00
    0.2700000000E+08    0.1190672753E+00    0.6183825273E+00
    0.2900000000E+08    0.1202010418E+00    0.6221845047E+00
    0.3100000000E+08    0.1213069061E+00    0.6259489874E+00
    0.3300000000E+08    0.1223870035E+00    0.6296753664E+00
    0.3500000000E+08    0.1234431313E+00    0.6333632749E+00
    0.3700000000E+08    0.1244768227E+00    0.6370125316E+00
    0.3900000000E+08    0.1254894014E+00    0.6406230997E+00
    0.4100000000E+08    0.1264820222E+00    0.6441950547E+00
    0.4300000000E+08    0.1274557023E+00    0.6477285611E+00
    0.4500000000E+08    0.1284113455E+00    0.6512238530E+00
    0.4700000000E+08    0.1293497607E+00    0.6546812201E+00
    0.4900000000E+08    0.1302716776E+00    0.6581009953E+00
    0.5100000000E+08    0.1311777580E+00    0.6614835464E+00
    0.5300000000E+08    0.1320686059E+00    0.6648292678E+00
    0.5500000000E+08    0.1329447757E+00    0.6681385751E+00
    0.5700000000E+08    0.1338067781E+00    0.6714118999E+00
    0.5900000000E+08    0.1346550863E+00    0.6746496860E+00
    0.6100000000E+08    0.1354901399E+00    0.6778523857E+00
    0.6300000000E+08    0.1363123494E+00    0.6810204578E+00
    0.6500000000E+08    0.1371220988E+00    0.6841543647E+00
    0.6700000000E+08    0.1379197490E+00    0.6872545709E+00
    0.6900000000E+08    0.1387056397E+00    0.6903215413E+00
    0.7100000000E+08    0.1394800917E+00    0.6933557402E+00
    0.7300000000E+08    0.1402434087E+00    0.6963576297E+00
    0.7500000000E+08    0.1409958788E+00    0.6993276696E+00
    0.7700000000E+08    0.1417377758E+00    0.7022663158E+00
    0.7900000000E+08    0.1424693605E+00    0.7051740205E+00
    0.8100000000E+08    0.1431908819E+00    0.7080512309E+00
    0.8300000000E+08    0.1439025777E+00    0.7108983897E+00
    0.8500000000E+08    0.1446046754E+00    0.7137159339E+00
    0.8700000000E+08    0.1452973933E+00    0.7165042953E+00
    0.8900000000E+08    0.1459809408E+00    0.7192638996E+00
    0.9100000000E+08    0.1466555189E+00    0.7219951666E+00
    0.9300000000E+08    0.1473213211E+00    0.7246985102E+00
    0.9500000000E+08    0.1479785340E+00    0.7273743381E+00
    0.9700000000E+08    0.1486273369E+00    0.7300230516E+00
    0.9900000000E+08    0.1492679034E+00    0.7326450460E+00
    0.1000000000E+08    0.1076565504E+00    0.5848820464E+00
    0.3000000000E+08    0.1207573193E+00    0.6240714774E+00
    0.5000000000E+08    0.1307266583E+00    0.6597968998E+00
    0.7000000000E+08    0.1390942761E+00    0.6918427082E+00
    0.9000000000E+08    0.1463193387E+00    0.7206330492E+00
    0.1100000000E+09    0.1526509995E+00    0.7466054747E+00
    0.1300000000E+09    0.1582550526E+00    0.7701426843E+00
    0.1500000000E+09    0.1632526070E+00    0.7915682784E+00
    0.1700000000E+09    0.1677366992E+00    0.8111539635E+00
    0.1900000000E+09    0.1717810507E+00    0.8291281320E+00
    0.2100000000E+09    0.1754453278E+00    0.8456835483E+00
    0.2300000000E+09    0.1787785821E+00    0.8609837438E+00
    0.2500000000E+09    0.1818216379E+00    0.8751682080E+00
    0.2700000000E+09    0.1846088158E+00    0.8883565711E+00
    0.2900000000E+09    0.1871692165E+00    0.9006519733E+00
    0.3100000000E+09    0.1895276980E+00    0.9121437864E+00
    0.3300000000E+09    0.1917056344E+00    0.9229098228E+00
    0.3500000000E+09    0.1937215119E+00    0.9330181384E+00
    0.3700000000E+09    0.1955914047E+00    0.9425285101E+00
    0.3900000000E+09    0.1973293580E+00    0.9514936554E+00
    0.4100000000E+09    0.1989476987E+00    0.9599602436E+00
    0.4300000000E+09    0.2004572909E+00    0.9679697385E+00
    0.4500000000E+09    0.2018677463E+00    0.9755591047E+00
    0.4700000000E+09    0.2031875992E+00    0.9827614021E+00
    0.4900000000E+09    0.2044244526E+00    0.9896062887E+00
    0.5100000000E+09    0.2055851016E+00    0.9961204477E+00
    0.5300000000E+09    0.2066756369E+00    0.1002327952E+01
    0.5500000000E+09    0.2077015335E+00    0.1008250577E+01
    0.5700000000E+09    0.2086677259E+00    0.1013908068E+01
    0.5900000000E+09    0.2095786725E+00    0.1019318372E+01
    0.6100000000E+09    0.2104384114E+00    0.1024497839E+01
    0.6300000000E+09    0.2112506082E+00    0.1029461396E+01
    0.6500000000E+09    0.2120185974E+00    0.1034222699E+01
    0.6700000000E+09    0.2127454190E+00    0.1038794266E+01
    0.6900000000E+09    0.2134338493E+00    0.1043187592E+01
    0.7100000000E+09    0.2140864292E+00    0.1047413256E+01
    0.7300000000E+09    0.2147054878E+00    0.1051481005E+01
    0.7500000000E+09    0.2152931642E+00    0.1055399838E+01
    0.7700000000E+09    0.2158514259E+00    0.1059178078E+01
    0.7900000000E+09    0.2163820854E+00    0.1062823430E+01
    0.8100000000E+09    0.2168868153E+00    0.1066343042E+01
    0.8300000000E+09    0.2173671609E+00    0.1069743552E+01
    0.8500000000E+09    0.2178245524E+00    0.1073031134E+01
    0.8700000000E+09    0.2182603147E+00    0.1076211537E+01
    0.8900000000E+09    0.2186756773E+00    0.1079290124E+01
    0.9100000000E+09    0.2190717821E+00    0.1082271900E+01
    0.9300000000E+09    0.2194496914E+00    0.1085161543E+01
    0.9500000000E+09    0.2198103942E+00    0.1087963433E+01
    0.9700000000E+09    0.2201548126E+00    0.1090681671E+01
    0.9900000000E+09    0.2204838069E+00    0.1093320104E+01
    0.1000000000E+09    0.1495851505E+00    0.7339461452E+00
